0.2496
0.02496
0.0672
0.08448
0.1056
0.1056
0.1056
0.1056
0.1056
0.1056
0.1056
0.1056
0.1056
0.1056
0.1056
0.1056
0.1056
0.1056
0.1056
0.1056
0.1056
0.1056
0.1056
0.1056
0.1056
0.1056
0.1056
0.1056
0.1056
0.1056
0.1056
0.1056
0.1056
0.1056
0.1056
0.1056
0.1056
0.1056
0.1056
0.1056
0.1056
0.1056
0.1056
0.1056
0.1056
0.1056
0.1056
0.1056
0.1056
0.1056
0.1056
0.1056
0.1056
0.1056
0.1056
0.1056
0.1056
0.1056
0.1056
0.1056
0.1056
0.1056
0.1056
0.1056
0.1056
0.1056
0.1056
0.1056
0.1056
0.1056
0.1056
0.1056
0.1056
0.1056
0.1056
0.1056
0.1056
0.1056
0.1056
0.1056
0.1056
0.1056
0.1056
0.1056
0.1056
0.1056
0.1056
0.1056
0.1056
0.1056
0.1056
0.1056
0.1056
0.1056
0.1056
0.1056
0.1056
0.1056
0.1056
0.1056
0.1056
0.1056
