0.37100226
0.37100226
0.37100226
0.41104883
0.41104883
0.41104883
0.41104883
0.43894482
0.43894482
0.43894482
0.43894482
0.43894482
0.44310775
0.44310775
0.47530624
0.47530624
0.47530624
0.47530624
0.47530624
0.47530624
0.47530624
0.47530624
0.47530624
0.47530624
0.47530624
0.47530624
0.47530624
0.47530624
0.47530624
0.50389373
0.50389373
0.50389373
0.50389373
0.50389373
0.50389373
0.5111202
0.5111202
0.5111202
0.5111202
0.5111202
0.5111202
0.5111202
0.5111202
0.5111202
0.5111202
0.5111202
0.52385217
0.52385217
0.52385217
0.52385217
0.52385217
0.52385217
0.52385217
0.5262148
0.5262148
0.5262148
0.5262148
0.5262148
0.5262148
0.57001746
0.57001746
0.57001746
0.57001746
0.57001746
0.57001746
0.57001746
0.57001746
0.57001746
0.57001746
0.57001746
0.57001746
0.57001746
0.57001746
0.57001746
0.57001746
0.57001746
0.57001746
0.57001746
0.57001746
0.57001746
0.57001746
0.57001746
0.57001746
0.57001746
0.57001746
0.57001746
0.57001746
0.57001746
0.57001746
0.57001746
0.57001746
0.57001746
0.57001746
0.6047227
0.6047227
0.6047227
0.6047227
0.6047227
0.6047227
0.6047227
0.6047227
0.6047227
0.6047227
0.6047227
0.6047227
0.6047227
0.6047227
0.6047227
0.6047227
0.6047227
0.6047227
0.60692155
0.60692155
0.60692155
0.60692155
0.60692155
0.60692155
0.60692155
0.60692155
0.60692155
0.60692155
0.60692155
0.60692155
0.60692155
0.60692155
0.60692155
0.60692155
0.60692155
0.60692155
0.60692155
0.60692155
0.60692155
0.60692155
0.6074734
0.6074734
0.6074734
0.6074734
0.6074734
0.6074734
0.6074734
0.6074734
0.6074734
0.6074734
0.6074734
0.6074734
0.6074734
0.6074734
0.6074734
0.6074734
0.6074734
0.6074734
0.6074734
0.6074734
0.6074734
0.6074734
0.6074734
0.6074734
0.6443791
0.6443791
0.6443791
0.6443791
0.6443791
0.6443791
0.6443791
0.6443791
0.6443791
0.6443791
0.6443791
0.6443791
0.6443791
0.6443791
0.6443791
0.6443791
0.6443791
0.6443791
0.6443791
0.6443791
0.6443791
0.6443791
0.6443791
0.6443791
0.6443791
0.6443791
0.6443791
0.6443791
0.6443791
0.6443791
0.6443791
0.6443791
0.6443791
0.6443791
0.6443791
0.6443791
0.6443791
0.6443791
0.6443791
0.6443791
0.6443791
0.6443791
0.6443791
0.6443791
0.6443791
0.6443791
0.6443791
0.6443791
0.6443791
0.6443791
0.6443791
0.6443791
0.6443791
0.6443791
0.6443791
0.6443791
0.6443791
0.6443791
0.6443791
0.6443791
0.6443791
0.6443791
0.6443791
0.6443791
0.6443791
0.6443791
0.6443791
0.6443791
0.6443791
0.6443791
0.6443791
0.6443791
0.6443791
0.6443791
0.6443791
0.6443791
0.6443791
0.6443791
0.6443791
0.6443791
0.6443791
0.6443791
0.6443791
0.6443791
0.6443791
0.6443791
0.6443791
0.6443791
0.6443791
0.6443791
0.6443791
0.6443791
0.6443791
0.6443791
0.6443791
0.6443791
0.6443791
0.6443791
0.6443791
0.6443791
0.6443791
0.6443791
0.6443791
0.6443791
0.6443791
0.6443791
0.6443791
0.6443791
0.6443791
0.6443791
0.6443791
0.6443791
0.6443791
0.6443791
0.6443791
0.6443791
0.6443791
0.6443791
0.6443791
0.6443791
0.6443791
0.6443791
0.6443791
0.6443791
0.6443791
0.6443791
0.6443791
0.6443791
0.6443791
0.6443791
0.6443791
0.6443791
0.6443791
0.6443791
0.6443791
0.6443791
0.6443791
0.6443791
0.6443791
0.6443791
0.6443791
0.6443791
0.6443791
0.6443791
0.6443791
0.6443791
0.6443791
0.6443791
0.6443791
0.6443791
0.6443791
0.6443791
0.6443791
0.6443791
0.6443791
0.6443791
0.6443791
0.6450224
0.6450224
0.6450224
0.6450224
0.6450224
0.6450224
0.6450224
0.6450224
0.6450224
0.6450224
0.6450224
0.6450224
0.6450224
0.6450224
0.6450224
0.6450224
0.6450224
0.6450224
0.6450224
0.6450224
0.6450224
0.6450224
0.6450224
0.6450224
0.6450224
0.6450224
0.6450224
0.6450224
0.6450224
0.6450224
0.6450224
0.6450224
0.6450224
0.6450224
0.6450224
0.6450224
0.6450224
0.6450224
0.6450224
0.6450224
0.6450224
0.6450224
0.6450224
0.6450224
0.6450224
0.6450224
0.6450224
0.6450224
0.6450224
0.6450224
0.6450224
0.6450224
0.6450224
0.6450224
0.6450224
0.6450224
0.6450224
0.6450224
0.6450224
0.6450224
0.6450224
0.6450224
0.6450224
0.6450224
0.6450224
0.6450224
0.6450224
0.6450224
0.6450224
0.6450224
0.6450224
0.6450224
0.6450224
0.6450224
0.6450224
0.6450224
0.6450224
0.6450224
0.6450224
0.6450224
0.6450224
0.6450224
0.6450224
0.6450224
0.6450224
0.6450224
0.6450224
0.6450224
0.6450224
0.6450224
0.6450224
0.6450224
0.6450224
0.6450224
0.6450224
0.6450224
0.6450224
0.6450224
0.6450224
0.6450224
0.6450224
0.6450224
0.6450224
0.6450224
0.6450224
0.6450224
0.6450224
0.6450224
0.6450224
0.65125775
0.65125775
0.65125775
0.65125775
0.65125775
0.65125775
0.65125775
0.65125775
0.65125775
0.65125775
0.65125775
0.65125775
0.65125775
0.65125775
0.65125775
0.65125775
0.65125775
0.65125775
0.65125775
0.65125775
0.65125775
0.65125775
0.65125775
0.65125775
0.65125775
0.65125775
0.65125775
0.65125775
0.65125775
0.65125775
0.65125775
0.65125775
0.65125775
0.65125775
0.65125775
0.65125775
0.65125775
0.65125775
0.65125775
0.65125775
0.65125775
0.65125775
0.65125775
0.65125775
0.65125775
0.65125775
0.65125775
0.65125775
0.65125775
0.6648011
0.6648011
0.6648011
0.6648011
0.6648011
0.6648011
0.6648011
0.6648011
0.6648011
0.6648011
0.6648011
0.6648011
0.6648011
0.6648011
0.6648011
0.6648011
0.6648011
0.6648011
0.6648011
0.6648011
0.6648011
0.6648011
0.6648011
0.6648011
0.6648011
0.6648011
0.6648011
0.6648011
0.6648011
