1.5381355
0.07690678
0.16188335
0.2227776
0.23246889
0.27017358
0.26099366
0.28739578
0.29700255
0.27194402
0.32287276
0.27245662
0.34148175
0.33766168
0.35614026
0.3782103
0.30491987
0.34353146
0.39485884
0.3593271
0.3880021
0.36788398
0.38989955
0.41182628
0.3160519
0.40890193
0.39688194
0.41903657
0.4102555
0.40878385
0.40248966
0.43443328
0.39647597
0.38423628
0.39981812
0.42411035
0.3924553
0.42805037
0.40744996
0.4213039
0.42424518
0.44459087
0.36606783
0.3977671
0.41925114
0.40645283
0.41985053
0.44543403
0.45310387
0.44994617
0.4542858
0.47071415
0.39504793
0.44467133
0.40090513
0.43496686
0.4349781
0.47625932
0.42721978
0.50460064
0.4345765
0.46032172
0.4262975
0.492606
0.44612652
0.47872353
0.49685368
0.49197882
0.5066527
0.43795705
0.4902621
0.50287044
0.4917028
0.50063765
0.5143208
0.46847963
0.51713634
0.4788998
0.48230624
0.48740134
0.5159399
0.50110215
0.5212327
0.4616024
0.47563022
0.49091643
0.4790811
0.4981405
0.52186507
0.5303463
0.4884346
0.4866647
0.53053814
0.5121142
0.48952532
0.51346505
0.532231
0.48991004
0.5170717
0.50124735
0.54907656
0.46955442
0.5248553
0.4779412
0.4866646
0.49291068
0.54367894
0.48401102
0.5026837
0.54886705
0.48656112
0.50934136
0.52390295
0.5506925
0.5143729
0.5392578
0.5294118
0.55349493
0.48278442
0.52326065
0.5480129
0.5292904
0.5434592
0.53224695
0.5526613
0.55939883
0.39625096
0.4811573
0.4601254
0.488338
0.5148715
0.5231048
0.47866163
0.48652464
0.53726125
0.5571119
0.46385345
0.51568806
0.5273371
0.5308881
0.54145235
0.5354851
0.5414417
0.53965276
0.5633187
0.5198554
0.48090678
0.5156167
0.5060049
0.5319708
0.5149356
0.56054485
0.5437999
0.4843635
0.55881757
0.5310625
0.54630935
0.55805266
0.5565782
0.531366
0.55458736
0.5381623
0.5354171
0.56608975
0.5212189
0.54821354
0.51945835
0.55023885
0.55211115
0.55088484
0.53800714
0.55441254
0.551283
0.55077237
0.54790556
0.57289743
0.48895234
0.5061666
0.47893602
0.52639085
0.5405473
0.527717
0.5716775
0.4670369
0.5065065
0.51051927
0.51680964
0.5515721
0.5503119
0.54501474
0.5320443
0.5562255
0.5568352
0.5675161
0.5346676
0.57314014
0.5151239
0.49337378
0.5528946
0.56521124
0.5377106
0.57202876
0.5759615
0.5298233
0.5267081
0.57938296
0.47529155
0.5098113
0.49944443
0.4791194
0.4907914
0.5535251
0.46875286
0.5100283
0.52480215
0.5362876
0.48306146
0.52730936
0.5535023
0.5535427
0.5584906
0.55245054
0.5527857
0.5695275
0.49549645
0.5716221
0.5713465
0.56286585
0.5640568
0.56255734
0.5843352
0.53481585
0.55656636
0.557388
0.5480285
0.5845433
0.5544865
0.56247544
0.58915186
0.5237997
0.55756974
0.55230194
0.5593213
0.5887102
0.5886303
0.5751966
0.5962657
0.46445352
0.51447994
0.5423046
0.5165682
0.5710883
0.46722588
0.54843587
0.49855733
0.51697165
0.51462495
0.55126005
0.54081976
0.5384631
0.54216003
0.574309
0.545709
0.5645485
0.5417775
0.5740812
0.562438
0.5766717
0.5704547
0.59455836
0.53224427
0.56176007
0.57801235
0.55714285
0.56073564
0.5784396
0.55296147
0.5511042
0.57838446
0.5516726
0.5923476
0.570659
0.5329977
0.5817517
0.5810658
0.5667723
0.6009228
0.5446352
0.53704304
0.53583014
0.5600663
0.57414716
0.5440354
0.5480056
0.53327847
0.5637616
0.5772897
0.56936276
0.58458877
0.5804257
0.55420417
0.5605211
0.55977184
0.5878731
0.5817673
0.60386693
0.45361575
0.4974349
0.53257835
0.58556426
0.5027932
0.5383018
0.5327893
0.583571
0.5848571
0.5871282
0.5777179
0.57277024
0.5711714
0.5892189
0.58856547
0.6030882
0.4869687
0.50433105
0.57070494
0.5438031
0.6043503
0.56016433
0.5765893
0.6053473
0.51518244
0.5309722
0.5769433
0.57422197
0.6005045
0.5920689
0.58600837
0.5923103
0.6045004
0.5772172
0.57749933
0.6061287
0.58911383
0.59072685
0.5936233
0.5950898
0.6083354
0.5709648
0.58515793
0.5828782
0.5926092
0.5972913
0.5812599
0.57712245
0.57334363
0.58716476
0.5923068
0.6165955
0.46998996
0.48930192
0.48320755
0.5141083
0.51116216
0.5242069
0.56075084
0.5515564
0.56542945
0.49987116
0.5896927
0.5953351
0.5750544
0.61742663
0.5243082
0.54254377
0.5674124
0.5913655
0.57111967
0.60256976
0.5353917
0.50336415
0.56730235
0.5527085
0.5535344
0.57861996
0.5923351
0.60293067
0.619128
0.53239816
0.5420368
0.5940358
0.6019308
0.6171731
0.5993768
0.6024812
0.6288909
0.5388535
0.5273512
0.55657136
0.5652805
0.5847626
0.5676373
0.61628765
0.54602855
0.5650528
0.5933399
0.60187674
0.5816049
0.60866296
0.61078346
0.61104715
0.6305734
0.5827
0.576682
0.57607234
0.6194259
0.59407604
0.5885974
0.6046385
0.6276344
0.6021169
0.5957572
0.5865324
0.5982419
0.59318453
0.6179942
0.60275805
0.6179498
0.60784495
0.613931
0.61207664
0.5981366
0.62754166
0.62914604
0.6096848
0.6223943
0.6097241
0.5895978
0.605354
0.6146489
0.63121045
0.61830556
0.5912454
0.606119
0.61616147
0.6265811
0.61274576
0.61850244
0.60541713
0.6048822
0.61585975
0.6000459
0.5958522
0.6145657
0.60268104
0.6062646
0.5855772
0.60629404
0.60211873
0.5835362
0.62456
0.6100802
0.6318648
0.6208793
0.62449825
0.5956055
0.62822604
0.60589457
0.61380184
0.6297509
0.625519
0.63584745
0.473265
0.57937473
0.5550584
0.5829383
0.5792565
0.60758704
0.5430833
0.5479409
0.57808846
0.57609665
0.5912734
0.609128
0.6033804
0.6026083
0.6059539
0.57629865
0.5884684
0.5639988
0.5976042
0.5966494
0.594559
0.6263169
0.5640675
0.575185
0.52968025
0.5906357
0.6247924
0.59254587
0.6173572
0.62598974
0.62948835
0.6011609
0.58665663
0.6323255
0.60074073
0.6294941
0.60387087
0.60860586
0.6036479
0.60812294
0.61387575
0.6362866
0.6177405
0.58595043
0.58204186
0.57812476
0.5870974
0.5657538
0.5952405
0.6008376
0.63286126
0.5532929
0.578431
0.61395144
0.6189005
0.5670143
0.6191246
0.5828546
0.6032343
0.61466324
0.6068514
0.6035644
0.6263596
0.61229104
0.6302301
0.56747854
0.5645404
0.58442426
0.6090687
0.5945442
0.63101405
0.6380252
0.542949
0.49751768
0.5702825
0.57694256
0.5898794
0.5904051
0.5593699
0.58928615
0.5773706
0.6142169
0.5598453
0.53259385
0.6087851
0.6163608
0.5715308
0.5450747
0.5602118
0.619358
0.5993273
0.5930599
0.6019708
0.619944
0.6034301
0.62205535
0.63152146
0.5568496
0.57960147
0.6041411
0.59626144
0.58845943
0.608532
0.624514
0.5845723
0.62126297
0.6276949
0.61727893
0.6036426
0.60533917
0.60828227
0.62365997
0.58701193
0.6079051
0.6178447
0.611272
0.6201296
0.60483134
0.5835395
0.6253511
0.61780435
0.606495
0.61953926
0.6248595
0.63618654
0.566175
0.6112033
0.6160232
0.6187191
0.59694946
0.60734296
0.60517514
0.6236132
0.6293507
0.60813564
0.6338344
0.6206786
0.62660277
0.6294206
0.6014393
0.63753456
0.6201201
0.5841423
0.6228021
0.6329229
0.62776744
0.5971462
0.59877867
0.6254667
0.5795229
0.6252796
0.61291176
0.636219
0.6203795
0.63014096
0.6061788
0.6186619
0.6081685
0.6385168
0.59265506
0.60632896
0.6104808
0.5880853
0.6283587
0.6150135
0.5972253
0.621647
0.61295724
0.6012771
0.6309577
0.63363445
0.61616075
0.61526036
0.6123762
0.6360365
0.59853256
0.61878586
0.6134788
0.6355274
0.6305653
0.62728715
0.62137645
0.5911513
0.61897564
0.63380015
0.63177466
0.6398352
0.56018364
0.6012585
0.58598816
0.60237485
0.6247075
0.6021315
0.63102835
0.61645365
0.59942687
0.59404796
0.5949786
0.6148951
0.6302098
0.63067263
0.63688886
0.6201602
0.63972044
0.5968954
0.59337777
0.59129786
0.6175575
0.597654
0.6238314
0.632343
0.6399249
0.6206882
0.612903
0.6133392
0.641719
0.59388703
0.5804331
0.60458386
0.6259086
0.6071826
0.6161963
0.6165844
0.61955833
0.603297
0.6183114
0.62403023
0.6087147
0.6162344
0.6310295
0.64167124
0.62468547
0.6083522
0.5933042
0.62017506
0.615213
0.62277097
0.601524
0.62405545
0.6204444
0.6411029
0.6154948
0.6180912
0.59923756
0.6015046
0.5953988
0.6282342
0.5542428
0.6128083
0.62047416
0.5907895
0.5961839
0.61873275
0.6302738
0.62294734
0.5862767
0.61448365
0.58966863
0.63607395
0.5975338
0.6131935
0.60882795
0.5995862
0.60927975
0.6337771
0.5997971
0.62302583
0.61727446
0.613841
0.63396144
0.6217344
0.62239313
0.64095837
0.63079894
0.6397017
0.6311455
0.61754245
0.5998565
0.62723446
0.6327843
0.6256007
0.64271605
0.62386495
0.62939817
0.6110772
0.61339116
0.61537385
0.6059953
0.6312005
0.57777107
0.6352532
0.63854027
0.6164281
0.63426775
0.63095003
0.6288725
0.61876863
0.64212453
0.62608755
0.6368352
0.62385154
0.6057086
0.6338574
0.64572597
0.563069
0.52693605
0.5821062
0.54242903
0.59013844
0.5835475
0.541169
0.6226619
0.604795
0.6253018
0.6044653
0.6122131
0.6001564
0.6146871
0.60873514
0.58385545
0.609076
0.6176806
0.59984773
0.6072352
0.63057774
0.59223145
0.5813988
0.6129966
0.5661112
0.56526923
0.6234578
0.59334123
0.5963165
0.598319
0.62705165
0.6190712
0.61255205
0.6095495
0.6061667
0.5922354
0.58112025
0.6262
0.6347805
0.6097601
0.59986496
0.6153517
0.62395644
0.6430596
0.59524226
0.5818161
0.6092168
0.6074585
0.5859245
0.6144685
0.59761345
0.6097155
0.58848435
0.6359066
0.59733325
0.5974424
0.6230518
0.6287054
0.5992146
0.61094356
0.6005056
0.6121346
0.63228333
0.60170656
0.615305
0.60984564
0.6258118
0.626989
0.6084496
0.62361956
0.5799077
0.5882531
0.6067335
0.6320343
0.63243854
0.5917002
0.62926835
0.60351586
0.58673304
0.6247879
0.6415324
0.5728091
0.59221476
0.59569085
0.59693414
0.62585574
0.624004
0.60894245
0.59662724
0.6180178
0.6267017
0.6237508
0.62420875
0.6103569
0.6152297
0.6404084
0.59488
0.5971854
0.6348925
0.6277011
0.63548374
0.6184434
0.60775626
0.5906044
0.62953365
0.6447471
0.5974862
0.63040674
0.6332951
0.62675756
0.62727726
0.6336523
0.62171805
0.63326687
0.60098904
0.61737084
0.6153115
0.60585976
0.5933976
0.6120086
0.63388085
0.63556886
0.6499727
0.55928695
0.5444368
0.5619341
0.5933348
0.57427984
0.55889416
0.60006416
0.58517206
0.6211183
0.60489404
0.61131305
0.62207574
0.6378441
0.5870071
0.55718684
0.5488078
0.6026712
0.60962754
0.608601
0.62341964
0.57404244
0.6052341
0.5966526
0.56581527
0.62799424
0.5521744
0.59359705
0.58050066
0.61584246
0.578558
0.54325473
0.6061911
0.62332815
0.6118548
0.61432916
0.5994833
0.60218203
0.6347798
0.5944394
0.59839594
0.61886984
0.5843192
0.62384444
0.62453026
0.62534535
0.6437917
0.5594324
0.5525615
0.5797328
0.6042318
0.60303456
0.60841477
0.5711892
0.5948905
0.60421413
0.625395
0.6259683
0.59416515
0.6017966
0.6026515
0.6124378
0.6274385
0.6235037
0.60887605
0.5970443
0.61407757
0.56328046
0.64532256
0.5813704
0.5913919
0.5904917
0.60169196
0.59744155
0.63077486
0.6280899
0.5880357
0.6104413
0.6197706
0.61784655
0.60329384
0.62733704
0.6277412
0.6045426
0.64041233
0.63837004
0.60932404
0.6175626
0.6439114
0.63740647
0.60789627
0.63090295
0.63001716
0.64295584
0.62728584
0.64238805
0.6354225
0.6411591
0.64410675
0.6343578
0.6438102
0.6253378
0.6393245
0.6354672
0.6325096
