8.3158455
0.083158456
0.13233322
0.15118918
0.17791943
0.20405777
0.2186622
0.24311435
0.26586667
0.27536255
0.2870018
0.276039
0.3044053
0.3091371
0.32658482
0.33662173
0.34891865
0.34980702
0.36205915
0.36029962
0.3713053
0.3689822
0.37725273
0.37154815
0.3817567
0.37163982
0.3775294
0.3805785
0.38778523
0.3821049
0.3958831
0.34230876
0.37374124
0.3885698
0.3961903
0.41036665
0.38187826
0.3915185
0.40987763
0.41218734
0.4162047
0.40137103
0.4089909
0.4131318
0.4255554
0.3857704
0.41279423
0.41609398
0.4264144
0.42085212
0.42923123
0.43662974
0.40556377
0.42925563
0.44045198
0.42934453
0.4367473
0.43614525
0.4544907
0.41894504
0.44081172
0.44827858
0.44784966
0.4627825
0.44796765
0.46869683
0.4496632
0.45992047
0.47202006
0.4466012
0.46254307
0.4668397
0.47785312
0.44893342
0.4644719
0.47207263
0.47586578
0.48029464
0.47355384
0.48013443
0.48386303
0.48085308
0.48783287
0.46906766
0.48538443
0.48854655
0.48736572
0.4904916
0.49351728
0.485028
0.4963918
0.49268803
0.49557316
0.50437266
0.46417674
0.48341998
0.49590415
0.500373
0.4932075
0.51518613
0.4635654
0.48625338
0.48189205
0.49090442
0.49780005
0.5154113
0.49730232
0.50884694
0.5165527
0.5149891
0.5150053
0.5235842
0.4814677
0.5003496
0.5027082
0.50810754
0.5178814
0.50899935
0.51769656
0.52010596
0.52277
0.51765245
0.53166145
0.4708606
0.49189904
0.49480164
0.50754917
0.5058026
0.49611038
0.5137327
0.5193695
0.51710135
0.53632015
0.49940014
0.5128446
0.5215856
0.535191
0.52533245
0.5377986
0.53214556
0.5299837
0.5305848
0.54122466
0.51410913
0.5105996
0.51452863
0.5348768
0.5200253
0.54172343
0.52241457
0.5425526
0.51813173
0.5410867
0.5422949
0.54182833
0.5366452
0.55770886
0.4680406
0.50943726
0.51930785
0.51315516
0.5314496
0.5142084
0.53875583
0.523573
0.5443531
0.53745043
0.54800594
0.545609
0.5481241
0.54610217
0.5596802
0.54158217
0.55071014
0.55745614
0.5538306
0.55871207
0.5566859
0.5576744
0.5542937
0.55765945
0.56797487
0.52948385
0.5383769
0.5499532
0.5500864
0.55745137
0.55714065
0.56204516
0.5611773
0.5660225
0.56119996
0.5577226
0.561465
0.57079625
0.5496877
0.53676003
0.55700153
0.5564549
0.5709839
0.55524874
0.56078124
0.56161743
0.56598794
0.5548831
0.56714404
0.5660182
0.5625842
0.5747263
0.529357
0.55435044
0.5596358
0.5615007
0.56967235
0.5661353
0.5761009
0.52843183
0.54395723
0.54854083
0.55931777
0.5489361
0.55466866
0.5762395
0.54767835
0.5612153
0.56741357
0.55572283
0.5660069
0.5714773
0.5694051
0.58297366
0.52977586
0.5354017
0.5551983
0.55595976
0.5634897
0.560547
0.57381827
0.5647395
0.5677903
0.5725792
0.5708544
0.5812425
0.5699273
0.5665622
0.5793654
0.5589119
0.55777276
0.5709902
0.5656124
0.5758193
0.5681842
0.5804477
0.5833332
0.5773368
0.5717326
0.57872653
0.57980615
0.5897803
0.5230231
0.52843034
0.55138975
0.5519058
0.5565512
0.5535458
0.56409526
0.5540664
0.57180405
0.568458
0.57510626
0.5811166
0.571685
0.58091277
0.57712644
0.57195675
0.58488256
0.58309144
0.58451295
0.5831283
0.5924732
0.54113233
0.5514182
0.569167
0.57905203
0.5704364
0.57856864
0.5903562
0.58584374
0.58126813
0.5933133
0.57091916
0.5847193
0.60124606
0.5253938
0.5517117
0.5384752
0.554301
0.5764384
0.54114556
0.55465794
0.55692804
0.57937515
0.561371
0.58923805
0.58600044
0.5751573
0.5745491
0.5933706
0.5786023
0.57534647
0.59181046
0.5880559
0.59955186
0.5743518
0.58992827
0.59289163
0.5943634
0.60148424
0.5908001
0.5954447
0.59169686
0.5932892
0.59593517
0.59393877
0.6063754
0.53188187
0.5563643
0.56405926
0.56709397
0.5896833
0.5732687
0.58420527
0.5958222
0.59046525
0.59456736
0.5945799
0.60243195
0.59298474
0.591027
0.59627306
0.6010451
0.5976649
0.5988546
0.599931
0.6032745
0.5997487
0.60871667
0.5524332
0.57124037
0.5756772
0.5621342
0.5809601
0.58406824
0.5721835
0.58974254
0.5954547
0.5893886
0.5909442
0.6044995
0.5916016
0.5972774
0.6023985
0.6026362
0.6080852
0.59795797
0.607046
0.60350585
0.609344
0.59485847
0.60263205
0.5962464
0.6011947
0.60962087
0.60250163
0.6077384
0.60964304
0.61026454
0.5972631
0.602729
0.6052528
0.59709775
0.6091722
0.60606563
0.60626435
0.598535
0.6073666
0.6032021
0.6053904
0.61222017
0.56621337
0.57316226
0.5898916
0.5999834
0.60058385
0.5952085
0.6022691
0.6014283
0.5926953
0.604746
0.5830207
0.58977795
0.6095951
0.5966871
0.5982304
0.5985051
0.6068206
0.59402746
0.5916094
0.5977333
0.6130981
0.58629507
0.60037214
0.5969775
0.5934183
0.6090761
0.6119454
0.6024778
0.6015834
0.60426575
0.59970033
0.6179916
0.52549464
0.5500971
0.55450106
0.5888575
0.56329465
0.59192526
0.6019924
0.58694464
0.59900296
0.59585416
0.60794264
0.59324574
0.6036923
0.6144191
0.58432955
0.60112596
0.6047489
0.59009653
0.6063646
0.6047245
0.5896174
0.60462457
0.61440325
0.60363185
0.60057503
0.61065394
0.6145546
0.6230824
0.53524655
0.5829607
0.58930546
0.57738936
0.5898928
0.5854495
0.598365
0.5966247
0.58853084
0.5881535
0.5917337
0.60510886
0.5848028
0.5961845
0.5983855
0.59157485
0.6116019
0.6076461
0.6069912
0.6016176
0.60430676
0.6109147
0.6151737
0.5975439
0.59774864
0.6063571
0.60900813
0.6182212
0.6041447
0.60852784
0.60753214
0.61834
0.59631395
0.6099644
0.60842836
0.61772656
0.60494554
0.6200228
0.6211509
0.6230322
0.6058368
0.617652
0.6172521
0.6212222
0.61438566
0.6216038
0.6291006
0.5564428
0.5826862
0.5841119
0.592096
0.5954823
0.5945299
