0.35609338
0.3728065
0.3728065
0.3728065
0.3728065
0.3728065
0.43476334
0.43476334
0.43476334
0.43476334
0.43476334
0.43476334
0.43476334
0.43476334
0.43476334
0.43476334
0.43476334
0.43476334
0.43476334
0.4580588
0.4693735
0.4693735
0.4693735
0.4693735
0.4693735
0.4693735
0.4693735
0.46969542
0.46969542
0.46969542
0.46969542
0.46969542
0.46969542
0.46969542
0.46969542
0.46969542
0.46969542
0.46969542
0.46969542
0.46969542
0.46969542
0.46969542
0.46969542
0.46969542
0.4980112
0.5048192
0.5048192
0.5048192
0.5166595
0.5166595
0.5166595
0.5396858
0.5396858
0.5396858
0.5396858
0.5396858
0.5396858
0.5396858
0.5396858
0.5396858
0.5396858
0.5396858
0.5396858
0.5396858
0.5445541
0.5445541
0.5445541
0.5445541
0.5445541
0.54891133
0.54891133
0.54891133
0.54891133
0.54891133
0.54891133
0.5581676
0.5581676
0.5581676
0.5581676
0.5581676
0.5581676
0.5581676
0.5581676
0.5581676
0.5581676
0.5581676
0.5581676
0.5581676
0.5581676
0.5581676
0.5581676
0.5581676
0.56486803
0.56486803
0.56486803
0.56486803
0.56486803
0.56486803
0.56486803
0.56486803
0.56486803
0.56486803
0.56486803
0.56486803
0.56486803
0.56486803
0.56486803
0.58882576
0.58882576
0.58882576
0.58882576
0.58882576
0.58882576
0.58882576
0.58882576
0.58882576
0.58882576
0.58882576
0.58882576
0.58882576
0.58882576
0.58882576
0.58882576
0.58882576
0.58882576
0.58882576
0.58882576
0.58882576
0.58882576
0.58882576
0.58882576
0.58882576
0.58882576
0.58882576
0.58882576
0.58882576
0.58882576
0.58882576
0.58882576
0.58882576
0.58882576
0.58882576
0.58882576
0.58882576
0.58882576
0.58882576
0.58882576
0.58882576
0.58882576
0.58882576
0.58882576
0.58882576
0.58882576
0.588889
0.588889
0.588889
0.588889
0.588889
0.588889
0.588889
0.588889
0.588889
0.588889
0.588889
0.588889
0.588889
0.588889
0.588889
0.588889
0.588889
0.588889
0.588889
0.60686404
0.60686404
0.60686404
0.60686404
0.60686404
0.60686404
0.60686404
0.60686404
0.60686404
0.60686404
0.60686404
0.60686404
0.60686404
0.60686404
0.60686404
0.60686404
0.60686404
0.60686404
0.60686404
0.60686404
0.60686404
0.60686404
0.60686404
0.60686404
0.60686404
0.60686404
0.60686404
0.60686404
0.60686404
0.60686404
0.60686404
0.60686404
0.60686404
0.60686404
0.60686404
0.60686404
0.60686404
0.60686404
0.60686404
0.60686404
0.60686404
0.60686404
0.60686404
0.60686404
0.60686404
0.60686404
0.60686404
0.60686404
0.60686404
0.60686404
0.60686404
0.60686404
0.60686404
0.60686404
0.60686404
0.60686404
0.60686404
0.60686404
0.60686404
0.60686404
0.60686404
0.60686404
0.60686404
0.60760283
0.60760283
0.60760283
0.60760283
0.60760283
0.60760283
0.60760283
0.60760283
0.60760283
0.60760283
0.60760283
0.60760283
0.60760283
0.60760283
0.60760283
0.60760283
0.60760283
0.60760283
0.60760283
0.60760283
0.60760283
0.60760283
0.60760283
0.60760283
0.60760283
0.60760283
0.60760283
0.60760283
0.60760283
0.60760283
0.60760283
0.60760283
0.60760283
0.60760283
0.60760283
0.60760283
0.60760283
0.60760283
0.60760283
0.60760283
0.60760283
0.60760283
0.60760283
0.60760283
0.60760283
0.60760283
0.60760283
0.60760283
0.60760283
0.60760283
0.60760283
0.6189856
0.6189856
0.6189856
0.6321698
0.6321698
0.6321698
0.6321698
0.6321698
0.6321698
0.6321698
0.6321698
0.6321698
0.6321698
0.6321698
0.6321698
0.6321698
0.6321698
0.6321698
0.6321698
0.6321698
0.6321698
0.6345175
0.6345175
0.6345175
0.6345175
0.6345175
0.6345175
0.6345175
0.6345175
0.6345175
0.6345175
0.6345175
0.6345175
0.6345175
0.6345175
0.6345175
0.6345175
0.6345175
0.6345175
0.6345175
0.6345175
0.6345175
0.6345175
0.6345175
0.6345175
0.6345175
0.6345175
0.6345175
0.6345175
0.6345175
0.6345175
0.6345175
0.6345175
0.6345175
0.6345175
0.6345175
0.6345175
0.63613033
0.63613033
0.63613033
0.63613033
0.63613033
0.63613033
0.63613033
0.63613033
0.63613033
0.63613033
0.63613033
0.63613033
0.63613033
0.63613033
0.63613033
0.63613033
0.63613033
0.63613033
0.63613033
0.63613033
0.6368413
0.6368413
0.6368413
0.6368413
0.6434454
0.6434454
0.6434454
0.6434454
0.6434454
0.6434454
0.6434454
0.6434454
0.6434454
0.6434454
0.6434454
0.6434454
0.6434454
0.6434454
0.6434454
0.6434454
0.6434454
0.6434454
0.6434454
0.6434454
0.6434454
0.6434454
0.6434454
0.6434454
0.6434454
0.6434454
0.6434454
0.6434454
0.6434454
0.6434454
0.6434454
0.6434454
0.6434454
0.6434454
0.6434454
0.6434454
0.6434454
0.6434454
0.6434454
0.6434454
0.6434454
0.6434454
0.6434454
0.6434454
0.6434454
0.6434454
0.6434454
0.6434454
0.6434454
0.6434454
0.6465404
0.6465404
0.6465404
0.6465404
0.6465404
0.6465404
0.6465404
0.6465404
0.6465404
0.6465404
0.6465404
0.6465404
0.6465404
0.6465404
0.6465404
0.6465404
0.6465404
0.6465404
0.6465404
0.6465404
0.6465404
0.6465404
0.6465404
0.6465404
0.6465404
0.6465404
0.6465404
0.6465404
0.6465404
0.6465404
0.6465404
0.6465404
0.6465404
0.6465404
0.6465404
0.6465404
0.6465404
0.6465404
0.6465404
0.6465404
0.6465404
0.6465404
0.6465404
0.6465404
0.6465404
0.6465404
0.6465404
0.6465404
0.6465404
0.6465404
0.6465404
0.6465404
0.6465404
0.6465404
0.6465404
0.6465404
0.6465404
0.6465404
0.6465404
0.6465404
0.6465404
0.6465404
0.6465404
0.6465404
0.6465404
0.6465404
0.6465404
0.6465404
0.6465404
0.6465404
0.6465404
0.6465404
0.6465404
0.6465404
0.6465404
0.6465404
0.6465404
0.6465404
0.6494543
0.6494543
0.6494543
0.6494543
0.6494543
0.6494543
0.6494543
0.6494543
0.6494543
0.6494543
0.6494543
0.6494543
0.6494543
0.6494543
0.6494543
0.6494543
0.6494543
0.6494543
0.6494543
0.6494543
0.6494543
0.6494543
0.6494543
0.6494543
0.6494543
0.6494543
0.6494543
0.6494543
0.6494543
0.6494543
0.6494543
0.6494543
0.6494543
0.6494543
0.6494543
0.6494543
0.6494543
0.6494543
0.6494543
0.6494543
0.6494543
0.6494543
0.6494543
0.6494543
0.6494543
0.6494543
0.6494543
0.6494543
0.6494543
0.6494543
0.6494543
0.6494543
0.6494543
0.6494543
0.6494543
0.6494543
0.6494543
0.6494543
0.6494543
0.6494543
0.6494543
0.6494543
0.6494543
0.6494543
0.6494543
0.6494543
0.6494543
0.6494543
0.6494543
0.6494543
0.6494543
0.6494543
0.6494543
0.6494543
0.6494543
0.6494543
0.6494543
0.6494543
0.6494543
0.6494543
0.6494543
0.6494543
0.6494543
0.6494543
0.6494543
0.6494543
0.6494543
0.6494543
0.6494543
0.6494543
0.6494543
0.6494543
0.6494543
0.6494543
0.6494543
0.6494543
0.6494543
0.6494543
0.6494543
0.6494543
0.6494543
0.6494543
0.6494543
0.6494543
0.6494543
0.6494543
0.6494543
0.6494543
0.6494543
0.6494543
0.6494543
0.6494543
0.6494543
0.6494543
0.6494543
0.6494543
0.6494543
0.6494543
0.6494543
0.6494543
0.6494543
0.6494543
0.6494543
0.6494543
0.6494543
0.6494543
0.6494543
0.6494543
0.6494543
0.6494543
0.6494543
0.6494543
0.6494543
0.6494543
0.6494543
0.6494543
0.6494543
0.6494543
0.6494543
0.6494543
0.6494543
0.6494543
0.6494543
0.6494543
0.6494543
0.6494543
0.6494543
0.6494543
0.6494543
0.6494543
0.6494543
0.6494543
0.6494543
0.6494543
0.6494543
0.6494543
0.6494543
0.6494543
0.6494543
0.6494543
0.6494543
0.6494543
0.6494543
0.6494543
0.6494543
0.6494543
0.6494543
0.6494543
0.6494543
0.6494543
0.6494543
0.6494543
0.6494543
0.6494543
0.6494543
0.6494543
0.6494543
0.6494543
0.6494543
0.6494543
0.6494543
0.6494543
0.6494543
0.6494543
0.6494543
0.6494543
0.6494543
0.6494543
0.6494543
0.6494543
0.6494543
0.6494543
0.6494543
0.6494543
0.6494543
0.6494543
0.6494543
0.6494543
0.6494543
0.6494543
0.6494543
0.6494543
0.6494543
0.6494543
0.6494543
0.6494543
0.6494543
0.6494543
0.6494543
0.6494543
0.6494543
0.6494543
0.6494543
0.6494543
0.6494543
0.6494543
0.6494543
0.6494543
0.6494543
0.6494543
0.6494543
0.6494543
0.6494543
0.6494543
0.6494543
0.6494543
0.6494543
0.6494543
0.6494543
0.6494543
0.6494543
0.6494543
0.6494543
0.6494543
0.6494543
0.6494543
0.6494543
0.6494543
0.6494543
0.6494543
0.6494543
0.6494543
0.6494543
0.6494543
0.6494543
0.6494543
0.6494543
0.6494543
0.6494543
0.6494543
0.6494543
0.6494543
0.6494543
0.6494543
0.6494543
0.6494543
0.6494543
0.6494543
0.6494543
0.6494543
0.6494543
0.6494543
0.6494543
0.6494543
0.6494543
0.6494543
0.6494543
0.6494543
0.6494543
0.6494543
0.6494543
0.6494543
0.6494543
0.6494543
0.6494543
0.6507648
0.6507648
0.6507648
0.6507648
0.6507648
0.6507648
0.6507648
0.6518027
0.6518027
0.6518027
0.6518027
0.6518027
0.6518027
0.6518365
0.6518365
0.6518365
0.6518365
0.6518365
0.6518365
0.6518365
0.6518365
0.6518365
0.6518365
0.65332025
0.65332025
0.65332025
0.65332025
0.65332025
0.65332025
0.65332025
0.65332025
0.65332025
0.65332025
0.65332025
0.65332025
0.65332025
0.65332025
0.65332025
0.65332025
0.65332025
0.65332025
0.65332025
0.65332025
0.65332025
0.65332025
0.65332025
0.65332025
0.65332025
0.65332025
0.65332025
0.65332025
0.65332025
0.65332025
0.65332025
0.65332025
0.65332025
0.65332025
0.65332025
0.65332025
0.65332025
0.65332025
0.65332025
0.65332025
0.65332025
0.65332025
0.65332025
0.65332025
0.65332025
0.65332025
0.65332025
0.65332025
0.65332025
0.65332025
0.65332025
0.65332025
0.65332025
0.65332025
0.65332025
0.65332025
0.65332025
0.65332025
0.65332025
0.65332025
0.65332025
0.65332025
0.65332025
0.65332025
0.65332025
0.65332025
0.65332025
0.6541569
0.6541569
0.6541569
0.6541569
0.6541569
0.6541569
0.6541569
0.6541569
0.6541569
0.6541569
0.6541569
0.6541569
0.6541569
0.65535647
0.65535647
0.65535647
0.65535647
0.65535647
0.65535647
0.65535647
0.65535647
0.65535647
0.65535647
0.65535647
0.65535647
0.65535647
0.65535647
0.65535647
0.65535647
0.65535647
0.65535647
0.65535647
0.65535647
0.65535647
0.65535647
0.65535647
0.65535647
0.65535647
0.6665262
0.6665262
0.6665262
0.6665262
0.6665262
0.6665262
0.6665262
0.6665262
0.6665262
0.6665262
0.6665262
0.6665262
0.6665262
0.6665262
0.6665262
0.6665262
0.6665262
0.6665262
0.6665262
0.6665262
0.6665262
0.6665262
0.6665262
0.6665262
0.6665262
0.6665262
0.6665262
0.6665262
0.6665262
0.6665262
0.6665262
0.6665262
0.6665262
0.6665262
0.6665262
0.6665262
0.6665262
0.6665262
0.6665262
0.6665262
0.6665262
0.6665262
0.6665262
0.6665262
0.6665262
0.6665262
0.6665262
0.6665262
0.6665262
0.6665262
0.6665262
0.6665262
0.6665262
0.6665262
0.6665262
0.6665262
0.6665262
0.6665262
0.6665262
0.6665262
0.6665262
0.6665262
0.6665262
0.6665262
0.6665262
0.6665262
0.6665262
0.6665262
0.6665262
0.6665262
0.6665262
0.6665262
0.6665262
0.6665262
0.6665262
0.6665262
0.6665262
0.6665262
0.6665262
0.6665262
0.6665262
0.6665262
0.6665262
0.6665262
0.6665262
0.6665262
0.6665262
0.6665262
0.6665262
0.6665262
0.6665262
0.6665262
0.6665262
0.6665262
0.6665262
0.6665262
0.6665262
0.6665262
0.6665262
0.6665262
0.6665262
0.6665262
0.6665262
