1.4500134
0.07250067
0.12331365
0.16025488
0.21887574
0.27862853
0.30262035
0.345318
0.32856098
0.36203843
0.32286018
0.36652237
0.34063345
0.3553693
0.38009223
0.29146937
0.33561885
0.3450018
0.39346084
0.371765
0.381447
0.3883865
0.39660078
0.41737595
0.40811792
0.40763825
0.42703715
0.4024157
0.41574907
0.41410264
0.42689228
0.4294436
0.4336267
0.44120836
0.3736891
0.4397684
0.4155174
0.47531968
0.39840525
0.43451038
0.45608917
0.48368627
0.45160875
0.4452824
0.49463263
0.4523138
0.45535094
0.48616892
0.47181758
0.4852839
0.492508
0.45303494
0.50688964
0.41409236
0.48324442
0.45328206
0.4693478
0.5129806
0.46417516
0.47086558
0.47487125
0.517532
0.49460086
0.5000122
0.51115865
0.48321715
0.4743372
0.47750205
0.4910415
0.51776576
0.48702675
0.49287334
0.48593673
0.48801637
0.53248864
0.42483196
0.51531535
0.49149293
0.500345
0.5313648
0.52767164
0.5134872
0.5505878
0.46331516
0.52713037
0.4877836
0.5273245
0.5435291
0.50722325
0.5455905
0.5446858
0.54020655
0.5447516
0.54082036
0.5644629
0.4713537
0.50234616
0.54443264
0.51879185
0.53093475
0.5609923
0.5195399
0.5563866
0.54937905
0.56942624
0.4992361
0.5395138
0.52833337
0.574862
0.53122103
0.55588824
0.56110466
0.56689924
0.5662064
0.58040744
0.5245549
0.529425
0.520534
0.54927176
0.5097733
0.5223887
0.56515896
0.55899465
0.58282727
0.5352469
0.5590062
0.55891526
0.55765957
0.567046
0.58700144
0.51838535
0.55038816
0.5488754
0.5711951
0.5156164
0.5328248
0.5206381
0.56250346
0.5472746
0.5357764
0.56437105
0.58684504
0.58981204
0.4825186
0.52606183
0.50705004
0.5424895
0.53484356
0.5706181
0.5105848
0.46785077
0.5225175
0.5048766
0.5471337
0.5580437
0.5679084
0.57480985
0.5268862
0.58132
0.5029706
0.5442192
0.5488914
0.5354936
0.5561525
0.5479495
0.58972245
0.5118601
0.5509338
0.5592216
0.5374442
0.55408895
0.5604117
0.56234187
0.58800215
0.5751218
0.5610532
0.56495595
0.56932545
0.56222206
0.59258425
0.506194
0.5175788
0.5344871
0.5236376
0.5339913
0.5257496
0.53923357
0.57470137
0.5855194
0.4991571
0.5474007
0.54772264
0.55124986
0.574406
0.5761717
0.58188975
0.5604162
0.58959126
0.55480945
0.5183054
0.5535201
0.5562127
0.5757829
0.5193321
0.56682855
0.56028944
0.5807239
0.5651131
0.5856518
0.55638665
0.5883838
0.5671624
0.5447237
0.53100044
0.54129714
0.58576524
0.57648957
0.55592877
0.5669375
0.5907682
0.56610024
0.56721205
0.5791384
0.578746
0.579796
0.5962441
0.5267301
0.5441394
0.4967807
0.55418825
0.5427754
0.5324346
0.5481435
0.5413369
0.56206757
0.59110373
0.53923714
0.50279105
0.53531694
0.5699603
0.5604674
0.57953376
0.5491756
0.52604616
0.5512965
0.54058444
0.5463645
0.5721316
0.5678585
0.561402
0.59528065
0.5682214
0.55703056
0.58433217
0.57114667
0.5810535
0.5671218
0.54746336
0.5878268
0.54636353
0.5719473
0.5942594
0.5770047
0.58740866
0.57289416
0.54313195
0.5857471
0.567871
0.5970297
0.59107566
0.5776468
0.59894335
0.5718729
0.55460745
0.5641522
0.5598236
0.56179535
0.5684778
0.5994767
0.49952498
0.54365855
0.5663132
0.58468497
0.51356685
0.5532789
0.583222
0.55352056
0.5757303
0.5912702
0.5701184
0.58011585
0.5646795
0.5667163
0.59305584
0.57194084
0.5838284
0.57873684
0.5901468
0.600968
0.5619982
0.5978321
0.5525439
0.5771707
0.58295286
0.59841436
0.59708685
0.58069384
0.58641183
0.56457424
0.5962293
0.5781334
0.59263015
0.56584674
0.60095704
0.5985299
0.57770807
0.5861248
0.6079424
0.5115124
0.56118554
0.5099188
0.5582205
0.5492487
0.5589814
0.53875524
0.59308124
0.5390943
0.5328538
0.5386477
0.58860743
0.54007864
0.5727151
0.52859175
0.54368484
0.57420903
0.57989275
0.6049799
0.57446474
0.53739357
0.5866132
0.5954663
0.58905
0.59541243
0.56549776
0.5978285
0.56250864
0.56474954
0.5572501
0.5702344
0.5966749
0.60172737
0.5760681
0.58917326
0.58770645
0.5993654
0.5973599
0.61403626
0.4928167
0.573927
0.5355264
0.5520915
0.5826053
0.6097655
0.58200794
0.5551549
0.60596824
0.54994166
0.592194
0.6043202
0.58590037
0.5841085
0.572887
0.59979457
0.60974693
0.57964313
0.5928329
0.5810684
0.6119245
0.6122167
0.5994794
0.6000765
0.6162087
0.48076224
0.5166099
0.5339376
0.56085986
0.5389514
0.51969236
0.5774904
0.56576633
0.5900091
0.49315852
0.55705965
0.584956
0.54051715
0.6085451
0.56595325
0.5835501
0.5907031
0.58725476
0.601449
0.58284056
0.5327002
0.5849991
0.581993
0.6118325
0.59509414
0.6202801
0.5591916
0.5359577
0.52996564
0.57047
0.5591283
0.5800186
0.57787913
0.60583967
0.56418765
0.59884644
0.59485745
0.5959566
0.6058501
0.61551905
0.6120934
0.58966404
0.5910553
0.6162494
0.59273094
0.601722
0.6087558
0.62153375
0.5223993
0.55080116
0.5373913
0.5572926
0.5752138
0.59262455
0.58915114
0.5813116
0.56939256
0.5873719
0.60926974
0.58449316
0.5822142
0.58769524
0.60331506
0.6167535
0.58127296
0.58082056
0.6054395
0.59856635
0.59712017
0.6131726
0.6020574
0.6012837
0.61417425
0.6001459
0.5961848
0.6212307
0.5859775
0.5900772
0.5982685
0.58740366
0.60852987
0.5983153
0.6133744
0.6074182
0.62165517
0.60941267
0.60113394
0.57646096
0.5937455
0.6082634
0.5840237
0.6174495
0.5759477
0.5937922
0.6145772
0.615203
0.59822166
0.606612
0.6133468
0.6138855
0.61392987
0.6221864
0.5967444
0.5859536
0.57328415
0.61142194
0.57538795
0.5846714
0.6170271
0.6081783
0.6057255
0.6014471
0.6109697
0.59165925
0.5879458
0.6149176
0.5889101
0.61211896
0.60090274
0.5918555
0.60353285
0.6159202
0.5808114
0.571805
0.61373436
0.59758
0.6090951
0.6069696
0.61114776
0.566748
0.56816906
0.5938536
0.5888643
0.57686245
0.62339836
0.5005647
0.55148613
0.5540213
0.5646853
0.54640204
0.55005425
0.5699636
0.5853816
0.5896627
0.6130647
0.568862
0.5962283
0.57321656
0.5940036
0.5805269
0.55942607
0.58914334
0.5948747
0.5648319
0.61174905
0.594662
0.6058856
0.57516736
0.57086384
0.5991352
0.60412776
0.58328664
0.6163741
0.5867724
0.5919587
0.5749904
0.586974
0.61002094
0.6130136
0.5935452
0.60701835
0.6142936
0.60233474
0.58783114
0.6145606
0.5986919
0.6206118
0.5603372
0.6083175
0.5962488
0.61120975
0.56594765
0.61022776
0.5958647
0.6183965
0.6224096
0.6178088
0.611272
0.6096489
0.6200501
0.60335165
0.6249199
0.5570322
0.5414263
0.5784164
0.6127901
0.54592717
0.57435685
0.5998239
0.5981932
0.6070009
0.56976
0.6177112
0.6048241
0.61392677
0.60384405
0.61392796
0.6150041
0.59442866
0.57588947
0.6043308
0.5789522
0.601355
0.61028594
0.60233164
0.60783017
0.6106336
0.593848
0.6136883
0.6225496
0.6218556
0.6105964
0.62742615
0.49305716
0.5736058
0.528794
0.5877202
0.5820629
0.5865311
0.58280414
0.59462875
0.5499918
0.5352865
0.578905
0.54038054
0.55611986
0.599568
0.5766072
0.57215434
0.5549518
0.54012567
0.5931966
0.5651744
0.59156525
0.56773794
0.58163214
0.6049576
0.5584915
0.58398557
0.57013965
0.60059285
0.574973
0.5611576
0.57779014
0.5655695
0.58506453
0.58851814
0.60608304
0.5726785
0.6042744
0.58821046
0.6232687
0.54430723
0.5857992
0.57304496
0.5784977
0.59143984
0.59024113
0.5565258
0.56662244
0.568077
0.5704125
0.57584614
0.59533286
0.5910846
0.60690504
0.6102406
0.6231419
0.6093739
0.57905686
0.5867169
0.57846165
0.61031044
0.5925058
0.61381966
0.6071104
0.5952719
0.59801996
0.62085915
0.6203973
0.6078981
0.61495245
0.6159538
0.5828092
0.6003662
0.61971724
0.60540414
0.6209704
0.6234242
0.61163765
0.62222517
0.6210394
0.6192578
0.6246384
0.6253003
0.62259793
0.62200683
0.6203557
0.61186135
0.59934497
0.6248992
0.6142698
0.6001738
0.6154908
0.6245388
0.62439954
0.60138094
0.6290284
0.55872095
0.57403237
0.56885797
0.57786596
0.603004
0.5623213
0.6027073
0.5897043
0.585258
0.61671174
0.55402476
0.565122
0.57161224
0.56700546
0.6087241
0.5318817
0.5750585
0.58294916
0.59269553
0.57496846
0.61143005
0.5645666
0.58590263
0.56291634
0.6109459
0.5680407
0.5655699
0.59799254
0.58826154
0.53748554
0.5736259
0.59580415
0.5624743
0.5898522
0.5938423
0.5930149
0.6172379
0.579026
0.59981114
0.60659164
0.59271145
0.6106676
0.59032005
0.5967173
0.6096238
0.6067587
0.5915653
0.6224803
0.5954448
0.5985526
0.60251355
0.6081397
0.6033821
0.612543
0.62314945
0.5685142
0.5782733
0.587187
0.62133867
0.6204298
0.5900033
0.58947766
0.6214941
0.58604306
0.60470146
0.6155033
0.6212775
0.6107668
0.61939967
0.60266477
0.62634027
0.6204874
0.61697495
0.6175326
0.6217079
0.63206327
0.48134303
0.5036672
0.5193458
0.59798956
0.5391447
0.5558783
0.5577907
0.5919354
0.5569236
0.5462034
0.5769195
0.56282336
0.5352963
0.59570634
0.55855954
0.6071716
0.52106535
0.558057
0.5979434
0.60418093
0.5901486
0.6167351
0.5926951
0.5817389
0.60059357
0.59011984
0.6021187
0.5972023
0.601464
0.5884444
0.6071118
0.61203974
0.59460825
0.5812896
0.5939743
0.61674213
0.6187154
0.5471467
0.6073762
0.52302253
0.5966737
0.5769579
0.5788611
0.5818762
0.59561163
0.5878756
0.59617895
0.617792
0.62043417
0.58343124
0.5813316
0.5879101
0.62030005
0.60079765
0.6297891
0.545062
0.6139252
0.56499946
0.56641585
0.55515593
0.58580875
0.5756148
0.56690526
0.5501648
0.5945396
0.5804998
0.59572494
0.5858984
0.61009544
0.54595244
0.57902324
0.6189673
0.60962135
0.6249466
0.61965597
0.61433303
0.62400883
0.61718065
0.5968568
0.6130453
0.62694746
0.6035818
0.61291134
0.6292192
0.60162175
0.61535704
0.6260804
0.62242526
0.6184794
0.5865191
0.61384296
0.62899417
0.59685487
0.62640464
0.5965957
0.6034859
0.5903559
0.59186745
0.6199572
0.6061084
0.6110441
0.6025501
0.6193359
0.6074693
0.6052364
0.61017424
0.6087392
0.62892663
0.6021588
0.61089116
0.62840486
0.6047291
0.60716474
0.61549336
0.60951734
0.6157379
0.62401915
0.61582863
0.62003267
0.6254417
0.6227605
0.60502064
0.61878324
0.6304077
0.6199564
0.6300209
0.63020146
0.63521874
0.46897894
0.5596639
0.5406612
0.5617194
0.6062784
0.5808299
0.5868747
0.599763
0.6122892
0.58052194
0.6015753
0.5786387
0.57020223
0.6100232
0.6114104
0.6122136
0.6292748
0.5185947
0.5849701
0.6056613
0.5822371
0.57110447
0.60096395
0.5929197
0.58227193
0.62355447
0.58917004
0.5379642
0.54958284
0.59146756
0.59290636
0.6063216
0.5279682
0.59628093
0.5757579
0.58657265
0.59235823
0.6146953
0.61168575
0.6048621
0.62867045
0.56947273
0.5914158
0.6050409
0.6085291
0.6226343
0.6059168
0.6318537
0.5976695
0.5977909
0.5984726
0.59057593
0.6030486
0.6050467
0.6057006
0.60056156
0.5677694
0.58531374
0.61447084
0.5962484
0.604594
0.6238171
0.59163284
0.6127236
0.61768115
0.60328823
0.6079961
0.6220955
0.62391317
0.6302017
0.62124974
0.6149648
0.59926474
0.63565147
0.55954635
0.58325493
0.60351574
0.58450985
0.6010067
0.58271945
0.5816916
0.61680967
0.6141637
0.62711
0.59137285
0.5520346
0.5669948
0.6121694
0.595767
0.6085132
0.6063181
0.6074374
0.6103615
0.60931957
0.6258973
0.6319691
0.60710174
0.6364169
0.59379494
0.6269442
0.5687747
0.57532334
0.60435957
0.5926918
0.59585893
0.5721802
0.61015713
0.591648
0.6233922
0.5856966
0.61590254
0.60137874
0.6242418
0.59690017
0.62956923
0.62841904
0.6096331
0.60864246
0.63535804
0.6237163
0.628942
0.6221429
0.619707
0.63410926
0.59238183
0.62903166
0.6149599
0.6294608
0.5996398
0.59751
0.61865085
0.62937653
0.6109581
0.6298642
0.6264038
0.640885
0.57395464
0.55080247
0.608931
0.546224
0.5819615
0.53281
0.57631695
0.5886633
0.6185292
0.60475045
0.5954008
0.60657954
0.6120318
0.60053056
0.60854757
0.5958942
0.60964787
0.5741543
0.5779517
0.62456113
0.59847426
0.61051285
0.6392981
0.5654891
0.5747912
0.5952337
0.63484544
0.5937541
0.611004
0.61689204
0.6223664
0.6117009
0.60442245
0.6249174
0.6312257
0.62990314
0.61886394
0.61877835
0.6367242
0.5436207
0.5970429
0.6141218
0.6179887
0.61799324
0.58544916
0.6317143
0.6236988
0.6381257
0.5992946
0.6156903
0.59818965
0.61172605
0.6169479
0.59166133
0.61314857
0.61001194
0.6120361
0.6075555
0.64062697
0.6274613
0.62664425
0.62543255
0.64243096
0.52234167
0.57771146
0.5808748
0.6069831
0.59467405
0.6214465
0.5879664
0.5835802
0.6124547
0.62347066
0.615647
0.5800174
0.5548254
0.6202904
0.5912719
0.6074771
0.62345964
0.59917873
0.6276072
0.60863656
0.6135742
0.61399335
0.6308202
0.6381954
0.63549083
0.61257327
0.62206256
0.63076174
0.6441647
0.60916305
0.6166178
0.59492624
0.6210381
0.6177293
0.63512415
0.6356327
0.6279625
0.6190419
0.5769762
0.62464863
0.62175435
0.59110016
0.6178051
0.6365107
0.6294212
0.6371759
0.61068857
0.61393106
0.6231531
0.62296605
0.6347739
0.6372666
0.6075602
0.6139101
0.62643373
0.6434571
0.5946039
0.63450634
0.62591195
0.6375705
0.63661015
0.6355976
0.64156026
0.6105297
0.6232319
0.6170275
0.6176926
0.6415181
0.63535947
0.6200488
0.6345535
0.63826144
0.6343463
0.6344527
0.6161089
0.62531435
0.64062524
0.6344446
0.6464885
0.5975311
0.55236006
0.57896054
0.5992632
0.5813426
0.601843
0.5785449
0.5436523
0.5680553
0.5950245
0.62483007
0.5845903
0.60354817
0.58277214
0.57085925
0.59238476
0.6075912
0.5920954
0.61598647
0.6159898
0.60952127
0.6112897
0.6105457
0.5862682
0.6163186
0.6240192
0.603294
0.6150093
0.6033056
0.6253304
0.63947433
0.58745074
0.61903423
0.55523294
0.5689608
0.55314887
0.5914644
0.6116829
0.5631541
0.61912334
0.5758334
0.60637176
0.61440396
0.6355301
0.61980057
0.62533724
0.58797586
0.6355473
0.6170882
0.60094905
0.6285852
0.6016837
0.6264808
0.6018279
0.63617027
0.61103547
0.62191397
0.5909521
0.6323988
0.6188574
0.62149256
0.60250175
0.61275446
0.6319226
0.6455005
0.580567
0.60200584
0.6315607
0.61363465
0.5622359
0.5470066
0.57843167
0.58984584
0.6067653
0.59769654
0.61876005
0.61266625
0.60398334
0.60080284
0.60953313
0.6019511
0.5970107
0.5843617
0.61824036
0.5917043
0.61205834
0.61378366
0.63713485
0.55865467
0.57276565
0.5802914
0.6062145
0.62277186
0.5807505
0.58867204
0.60333765
0.63171816
0.60617983
0.60128874
0.5793215
0.6411015
0.5795443
0.5856995
0.6317116
0.5899532
0.5881771
0.61652493
0.57800317
0.6354965
0.6309317
0.6008249
0.6259874
0.6167447
0.6411089
0.59728724
0.62139
0.6034953
0.6308351
0.62512827
0.6065108
0.63161993
0.5965911
0.6054279
0.6196179
0.6077939
0.6181469
0.6383432
0.58903867
0.632708
0.6148331
0.61625373
0.61490613
0.6362481
0.61509275
0.60385036
0.58209074
0.6215647
0.60608166
0.6196383
0.61755973
0.6242989
0.6014364
0.6333555
0.6448597
0.6208544
0.6005943
0.62604296
0.6501976
0.5532098
0.5758787
0.5720483
0.573959
0.5948216
0.59367645
0.596743
0.61877996
0.6085301
0.6352192
0.5674613
0.60428834
0.5891415
0.6143285
0.61447847
0.61125505
0.60372615
0.6290161
0.62230843
0.6398446
0.6054205
0.63705575
0.6455499
0.6302847
0.6295008
0.6302129
0.620505
0.63317794
0.64658636
0.56477773
0.5767816
0.60692984
0.5934354
0.6190005
0.6305308
0.6094068
0.61214
0.60138124
0.59038436
0.61882496
0.6142489
0.6392086
0.6001508
0.62781346
0.6113337
0.6362809
0.6293166
0.6333403
0.6365068
0.64512
0.6016011
0.605851
0.5862659
0.63031507
0.6210476
0.6307419
0.6405329
0.62565905
0.6149517
0.61864126
0.63829744
0.64098567
0.61748445
0.6166855
0.64382523
0.6004851
0.6418582
0.6393481
0.65098107
0.5325221
0.5524001
0.5814977
0.5911829
0.57470626
0.5605936
0.56553674
0.5845357
0.6049291
0.60361516
0.5609409
0.6114867
0.5728492
0.5635189
0.5846118
0.60661757
0.5358213
0.58014363
0.5438813
0.5635451
0.59573585
0.6080705
0.56009495
0.580107
0.61373574
0.6290969
0.5891781
0.5930444
0.60655844
0.6350652
0.5379772
0.59610796
0.6093039
0.5987125
0.5992745
0.59323853
0.60785705
0.6286519
0.60608345
0.6194524
0.6292691
0.61677253
0.6168529
0.6443287
0.60463476
0.6041154
0.62225
0.5647016
0.6040405
0.60758686
0.58920866
0.6335194
0.60700244
0.639075
0.6211947
0.61806893
0.60979426
0.63147384
0.610788
0.62808603
0.61503094
0.63342965
0.6466822
0.61671543
0.5904034
0.61521375
0.5822855
0.6060186
0.6165644
0.61393356
0.5978305
0.61764115
0.5988976
0.6419673
0.6043435
0.6004223
0.6075615
0.57702434
0.5645343
0.6045163
0.59896266
0.5908005
0.6220845
0.6321958
0.61412233
0.6186331
0.6249487
0.6231657
0.61711925
0.6271385
0.63255966
0.6102152
0.6374451
0.617777
0.62376773
0.6295351
0.64679104
0.625795
0.64446
0.64800566
0.64801806
0.64378434
0.63599205
0.65102077
0.60042405
0.5982725
0.5983013
0.62037694
0.5943474
0.5929247
0.6262069
0.5987002
0.6014284
0.5742805
0.58127344
0.6329842
0.60006297
0.5723388
0.5609168
0.62509525
0.60598546
0.60674274
0.64040583
0.5892114
0.5931685
0.63390416
0.6228603
0.6018101
0.6129454
0.6193932
0.6317682
0.60939777
0.627356
0.6246691
0.64003545
0.63295615
0.5809769
0.62241066
0.6265047
0.6248086
0.6215261
0.62466985
0.6366879
0.64395696
0.601366
0.6186471
0.6239227
0.60488635
0.634518
0.62232435
0.6342784
0.6168801
0.6217398
0.59868205
0.6271119
0.60695595
0.61352885
0.63753647
0.61191815
0.6437582
0.6193398
0.63142
0.61935794
0.64108104
0.61939406
0.6508678
0.5763242
0.55448043
0.5942103
0.5906999
0.6119839
0.61233
0.6404084
0.60331875
0.60125816
0.6135517
0.628039
0.63820064
0.6243817
0.5684706
0.5896554
0.6429884
0.59338164
0.6155672
0.5802271
0.6227092
0.58891475
0.59593874
0.5999142
0.63156605
0.6159853
0.5564294
0.6190021
0.6224617
0.61158985
0.62456816
0.62539095
0.6174541
0.598389
0.59711033
0.62921125
0.6238698
0.634651
0.641363
0.61837876
0.62697434
0.6265879
0.6256004
0.6456288
0.64989436
0.63839674
0.6509579
0.62940854
0.6250288
0.6360352
0.649337
0.64772683
0.64588404
0.6457737
0.6471318
0.6531962
0.4796451
0.53009593
0.5697477
0.52423346
0.5683063
0.61653596
0.5571002
0.56793547
0.5407418
0.58102024
0.6129756
0.56394994
0.58936805
0.56279284
0.55904675
0.58743757
0.60829526
0.58013517
0.5938319
0.6353216
0.5785061
0.6115404
0.6057026
0.59838676
0.6088046
0.60365677
0.5740777
0.59553117
0.6144558
0.5974293
0.6308492
0.602589
0.6000244
0.6329783
0.5800241
0.5975038
0.60427815
0.5980943
0.6092377
0.60419714
0.6204435
0.620662
0.6421401
0.58219343
0.6210624
0.61707467
0.64819807
0.5750139
0.6234929
0.5861271
0.6126517
0.6416222
0.5994574
0.59008425
0.59657794
0.6355849
0.58305496
0.6324417
0.6219654
0.6139592
0.61859137
0.6181497
0.60741967
0.59956026
0.58245504
0.6235288
0.598757
0.5977832
0.60039854
0.57910407
0.59620106
0.603433
0.60523784
0.62666464
0.61735046
0.5891876
0.625185
0.6298803
0.6340525
0.6263863
0.5753522
0.6287299
0.61564744
0.65108407
0.584851
0.5908881
0.5906109
0.6421738
0.6050262
0.5801949
0.64207447
0.61375207
0.60674083
0.57495254
0.6259314
0.6221801
0.60806906
0.618462
0.60319126
0.6093527
0.6438228
0.60971314
0.6118551
0.61218303
0.6122666
0.62122524
0.60641366
0.6318343
0.64701116
0.6379142
0.6536995
0.56884855
0.5750274
0.60286677
0.609326
0.6149485
0.61198413
0.60698026
0.6124983
0.6317763
0.6015779
0.62867856
0.57350224
0.6050078
0.6190701
0.6070026
0.62424695
0.6321374
0.6185404
0.64190507
0.62732875
0.6359135
0.6467964
0.62915003
0.62625086
0.60457015
0.63086873
0.63923395
0.5922011
0.6227867
0.62258995
0.61267495
0.6058692
0.6222011
0.6414817
0.6094631
0.6231811
0.6111978
0.6264142
0.62909615
0.64537394
0.62877077
0.6118922
0.6490365
0.60647357
0.6494707
0.6381861
0.6110797
0.62902135
0.6202673
0.6424128
0.6382731
0.6364353
0.6173605
0.63696754
0.6113602
0.64206934
0.6350516
0.6418034
0.63323665
0.65459716
0.6028713
0.6214094
0.6073372
0.5997331
0.62712544
0.61176574
0.5946496
0.59759724
0.6133523
0.5750084
0.6318688
0.63838494
0.6356656
0.63761747
0.6289206
0.6222377
0.6387073
0.6373046
0.64289623
0.6387953
0.6077634
0.6426267
0.6505422
0.5899747
0.6128079
0.6229377
0.6216456
0.63237655
0.6270458
0.606782
0.6204455
0.6045256
0.6358663
0.6146909
0.65038645
0.6267104
0.631894
0.60449886
0.6150735
0.62826526
0.6246698
0.6220772
0.6419134
0.6414243
0.6447116
0.64663655
0.6326079
0.6399796
0.63466984
0.6335088
0.61530775
0.641123
0.63050485
0.6481046
0.6367351
0.63830197
0.6394595
0.63604534
0.6112376
0.6324317
0.6172679
0.60907763
0.64128125
0.62778986
0.64137304
0.6207169
0.6138808
0.62251
0.626228
0.6420118
0.6531642
0.63200796
0.60503376
0.6102783
0.6505295
0.6443012
0.6334855
0.62366647
0.63328713
0.60938156
0.6116832
0.6074636
0.6159734
0.6437324
0.6038488
0.5898025
0.6340767
0.6103357
0.60338783
0.63928825
0.6369215
0.6111385
0.6470925
0.62873834
0.6176555
0.6417495
0.6523449
0.601442
0.62578493
0.6335074
0.62681496
0.61795455
0.64288414
0.629699
0.61192876
0.6437459
0.637896
0.61528754
0.62691486
0.6439797
0.64545834
0.6309017
0.6243056
0.64698523
0.6410428
0.65219146
0.62552804
0.63219726
0.64779794
0.6227913
0.64435345
0.6182235
0.6178742
0.62014776
0.62079215
0.6172461
0.64432263
0.65478003
0.5953337
0.6436018
0.6196796
0.6398042
0.6334804
0.601509
0.61185575
0.6369311
0.6337685
0.63297874
0.6249715
0.623734
0.6281488
0.64616066
0.63368857
0.6171411
0.65324396
0.62377125
0.6439195
0.64129114
0.6492108
0.5921606
0.63547796
0.61098784
0.6335346
0.65285957
0.62690794
0.6452552
0.6396118
0.64926195
0.64926565
0.6415009
0.6406492
0.6551408
0.6358355
0.6435187
0.5880097
0.6359042
0.605238
0.6291639
0.6230756
0.61308426
0.6417436
0.60762453
0.635524
0.6214496
0.6091968
0.61154944
0.6316836
0.61261165
0.6134911
0.6252619
0.6260041
0.61517906
0.60871243
0.6219114
0.60635954
0.6235772
0.60090375
0.61331356
0.61166775
0.6343261
0.6396827
0.62466663
0.6237574
0.6143001
0.6168684
0.6102897
0.6055337
0.6378608
0.64045894
0.6374768
0.6176066
0.64901435
0.63090694
0.62397325
0.6198633
0.6465303
0.65156966
0.6547085
0.61883724
0.617505
0.6496204
