0.43875986
0.043875985
0.080319986
0.12332778
0.12705168
0.1273735
0.12872961
0.11620693
0.1433159
0.18451634
0.21458659
0.22334817
0.23566909
0.20969899
0.24453238
0.23040363
0.25739825
0.22601824
0.20670518
0.26272005
0.27652982
0.2959716
0.24069567
0.29458553
0.27603978
0.26867983
0.28598884
0.30177945
0.28858078
0.3108617
0.27883267
0.26875466
0.26139563
0.28698304
0.27953345
0.316811
0.28953
0.283637
0.31577542
0.28989112
0.2835589
0.29604524
0.31021148
0.32753345
0.32254225
0.27210218
0.33076352
0.26912245
0.32658964
0.2818442
0.30145332
0.31925073
0.31888622
0.33478338
0.2413381
0.29535812
0.3333909
0.2860117
0.31522387
0.354035
0.26765007
0.32813656
0.34126306
0.3150928
0.32059124
0.32278323
0.36610985
0.3264327
0.36993933
0.35716817
0.3503981
0.36193994
0.3737059
0.2874065
0.30261695
0.3068355
0.34834272
0.3340545
0.34185922
0.37407085
0.34082407
0.3671676
0.3249237
0.3567556
0.3677334
0.35826728
0.34749427
0.35015568
0.37622756
0.35437518
0.37183845
0.34048575
0.34736544
0.3577831
0.3528382
0.37141913
0.3785869
0.28170684
0.34527636
0.33944982
0.37650993
0.3512532
0.35470396
0.36964148
0.2871598
0.3335497
0.3765731
0.38605338
0.3501972
0.3278122
0.3516479
0.33718628
0.3483233
0.35687265
0.3484442
0.3485014
0.37887925
0.33932635
0.33178163
0.34570518
0.38180634
0.38268003
0.37394553
0.377206
0.35841802
0.38723972
0.37547058
0.33976647
0.36820138
0.32397145
0.36032298
0.37312213
0.37624517
0.38750577
0.34349424
0.3849911
0.36412346
0.34627652
0.35003144
0.35549057
0.35503578
0.38583708
0.3261783
0.3518787
0.38734913
0.38634834
0.34531647
0.35994804
0.37182552
0.3527952
0.36786523
0.38034338
0.3919846
0.2691154
0.33531713
0.37700555
0.35724327
0.36935586
0.3657869
0.38425314
0.38223857
0.36527997
0.39341778
0.30011213
0.34412646
0.39447993
0.34998426
0.39456144
0.38235968
0.39451885
0.38038257
0.3701842
0.38165668
0.3968114
0.3470127
0.36276388
0.38407665
0.34665143
0.37503868
0.3895965
0.39468926
0.3863449
0.38951457
0.36131567
0.38726252
0.34848505
0.3938514
0.39986667
0.2633837
0.29057902
0.34534574
0.3483172
0.38469985
0.37512153
0.3961596
0.37820628
0.38085645
0.36876267
0.38826165
0.39196953
0.36846277
0.39953247
0.31910208
0.33899814
0.36806688
0.37952596
0.40237752
0.3377193
0.3344698
0.39127347
0.3918489
0.39197809
0.3667033
0.39284992
0.35910314
0.39783806
0.36686108
0.34767798
0.36684376
0.39961928
0.35684985
0.39078742
0.37687105
0.40217203
0.36557335
0.35400647
0.37993369
0.38370183
0.39456835
0.40649948
0.39292437
0.3793819
0.38332716
0.37690464
0.38161424
0.3712487
0.40246582
0.3585549
0.39887956
0.40885037
0.32678783
0.3570509
0.38849622
0.35193712
0.3730654
0.38430125
0.40708852
0.33963114
0.38036
0.38955736
0.41097268
0.39178866
0.38869068
0.37040836
0.40459627
0.39351282
0.37254018
0.4098607
0.37914953
0.41283885
0.40199
0.40871698
0.3766506
0.367995
0.3793494
0.37305588
0.38837725
0.3836724
0.40447775
0.38627395
0.41072184
0.4090113
0.39952928
0.40138608
0.38860956
0.39848223
0.41978177
0.28965846
0.37555656
0.3696655
0.33496192
0.40435442
0.31072363
0.31430858
0.3830673
0.3474201
0.32268035
0.38188073
0.41811872
0.4103035
0.39300022
0.3705551
0.38935816
0.38605115
0.4212319
0.4011697
0.3730945
0.40102458
0.41096815
0.41334128
0.3619645
0.4198095
0.44446248
0.38156262
0.43128616
0.45394403
0.42757288
0.4558916
0.47905344
0.40460712
0.42093617
0.45570102
0.46272635
0.47724503
0.4323855
0.44958082
0.4871202
0.4778824
0.46715766
0.4950797
0.4034636
0.43733683
0.4372975
0.4273173
0.450993
0.43337083
0.4487051
0.4694481
0.44075245
0.4462068
0.4362685
0.48130393
0.48958713
0.5054467
0.45096165
0.51185954
0.5025356
0.50167525
0.48672503
0.5030769
0.52352965
0.49989763
0.52382123
0.5389696
0.45709667
0.4506801
0.49142924
0.50402415
0.40747732
0.49046096
0.48309106
0.44149074
0.46422607
0.49574524
0.5049353
0.5021976
0.52495575
0.48950815
0.5044473
0.52454454
0.50242174
0.5406769
0.40069064
0.5097961
0.44854632
0.5037269
0.4944232
0.46837497
0.48923454
0.5157846
0.50012827
0.5224706
0.5511247
0.3101632
0.51221687
0.45321503
0.4916018
0.5182209
0.54760236
0.51437956
0.52237916
0.4716962
0.49605885
0.4965268
0.5170964
0.5413213
0.5486338
0.4308208
0.5345532
0.5570972
0.5608027
0.52117217
0.5179934
0.5555922
0.52123874
0.5199122
0.5304081
0.46789718
0.5333709
0.5573338
0.53696924
0.56387377
0.5315458
0.5528476
0.54709995
0.55652815
0.5200822
0.5190523
0.5702654
0.45833936
0.5192078
0.51873523
0.54946005
0.53230584
0.5473786
0.526548
0.49240676
0.5417597
0.53021437
0.52090514
0.57417685
0.4094476
0.42199922
0.44385234
0.49946982
0.41614628
0.4756058
0.4980077
0.5367095
0.5645706
0.5203099
0.5392259
0.57343906
0.47660622
0.5637189
0.5353572
0.528531
0.48388734
0.5600289
0.5230313
0.49787003
0.48784107
0.5210099
0.5468226
0.5472682
0.56340444
0.5721034
0.55907166
0.5591787
0.57029575
0.55641043
0.56120884
0.53026116
0.5587366
0.57708347
0.5193406
0.56346464
0.51177126
0.5710377
0.53351986
0.5433556
0.5659658
0.488697
0.5623399
0.557017
0.58078015
0.46120661
0.5080124
0.52264726
0.5324006
0.48230943
0.49097377
0.54813665
0.47027165
0.525315
0.5385517
0.5721929
0.5393179
0.5551043
0.539986
0.5560722
0.5769469
0.576239
0.51304543
0.5798259
0.50381744
0.49637857
0.52192104
0.56926024
0.5425155
0.55427945
0.5667249
0.541483
0.5117987
0.501047
0.5273372
0.5436261
0.5400212
0.5671927
0.50909626
0.57483125
0.5612735
