0.3047228
0.3047228
0.3047228
0.3047228
0.3119663
0.3119663
0.35691303
0.35691303
0.3721213
0.3721213
0.3721213
0.3721213
0.3721213
0.40365174
0.40365174
0.40365174
0.40365174
0.40774465
0.40774465
0.40774465
0.40774465
0.40774465
0.42510653
0.42510653
0.42713904
0.43120307
0.43120307
0.43120307
0.48274487
0.48274487
0.48274487
0.48274487
0.48274487
0.48274487
0.48274487
0.48274487
0.48274487
0.48274487
0.48274487
0.48274487
0.48274487
0.48274487
0.48274487
0.48274487
0.48274487
0.48274487
0.48274487
0.48274487
0.48776388
0.48776388
0.48776388
0.48776388
0.49348265
0.49348265
0.49348265
0.49348265
0.49458045
0.49458045
0.49458045
0.49458045
0.49458045
0.49458045
0.49458045
0.49458045
0.49458045
0.49458045
0.49458045
0.49458045
0.49458045
0.49458045
0.49458045
0.49458045
0.49458045
0.49458045
0.49458045
0.49458045
0.49458045
0.49458045
0.49458045
0.49458045
0.49458045
0.49458045
0.49458045
0.49458045
0.55265415
0.55265415
0.55265415
0.55265415
0.55265415
0.55265415
0.55265415
0.55265415
0.55265415
0.55265415
0.55265415
0.55265415
0.55265415
0.55265415
0.55265415
0.55265415
0.55265415
0.55265415
0.55265415
0.55265415
0.55265415
0.55265415
0.55265415
0.55265415
0.55265415
0.55265415
0.55265415
0.55265415
0.55265415
0.55265415
0.55265415
0.55265415
0.55265415
0.55265415
0.55265415
0.55265415
0.55265415
0.55265415
0.55265415
0.55265415
0.55265415
0.55265415
0.55265415
0.55265415
0.55265415
0.55265415
0.55265415
0.55265415
0.55265415
0.55265415
0.55265415
0.5766166
0.5766166
0.5766166
0.5766166
0.5766166
0.5766166
0.5766166
0.5766166
0.5766166
0.5766166
0.5766166
0.5766166
0.5766166
0.5766166
0.5766166
0.5766166
0.5766166
0.5766166
0.5766166
0.5766166
0.5766166
0.5766166
0.5766166
0.5766166
0.5766166
0.5766166
0.5766166
0.5766166
0.5766166
0.5766166
0.5766166
0.5766166
0.5766166
0.5766166
0.5766166
0.5766166
0.5766166
0.5766166
0.5766166
0.5766166
0.5766166
0.5766166
0.5766166
0.5766166
0.5766166
0.584834
0.5854802
0.5854802
0.5976068
0.5976068
0.5976068
0.5976068
0.5976068
0.5976068
0.5976068
0.5976068
0.5976068
0.5976068
0.5976068
0.5976068
0.5976068
0.5976068
0.5976068
0.5976068
0.5976068
0.5976068
0.5976068
0.5976068
0.5976068
0.5976068
0.5976068
0.5976068
0.5976068
0.5976068
0.5976068
0.5976068
0.5976068
0.6002175
0.6002175
0.6002175
0.6002175
0.6002175
0.6002175
0.6002175
0.6002175
0.6002175
0.6002175
0.6002175
0.6002175
0.6002175
0.6002175
0.60461706
0.60461706
0.60461706
0.60461706
0.60461706
0.60461706
0.60461706
0.60461706
0.60461706
0.60461706
0.60461706
0.60461706
0.60461706
0.60461706
0.60461706
0.60461706
0.60461706
0.60461706
0.60461706
0.60461706
0.60461706
0.60461706
0.60461706
0.60461706
0.60461706
0.60461706
0.60461706
0.60461706
0.60461706
0.60461706
0.60461706
0.60461706
0.60461706
0.60461706
0.60461706
0.60461706
0.60461706
0.60461706
0.60461706
0.60461706
0.60461706
0.60461706
0.60461706
0.60461706
0.60461706
0.60461706
0.60461706
0.60461706
0.60461706
0.60461706
0.60461706
0.60461706
0.60461706
0.60461706
0.60461706
0.60461706
0.60461706
0.60461706
0.60461706
0.60461706
0.60461706
0.60461706
0.60461706
0.60461706
0.60461706
0.60461706
0.60461706
0.60461706
0.60461706
0.60461706
0.60461706
0.60461706
0.60461706
0.60461706
0.60461706
0.60461706
0.60461706
0.60461706
0.60461706
0.60461706
0.6109869
0.6109869
0.6109869
0.6109869
0.6109869
0.6109869
0.6109869
0.6109869
0.6109869
0.6109869
0.6109869
0.6109869
0.6109869
0.6109869
0.6109869
0.6109869
0.6109869
0.6109869
0.6109869
0.6109869
0.6109869
0.6109869
0.6109869
0.6109869
0.6109869
0.6109869
0.6109869
0.6109869
0.6109869
0.6109869
0.6109869
0.6109869
0.6109869
0.61570716
0.61570716
0.61570716
0.61570716
0.61570716
0.61570716
0.61570716
0.61570716
0.61570716
0.61570716
0.61570716
0.61570716
0.61570716
0.61570716
0.61570716
0.61570716
0.61570716
0.61570716
0.61570716
0.61570716
0.61570716
0.61570716
0.61570716
0.61570716
0.61570716
0.61570716
0.61570716
0.61570716
0.61570716
0.61570716
0.61570716
0.61570716
0.61570716
0.61570716
0.61570716
0.61570716
0.61570716
0.61570716
0.61570716
0.61570716
0.61570716
0.61570716
0.61570716
0.61570716
0.61570716
0.61570716
0.61570716
0.61570716
0.61570716
0.61570716
0.61570716
0.61570716
0.61570716
0.61570716
0.61570716
0.61570716
0.61570716
0.61570716
0.61570716
0.61570716
0.61570716
0.61570716
0.61570716
0.61570716
0.61570716
0.61570716
0.61570716
0.61570716
0.61570716
0.61570716
0.61570716
0.61570716
0.61570716
0.61570716
0.61570716
0.61570716
0.61570716
0.61570716
0.61570716
0.61570716
0.61570716
0.61570716
0.61570716
0.61570716
0.61570716
0.6159332
0.6159332
0.6159332
0.6159332
0.6159332
0.6159332
0.6159332
0.6159332
0.6159332
0.6159332
0.6159332
0.6159332
0.6159332
0.6159332
0.6159332
0.6159332
0.6159332
0.6159332
0.6159332
0.6159332
0.6159332
0.6159332
0.6183312
0.6183312
0.6183312
0.6183312
0.6183312
0.6183312
0.6183312
0.6183312
0.6183312
0.6183312
0.6183312
0.6183312
0.6183312
0.6183312
0.6183312
0.6183312
0.6183312
0.6183312
0.6183312
0.6183312
0.6183312
0.6183312
0.6183312
0.6183312
0.6183312
0.6183312
0.6183312
0.6183312
0.6183312
0.6183312
0.6183312
0.6183312
0.6183312
0.6183312
0.6183312
0.6183312
0.6183312
0.6183312
0.6183312
0.6183312
0.6183312
0.6183312
0.6183312
0.6183312
0.6183312
0.6183312
0.6183312
0.6183312
0.6183312
0.6183312
0.6183312
0.6183312
0.6183312
0.6183312
0.6183312
