1.8614209
0.09307104
0.16092494
0.18948731
0.23409088
0.26657
0.26367015
0.2839585
0.25707287
0.2834704
0.30797893
0.22243199
0.25674772
0.28023618
0.278387
0.29604533
0.2862423
0.31528184
0.2835249
0.2855391
0.29697555
0.31323346
0.34270376
0.28232464
0.30334097
0.31891304
0.3362654
0.3662172
0.3298141
0.34499294
0.32632583
0.39116946
0.35735998
0.38125697
0.38036725
0.38375795
0.39827174
0.3871266
0.41506252
0.3695122
0.4093833
0.39117083
0.3794226
0.3982805
0.37758824
0.40909702
0.40647474
0.41822082
0.42210993
0.40933275
0.42090425
0.42679945
0.3773529
0.40157977
0.38320804
0.40866223
0.42179585
0.39898008
0.42844215
0.42918807
0.46193093
0.4157837
0.4274079
0.45072454
0.4612863
0.44085756
0.4579975
0.45191106
0.45759517
0.45837814
0.46519375
0.43902525
0.45001015
0.4476131
0.44396958
0.45024815
0.46870494
0.40937963
0.45838016
0.45492658
0.46346512
0.46405688
0.47468925
0.37723115
0.4543268
0.46521157
0.44703627
0.46820632
0.4723781
0.4912448
0.38560706
0.42060843
0.3897264
0.42272657
0.43663946
0.4653298
0.42578498
0.44223723
0.46358785
0.46005553
0.46693316
0.4423766
0.4554177
0.4455711
0.4692201
0.47843605
0.4439085
0.46941
0.44989452
0.45835418
0.4906167
0.4290227
0.46506348
0.47578725
0.47579852
0.44286236
0.4727172
0.4657014
0.46877155
0.46924263
0.5005028
0.40934962
0.42692265
0.42269784
0.470013
0.4583643
0.45668402
0.48778456
0.48169428
0.4989067
0.46766114
0.49640593
0.49263692
0.48934746
0.5157053
0.4766857
0.5007225
0.49607453
0.5114245
0.51673424
0.51925856
0.5213467
0.51760626
0.5184886
0.48929825
0.50519425
0.50136894
0.50722
0.50142395
0.532347
0.40508842
0.4580865
0.4758199
0.49490565
0.44635257
0.50425327
0.48815814
0.5201019
0.5091947
0.5072044
0.534176
0.53218037
0.54584086
0.4941247
0.4779769
0.53063285
0.49886918
0.5353285
0.5210072
0.5024687
0.52136725
0.5277611
0.52935565
0.53410095
0.5452065
0.51847297
0.5305332
0.5408494
0.54385597
0.54945475
0.53600913
0.55238473
0.47663826
0.51920384
0.545147
0.5420691
0.53959215
0.5603672
0.4345758
0.53280693
0.50173
0.5256654
0.5526796
0.51911247
0.5188162
0.5465709
0.56297207
0.5565345
0.5548433
0.5446298
0.52213967
0.5458727
0.51378196
0.561885
0.53993195
0.5321903
0.5289893
0.53192484
0.55880296
0.5652301
0.45519623
0.47094026
0.48483753
0.5200257
0.4989241
0.54212135
0.55223733
0.5516931
0.57163155
0.52952665
0.49824962
0.55359924
0.5337717
0.567181
0.5458189
0.56231236
0.5802535
0.42488536
0.46904808
0.5124525
0.5141839
0.51406914
0.5530561
0.51329213
0.484059
0.4819177
0.5365949
0.48937407
0.55256
0.54336053
0.565422
0.5559587
0.49915785
0.57381314
0.5535444
0.5464953
0.5495254
0.5753131
0.55139655
0.5819422
0.5098632
0.5430661
0.58094156
0.5859533
0.5249592
0.5498224
0.5594698
0.56580484
0.5704125
0.57358545
0.5866851
0.5691933
0.56848466
0.53999215
0.5771446
0.56546086
0.5794635
0.58456653
0.56238
0.5925957
0.44748583
0.5376102
0.53418934
0.5686532
0.5357753
0.51862895
0.58127576
0.47093052
0.55072194
0.5192653
0.56023246
0.5201805
0.54677117
0.5737998
0.5609327
0.57049465
0.57647467
0.5816196
0.56089795
0.56883013
0.58450603
0.54802346
0.5407505
0.58546484
0.5620098
0.57938904
0.57916397
0.5826279
0.5822388
0.58882874
0.5599939
0.5633975
0.5648629
0.57795846
0.57319486
0.58251286
0.58779967
0.59022444
0.5937016
0.57349145
0.58141947
0.58741844
0.5714768
0.571762
0.5445523
0.5864399
0.56915283
0.5935958
0.5918928
0.5730133
0.57864386
0.580864
0.56518734
0.5959247
0.553929
0.5325717
0.54844236
0.57637525
0.57357407
0.5584686
0.5427238
0.5599808
0.5736125
0.55956525
0.5941423
0.57233715
0.5636896
0.55831176
0.5631502
0.5594243
0.59778744
0.5566791
0.5442821
0.5780701
0.5763081
0.57307285
0.5854777
0.5545368
0.5909864
0.58671635
0.59240097
0.5615241
0.55902827
0.5888985
0.57640535
0.58758014
0.5910162
0.5637609
0.5736245
0.5858102
0.58664626
0.57807577
0.58618176
0.56606877
0.5822551
0.57351124
0.5901744
0.5958862
0.56645375
0.58434045
0.6032511
0.40399623
0.45152092
0.500975
0.46428365
0.45436233
0.50711775
0.5223329
0.5247722
0.5370532
0.53565216
0.5268015
0.5704161
0.49885187
0.54244
0.5226634
0.55433863
0.53142715
0.5682837
0.56212914
0.579545
0.52439946
0.5353481
0.5715654
0.52289903
0.56168944
0.55136186
0.56762755
0.5511987
0.5676414
0.56627613
0.55878174
0.56574506
0.5875226
0.5525195
0.5611372
0.52091163
0.54141915
0.5453366
0.559683
0.58185416
0.55068797
0.5410834
0.5445887
0.57552755
0.5815442
0.59909403
0.43794522
0.55359876
0.5410902
0.52530634
0.53857017
0.56562006
0.5639499
0.58620644
0.55191755
0.5573706
0.5394019
0.5701808
0.55892766
0.57863414
0.5465275
0.56404793
0.55845547
0.56774706
0.5684847
0.5753192
0.5740715
0.5918309
0.5575498
0.5345503
0.5851866
0.5419518
0.54768634
0.5675584
0.58485454
0.5591613
0.547083
0.5826017
0.5920728
0.55524313
0.56167525
0.57369614
0.5846464
0.57941663
0.5951627
0.5808877
0.5780038
0.5648799
0.59112227
0.58421385
0.5888832
0.5650032
0.5843742
0.57618606
0.59564084
0.57420194
0.577721
0.56365836
0.56005037
0.59884816
0.5976125
0.57008904
0.5515888
0.5887194
0.58783835
0.5735335
0.584412
0.59680253
0.5685064
0.57638055
0.58246714
0.6048864
0.4524187
0.5094455
0.5137374
0.535473
0.5473024
0.53035253
0.5665707
0.51517
0.54722196
0.5514851
0.5887245
0.5147952
0.55521
0.5870502
0.5866961
0.5870546
0.594381
0.5659055
0.5714166
