0.11727487
0.13707104
0.1398887
0.1398887
0.1398887
0.1398887
0.1398887
0.23220041
0.30664295
0.30664295
0.30664295
0.30664295
0.30664295
0.30664295
0.30664295
0.30664295
0.3308077
0.3308077
0.3308077
0.3308077
0.3308077
0.3308077
0.3308077
0.33263677
0.33263677
0.33263677
0.33263677
0.33263677
0.33263677
0.33263677
0.33263677
0.33263677
0.33263677
0.33263677
0.33263677
0.33263677
0.33263677
0.33978507
0.33978507
0.33978507
0.33978507
0.33978507
0.33978507
0.33978507
0.33978507
0.33978507
0.34999663
0.34999663
0.34999663
0.34999663
0.38791764
0.38791764
0.38791764
0.38791764
0.38791764
0.38791764
0.38791764
0.38791764
0.38791764
0.38791764
0.38791764
0.38791764
0.38791764
0.38791764
0.38791764
0.38791764
0.38791764
0.38791764
0.38791764
0.38791764
0.38791764
0.38791764
0.38791764
0.38791764
0.38791764
0.38791764
0.38791764
0.38791764
0.38791764
0.38791764
0.38791764
0.38791764
0.38791764
0.38791764
0.38791764
0.38791764
0.38791764
0.38791764
0.38791764
0.38791764
0.38791764
0.38791764
0.38791764
0.38791764
0.38791764
0.38791764
0.38791764
0.38791764
0.38791764
0.3961659
0.3961659
0.3961659
0.3961659
0.3961659
0.3961659
0.3961659
0.3961659
0.3961659
0.3961659
0.3961659
0.3961659
0.3961659
0.3961659
0.3961659
0.3961659
0.3961659
0.3961659
0.3961659
0.3961659
0.3961659
0.3961659
0.3961659
0.3961659
0.3961659
0.3961659
0.3961659
0.3961659
0.3961659
0.3961659
0.3961659
0.3961659
0.3961659
0.3961659
0.3961659
0.3961659
0.3961659
0.3961659
0.3961659
0.3961659
0.3961659
0.3961659
0.3961659
0.3961659
0.399497
0.399497
0.399497
0.399497
0.399497
0.399497
0.399497
0.399497
0.399497
0.3999369
0.3999369
0.3999369
0.3999369
0.3999369
0.3999369
0.3999369
0.3999369
0.3999369
0.3999369
0.3999369
0.3999369
0.40670714
0.40670714
0.40670714
0.40670714
0.40670714
0.40670714
0.40670714
0.40670714
0.40670714
0.40670714
0.40670714
0.40670714
0.40670714
0.40670714
0.40670714
0.40670714
0.40670714
0.40670714
0.40670714
0.40670714
0.40670714
0.40670714
0.40670714
0.40670714
0.40670714
0.40670714
0.40670714
0.40670714
0.40670714
0.40670714
0.40670714
0.40670714
0.42040175
0.42040175
0.42040175
0.42040175
0.42040175
0.42040175
0.42040175
0.42040175
0.42040175
0.42040175
0.42040175
0.42040175
0.42040175
0.42040175
0.42040175
0.42040175
0.42040175
0.42040175
0.42040175
0.42040175
0.42040175
0.42040175
0.42040175
0.42040175
0.42040175
0.42040175
0.42040175
0.42040175
0.42040175
0.42040175
0.42040175
0.42040175
0.42040175
0.42040175
0.42040175
0.42040175
0.42040175
0.42040175
0.42040175
0.42040175
0.42040175
0.42358017
0.42358017
0.42358017
0.42358017
0.42358017
0.42358017
0.4237411
0.4237411
0.4237411
0.4237411
0.4237411
0.4237411
0.4237411
0.4237411
0.4237411
0.4237411
0.4237411
0.4237411
0.4237411
0.4237411
0.4237411
0.4237411
0.4237411
0.4237411
0.4237411
0.4237411
0.4237411
0.4237411
0.4237411
0.4237411
0.4237411
0.4237411
0.4237411
0.4237411
0.4237411
0.4237411
0.4237411
0.42888597
0.42888597
0.42888597
0.42888597
0.42888597
0.42888597
0.42888597
0.42888597
0.42888597
0.42888597
0.42888597
0.42888597
0.42888597
0.42888597
0.42888597
0.42888597
0.42888597
0.42888597
0.42888597
0.42888597
0.42888597
0.4910809
0.4910809
0.4910809
0.4910809
0.4910809
0.4910809
0.5026486
0.5026486
0.5026486
0.5026486
0.5026486
0.5026486
0.5026486
0.5026486
0.5026486
0.5026486
0.5026486
0.5026486
0.5026486
0.5026486
0.5232695
0.5232695
0.5232695
0.5232695
0.5232695
0.5232695
0.5232695
0.5252932
0.5252932
0.5252932
0.5252932
0.5252932
0.5252932
0.5252932
0.5252932
0.5252932
0.5299183
0.5299183
0.54008615
0.56294787
0.56294787
0.56294787
0.56294787
0.56294787
0.56294787
0.56294787
0.56294787
0.56294787
0.56294787
0.56294787
0.56294787
0.56294787
0.56294787
0.56294787
0.56294787
0.56294787
0.56294787
0.56294787
0.56294787
0.56294787
0.56294787
0.56294787
0.56294787
0.56294787
0.56294787
0.56294787
0.56294787
0.57306266
0.57306266
0.57306266
0.57306266
0.57306266
0.57306266
0.57306266
0.57920665
0.57920665
0.57920665
0.57920665
0.57920665
0.57920665
0.57920665
0.57920665
0.57920665
0.57920665
0.57920665
0.57920665
0.57920665
0.57920665
0.57920665
0.57920665
0.57920665
0.57920665
0.57920665
0.57920665
0.57920665
0.57920665
0.57920665
0.57920665
0.57920665
0.57920665
0.57920665
0.57920665
0.57920665
0.57920665
0.57920665
0.57920665
0.57920665
0.57920665
0.57920665
0.57920665
0.5949469
0.5949469
0.5949469
0.5949469
0.5949469
0.5949469
0.5949469
0.5949469
0.5949469
0.5949469
0.5949469
0.5949469
0.5949469
0.5949469
0.5949469
0.5949469
0.5949469
0.5949469
0.5949469
0.5949469
0.5949469
0.5949469
0.5949469
0.5949469
0.5949469
0.5949469
0.5949469
0.5949469
0.5949469
0.5949469
0.5949469
0.5949469
0.5949469
0.5949469
0.5949469
0.5949469
0.5949469
0.5949469
0.5949469
0.5949469
0.5949469
0.5949469
0.5949469
0.5949469
0.5949469
0.5949469
0.5949469
0.5949469
0.5949469
0.5949469
0.5949469
0.5949469
0.5949469
0.5949469
0.5949469
0.5949469
0.5949469
0.5949469
0.5949469
0.5949469
0.5949469
0.5949469
0.5949469
0.5949469
0.5949469
0.5949469
0.60780025
0.60780025
0.60780025
0.60780025
0.60780025
0.60780025
0.60780025
0.60780025
0.60780025
0.60780025
0.60780025
0.60780025
0.60780025
0.60780025
0.60780025
0.60780025
0.60780025
0.60780025
0.60780025
0.60780025
0.60780025
0.60780025
0.60780025
0.60780025
0.60780025
0.60780025
0.60780025
0.60780025
0.60780025
0.60780025
