0.17815593
0.17815593
0.17815593
0.17815593
0.17815593
0.17815593
0.1916459
0.1916459
0.1916459
0.1916459
0.23515593
0.23515593
0.23515593
0.23515593
0.24888113
0.24888113
0.27922156
0.27922156
0.27922156
0.27922156
0.27922156
0.27922156
0.3646708
0.3646708
0.3646928
0.3646928
0.3646928
0.3646928
0.3647137
0.3647137
0.36677822
0.36677822
0.36677822
0.36677822
0.36677822
0.37395483
0.37395483
0.37395483
0.37395483
0.37618476
0.37618476
0.37618476
0.37712485
0.37712485
0.3806963
0.38098323
0.38174686
0.38174686
0.3823184
0.3823184
0.3823184
0.3823184
0.3823184
0.3823184
0.3823184
0.3823184
0.3823184
0.3823184
0.38256416
0.38256416
0.38256416
0.38256416
0.38256416
0.38256416
0.38256416
0.3833564
0.38739005
0.38739005
0.38739005
0.38739005
0.38739005
0.38739005
0.38739732
0.38772732
0.38794005
0.38919362
0.39221147
0.39375383
0.39375383
0.39375383
0.39375383
0.3940291
0.39759997
0.39759997
0.39759997
0.39759997
0.39759997
0.39759997
0.39759997
0.39759997
0.39759997
0.39759997
0.39759997
0.39759997
0.39759997
0.3991223
0.3991223
0.3991223
0.3991223
0.3991223
0.3991223
0.3991223
0.3991223
0.3991223
0.4013462
0.4013462
0.4013462
0.4013462
0.4013462
0.4013462
0.4013462
0.4013462
0.4013462
0.4013462
0.4013462
0.4013462
0.4013462
0.4013462
0.4073394
0.4073394
0.4073394
0.4073394
0.4073394
0.4073394
0.4073394
0.4073394
0.4073394
0.4073394
0.4073394
0.4073394
0.4092951
0.4092951
0.4092951
0.4092951
0.4092951
0.4092951
0.4092951
0.4092951
0.4092951
0.4092951
0.4092951
0.4092951
0.40941796
0.40941796
0.40941796
0.40941796
0.40941796
0.40998012
0.40998012
0.40998012
0.40998012
0.40998012
0.40998012
0.40998012
0.40998012
0.40998012
0.40998012
0.40998012
0.40998012
0.40998012
0.40998012
0.40998012
0.41223013
0.41223013
0.41223013
0.41223013
0.41223013
0.41223013
0.41223013
0.41223013
0.41223013
0.41223013
0.41223013
0.41223013
0.41223013
0.41223013
0.41223013
0.41223013
0.41223013
0.41223013
0.41223013
0.41223013
0.41223013
0.41223013
0.41293222
0.4129751
0.4129751
0.4129751
0.4129751
0.4129751
0.4129751
0.4129751
0.4129751
0.4129751
0.4129751
0.4129751
0.4129751
0.4129751
0.4129751
0.4129751
0.4129751
0.4129751
0.4129751
0.4129751
0.4130178
0.4130178
0.4130178
0.4130178
0.4130178
0.4130178
0.4130178
0.4130178
0.4130178
0.4130178
0.4130178
0.4142464
0.4142464
0.4142464
0.41476458
0.41476458
0.41476458
0.41476458
0.41476458
0.41476458
0.41476458
0.41476458
0.41476458
0.41476458
0.41476458
0.41476458
0.41476458
0.41476458
0.41476458
0.41476458
0.41476458
0.41476458
0.41476458
0.41476458
0.41476458
0.41476458
0.41476458
0.41476458
0.41476458
0.4148173
0.4148173
0.4148173
0.4148173
0.4148173
0.4148173
0.4148173
0.4148173
0.4148173
0.4148173
0.4148173
0.4148173
0.41625607
0.41625607
0.41625607
0.41625607
0.41625607
0.41625607
0.41625607
0.41625607
0.41625607
0.41625607
0.41625607
0.41625607
0.41625607
0.41625607
0.41625607
0.41625607
0.41625607
0.41625607
0.41625607
0.41625607
0.41625607
0.41625607
0.41625607
0.41625607
0.41625607
0.41625607
0.41625607
0.41625607
0.41625607
0.41625607
0.41625607
0.41625607
0.41625607
0.41625607
0.41625607
0.41625607
0.41625607
0.41625607
0.41625607
0.41625607
0.41625607
0.41625607
0.41625607
0.41625607
0.41625607
0.41625607
0.41625607
0.41625607
0.41625607
0.41625607
0.41625607
0.41625607
0.41625607
0.41625607
0.41625607
0.41625607
0.41625607
0.41625607
0.41625607
0.41625607
0.41625607
0.41625607
0.41625607
0.41625607
0.41625607
0.41625607
0.41625607
0.4164351
0.4164351
0.4164351
0.4164351
0.4164351
0.4164351
0.4164351
0.4164351
0.4164351
0.4164351
0.4164351
0.4164351
0.4164351
0.4164351
0.4164351
0.4164351
0.4164351
0.4164351
0.4164351
0.4164351
0.4164351
0.41672006
0.41672006
0.41672006
0.41672006
0.41672006
0.41672006
0.41672006
0.41672006
0.41672006
0.41672006
0.41680032
0.41680032
0.41680032
0.41680032
0.41680032
0.41717505
0.41717505
0.41717505
0.4190723
0.4190723
0.4190723
0.4190723
0.4190723
0.4190723
0.4190723
0.4190723
0.4190723
0.4190723
0.4190723
0.4190723
0.4190723
0.4190723
0.4190723
0.4190723
0.4190723
0.4190723
0.4190723
0.4190723
0.4190723
0.4190723
0.4190723
0.4194421
0.4194421
0.4194421
0.4194421
0.4194421
0.4194421
0.4194421
0.4194421
0.4194421
0.4194421
0.4194421
0.4194421
0.4194421
0.4194421
0.41947663
0.41947663
0.41947663
0.41947663
0.41947663
0.41947663
0.41947663
0.41947663
0.41947663
0.41947663
0.41947663
0.41947663
0.41947663
0.41947663
0.41947663
0.41947663
0.41947663
0.41947663
0.41947663
0.41947663
0.41947663
0.41947663
0.41947663
0.4196941
0.4196941
0.4196941
0.4196941
0.4196941
0.4196941
0.4196941
0.4196941
0.4196941
0.4196941
0.4196941
0.4196941
0.4196941
0.4196941
0.4196941
0.4196941
0.4196941
0.4196941
0.4196941
0.4196941
0.4196941
0.4196941
0.4196941
0.4196941
0.4196941
0.4196941
0.4196941
0.4196941
0.4196941
0.4196941
0.4196941
0.41982007
0.41982007
0.41982007
0.41982007
0.41982007
0.41982007
0.41982007
0.41982007
0.41982007
0.41982007
0.41982007
0.41982007
0.41982007
0.41982007
0.41982007
0.41982007
0.41982007
0.41982007
0.41982007
0.41982007
0.41982007
0.41982007
0.41982007
0.41982007
0.41982007
0.41982007
0.41982007
0.4198206
0.4198206
0.4198206
0.4198206
0.4198206
0.4198206
0.4198206
0.4198206
0.4198206
0.4198206
0.4198206
0.4198206
0.4198206
0.4198206
0.4198206
0.4198206
0.4198206
0.4198206
0.4198206
0.4198206
0.4198206
0.4198206
