0.26711848
0.27396578
0.27396578
0.27396578
0.32905072
0.32905072
0.33979937
0.33979937
0.34007955
0.34007955
0.34018865
0.34018865
0.34018865
0.34018865
0.34273067
0.3736605
0.3736605
0.3736605
0.3736605
0.3736605
0.3736605
0.3736605
0.3736605
0.3736605
0.3736605
0.3736605
0.3736605
0.3736605
0.3736605
0.3736605
0.3736605
0.38965133
0.38965133
0.38965133
0.38965133
0.38965133
0.38965133
0.38965133
0.38965133
0.38965133
0.38965133
0.40125662
0.40125662
0.40125662
0.40125662
0.40125662
0.40527827
0.40527827
0.40527827
0.40963385
0.41006944
0.41006944
0.41006944
0.41006944
0.41006944
0.41006944
0.41006944
0.41006944
0.41006944
0.41006944
0.41006944
0.41006944
0.41006944
0.41006944
0.41006944
0.41331044
0.41331044
0.41331044
0.41331044
0.41331044
0.41331044
0.41515192
0.41515192
0.41515192
0.41515192
0.41515192
0.41515192
0.41515192
0.41515192
0.41515192
0.41515192
0.41515192
0.41515192
0.41515192
0.41515192
0.41515192
0.41515192
0.41515192
0.41515192
0.41515192
0.41515192
0.41515192
0.41515192
0.41515192
0.41515192
0.41515192
0.41515192
0.41515192
0.41515192
0.41515192
0.41515192
0.41515192
0.41515192
0.41515192
0.41515192
0.41515192
0.41515192
0.41515192
0.41515192
0.41515192
0.41515192
0.41515192
0.41515192
0.41515192
0.41515192
0.41515192
0.41515192
0.41515192
0.41515192
0.41515192
0.41515192
0.41515192
0.41515192
0.41515192
0.41515192
0.41515192
0.41515192
0.41515192
0.41515192
0.41515192
0.41515192
0.41515192
0.41515192
0.41515192
0.41515192
0.41515192
0.41515192
0.41515192
0.41515192
0.41515192
0.41515192
0.41515192
0.41515192
0.41515192
0.41515192
0.41515192
0.41515192
0.41515192
0.41515192
0.41528457
0.41528457
0.41528457
0.41528457
0.41528457
0.41528457
0.41528457
0.41528457
0.41528457
0.41528457
0.41528457
0.41528457
0.41528457
0.41528457
0.41528457
0.41528457
0.41528457
0.41528457
0.41528457
0.41528457
0.41528457
0.41528457
0.41528457
0.41528457
0.41528457
0.41528457
0.41528457
0.41528457
0.41528457
0.41528457
0.41528457
0.41528457
0.41528457
0.4157315
0.4157315
0.4157315
0.4157315
0.4157315
0.4157315
0.4157315
0.4157315
0.4157315
0.4157315
0.4157315
0.4157315
0.4157846
0.4157846
0.4157846
0.4157846
0.4157846
0.4157846
0.4157846
0.4157846
0.4157846
0.4157846
0.4157846
0.4157846
0.4157846
0.4157846
0.4157846
0.4157846
0.4157846
0.4157846
0.4157846
0.4157846
0.4157846
0.4157846
0.4157846
0.41586906
0.41586906
0.41586906
0.41586906
0.41586906
0.41586906
0.41586906
0.41586906
0.41586906
0.41586906
0.41586906
0.41586906
0.41586906
0.41586906
0.41586906
0.41586906
0.4167551
0.4167551
0.4167551
0.4167551
0.4167551
0.4167551
0.4167551
0.4167551
0.4167551
0.4167551
0.4167551
0.4167551
0.4167551
0.4167551
0.4167551
0.4167551
0.4167551
0.4167551
0.4167551
0.4167551
0.4167551
0.4167551
0.4167551
0.4167551
0.4167551
0.4167551
0.4167551
0.4167551
0.4167551
0.4167551
0.4167551
0.4167551
0.4167551
0.4167551
0.4184589
0.4184589
0.4184589
0.4184589
0.4184589
0.4184589
0.4184589
0.4184589
0.4184589
0.4184589
0.4184589
0.4184589
0.4184589
0.4184589
0.4184589
0.4184589
0.4184589
0.4184589
0.4184589
0.4184589
0.4184589
0.4184589
0.4184589
0.4184589
0.4184589
0.4184589
0.4184589
0.4184589
0.4184589
0.4184589
0.4184589
0.4184589
0.4184589
0.4184589
0.4184589
0.4184589
0.4184589
0.4184589
0.4184589
0.4184589
0.4184589
0.4184589
0.4184589
0.4184589
0.4184589
0.4184589
0.4184589
0.4184589
0.4184589
0.4184589
0.4184589
0.4184589
0.4184589
0.4184589
0.4184589
0.4184589
0.4184589
0.4184589
0.4184589
0.4184589
0.4184589
0.4184589
0.4184589
0.4184589
0.4184589
0.4184589
0.41863352
0.41863352
0.41863352
0.41863352
0.41863352
0.41863352
0.41863352
0.41863352
0.41863352
0.41863352
0.41863352
0.41863352
0.41863352
0.41863352
0.41863352
0.41863352
0.41863352
0.41863352
0.41863352
0.41863352
0.41863352
0.41863352
0.41863352
0.41863352
0.41863352
0.41863352
0.41863522
0.41863522
0.41863522
0.41863522
0.41863522
0.41863522
0.41863522
0.41863522
0.41863522
0.41863522
0.41863522
0.41863522
0.41863522
0.41863522
0.41863522
0.41863522
0.41863522
0.41863522
0.41863522
0.41863522
0.41863522
0.41863522
0.41863522
0.41863522
0.41863522
0.41863522
0.41863522
0.41863522
0.41863522
0.41863522
0.41863522
0.41863522
0.41863522
0.41863522
0.41863522
0.41863522
0.41863522
0.41863522
0.41863522
0.41863522
0.41863522
0.41863522
0.41863522
0.41863522
0.41863522
0.41863522
0.41863522
0.41863522
0.41863522
0.41863522
0.41863522
0.41863522
0.41863522
0.41863522
0.41863522
0.41863522
0.41863522
0.41863522
0.41863522
0.41863522
0.41863522
0.41863522
0.41863522
0.41863522
0.41863522
0.41863522
0.41863522
0.41863522
0.41863522
0.41863522
0.41863522
0.41863522
0.41863522
0.41863522
0.41863522
0.41863522
0.41863522
0.41863522
0.41871798
0.41871798
0.41871798
0.41871798
0.41871798
0.41871798
0.41871798
0.41871798
0.41871798
0.41871798
0.41871798
0.41871798
0.41871798
0.41871798
0.41871798
0.41871798
0.41871798
0.41871798
0.41871798
0.41871798
0.41871798
0.41871798
0.41871798
0.41871798
0.41871798
0.41871798
0.41871798
0.41871798
0.41871798
0.41871798
0.41884395
0.41884395
0.41884395
0.41884395
0.41884395
0.41884395
0.41884395
0.41884395
0.41884395
0.41884395
0.41884395
0.41884395
0.41884395
0.41884395
0.41884395
0.41884395
0.41884395
0.41884395
0.41884395
0.41884395
0.41884395
0.41884395
0.41884395
0.41884395
0.41884395
0.41884395
0.41884395
0.41884395
0.41884395
0.41884395
0.41884395
0.41884395
0.41884395
0.41884395
0.41884395
0.41884395
0.41884395
0.41884395
0.41884395
0.41884395
0.41884395
0.41884395
0.41884395
0.41884395
0.41884395
0.41884395
0.41884395
0.41884395
0.41884395
0.41884395
0.41884395
0.41884395
0.41884395
0.41884395
0.41884395
0.41884395
0.41884395
0.41884395
0.41884395
0.41884395
0.41884395
0.41884395
0.41884395
0.41884395
0.41884395
0.41884395
0.41884395
0.41884395
0.41884395
0.41884395
0.41884395
0.41884395
0.41884395
0.41884395
0.41884395
0.41884395
0.41884395
0.41884395
0.41884395
0.41884395
0.41884395
0.41884395
0.41884395
0.41884395
0.41884395
0.41884395
0.41884395
0.41884395
0.41884395
0.41884395
0.41884395
0.41884395
0.41884395
0.41884395
0.41884395
0.41884395
0.41884395
0.41884395
0.41884395
0.41884395
0.41884395
0.41884395
0.41884395
0.41884395
0.41884395
0.41884395
0.41884395
0.41884395
0.41884395
0.41884395
0.41884395
0.41884395
0.41884395
0.41884395
0.41884395
0.41884395
0.41884395
0.41884395
0.41884395
0.41884395
0.41884395
0.41884395
0.41884395
0.41884395
0.41884395
0.41884395
0.41884395
0.41884395
0.41884395
0.41884395
0.41884395
0.41884395
0.41884395
0.41884395
0.41884395
0.41884395
0.41884395
0.41884395
0.41884395
0.41884395
0.41884395
0.41884395
0.41884395
0.41884395
0.41884395
0.41884395
0.41884395
0.41884395
0.41884395
0.41884395
0.41884395
0.41884395
0.41884395
0.41884395
0.41884395
0.41884395
0.41884395
0.41884395
0.41884395
0.41884395
0.41884395
0.41884395
0.41884395
0.41884395
0.41884395
0.41884395
0.41884395
0.41884395
0.41884395
0.41884395
0.41884395
0.41884395
0.41884395
0.41884395
0.41884395
0.41884395
0.41884395
0.41884395
0.41884395
0.41884395
0.41884395
0.41884395
0.41884395
0.41884395
0.41884395
0.41884395
0.41884395
0.41884395
0.41884395
0.41884395
0.41884395
0.41884395
0.41884395
0.41884395
0.41884395
0.41884395
0.41884395
0.41884395
0.41884395
0.41884395
0.41884395
0.41884395
0.41884395
0.41884395
0.41884395
0.41884395
0.41884395
0.41884395
0.41884395
0.41884395
0.41884395
0.41884395
0.41884395
0.41884395
0.41884395
0.41884395
0.41884395
0.41884395
0.41884395
0.41884395
0.41884395
0.41884395
0.41884395
0.41884395
0.41884395
0.41884395
0.41884395
0.41884395
0.41884395
0.41884395
0.41884395
0.41884395
0.41884395
0.41884395
0.41884395
0.41884395
0.41884395
0.41884395
0.41884395
0.41884395
0.41884395
0.41884395
0.41884395
0.41884395
0.41884395
0.41884395
0.41884395
0.41884395
0.41884395
0.41884395
0.41884395
0.41884395
0.41884395
0.41884395
0.41884395
0.41884395
0.41884395
0.41884395
0.41884395
0.41884395
0.41884395
0.41884395
0.41884395
0.41884395
0.41884395
0.41884395
0.41884395
0.41884395
0.41884395
0.41884395
0.41884395
0.41884395
0.41884395
0.41884395
0.41884395
0.41884395
0.41884395
0.41884395
0.41884395
0.41884395
0.41884395
0.41884395
0.41884395
0.41884395
0.41884395
0.41884395
0.41884395
0.41884395
0.41884395
0.41884395
0.41884395
0.41884395
0.41884395
0.41884395
0.41884395
0.41884395
0.41884395
0.41884395
0.41884395
0.41884395
0.41884395
0.41884395
0.41884395
0.41884395
0.41884395
0.41884395
0.41884395
0.41884395
0.41884395
0.41884395
0.41884395
0.41884395
0.41884395
0.41884395
0.41884395
0.41884395
0.41884395
0.41884395
0.41884395
0.41884395
0.41884395
0.41884395
0.41884395
0.41884395
0.41884395
0.41884395
0.41884395
0.41884395
0.41884395
0.41884395
0.41884395
0.41884395
0.41884395
0.41884395
0.41884395
0.41884395
0.41884395
0.41884395
0.41884395
0.41884395
0.41884395
0.41884395
0.41884395
0.41884395
0.41884395
0.41884395
0.41884395
0.41884395
0.41884395
0.41884395
0.41884395
0.41884395
0.41884395
0.41884395
0.41884395
0.41884395
0.41884395
0.41884395
0.41884395
0.41884395
0.41884395
0.41884395
0.41884395
0.41884395
0.41884395
0.41884395
0.41884395
0.41884395
0.41884395
0.41884395
0.41884395
0.41884395
0.41884395
0.41884395
0.41884395
0.41884395
0.41884395
0.41884395
0.41884395
0.41884395
0.41884395
0.41884395
0.41884395
0.41884395
0.41884395
0.41884395
0.41884395
0.41884395
0.41884395
0.41884395
0.41884395
0.41884395
0.41884395
0.41884395
0.41884395
0.41884395
0.41884395
0.41884395
0.41884395
0.41884395
0.41884395
0.41884395
0.41884395
0.41884395
0.41884395
0.41884395
0.41884395
0.41884395
0.41884395
0.41884395
0.41884395
0.41884395
0.41884395
0.41884395
0.41884395
0.41884395
0.41884395
0.41884395
0.41884395
0.41884395
0.41884395
0.41884395
0.41884395
0.41884395
0.41884395
0.41884395
0.41884395
0.41884395
0.41884395
0.41884395
0.41884395
0.41884395
0.41884395
0.41884395
0.41884395
0.41884395
0.41884395
0.41884395
0.41884395
0.41884395
0.41884395
0.41884395
0.41884395
0.41884395
0.41884395
0.41884395
0.41884395
0.41884395
0.41884395
0.41884395
0.41884395
0.41884395
0.41884395
0.41884395
0.41884395
0.41884395
0.41884395
0.41884395
0.41884395
0.41884395
0.41884395
0.41884395
0.41884395
0.41884395
0.41884395
0.41884395
0.41884395
0.41884395
0.41884395
0.41884395
0.41884395
0.41884395
0.41884395
0.41884395
0.41884395
0.41884395
0.41884395
0.41884395
0.41884395
0.41884395
0.41884395
0.41884395
0.41884395
0.41884395
0.41884395
0.41884395
0.41884395
0.41884395
0.41884395
0.41884395
0.41884395
0.41884395
0.41884395
0.41884395
0.41884395
0.41884395
0.41884395
0.41884395
0.41884395
0.41884395
0.41884395
0.41884395
0.41884395
0.41884395
0.41884395
0.41884395
0.41884395
0.41884395
0.41884395
0.41884395
0.41884395
0.41884395
0.41884395
0.41884395
0.41884395
0.41884395
0.41884395
0.41884395
0.41884395
0.41884395
0.41884395
0.41884395
0.41884395
0.41884395
0.41884395
0.41884395
0.41884395
0.41884395
0.41884395
0.41884395
0.41884395
0.41884395
0.41884395
0.41884395
