0.12890588
0.14867902
0.14867902
0.16369689
0.16369689
0.17502984
0.17502984
0.177986
0.177986
0.17867182
0.1789666
0.18265392
0.18265392
0.18265392
0.18265392
0.19117391
0.19117391
0.20266007
0.20266007
0.20282927
0.20282927
0.20282927
0.21017687
0.21017687
0.21017687
0.21017687
0.21017687
0.21107154
0.21107154
0.21107154
0.21107154
0.21107154
0.21107154
0.21107154
0.21202928
0.21202928
0.21202928
0.21202928
0.21202928
0.21202928
0.21202928
0.21202928
0.21202928
0.21288489
0.22984391
0.22984391
0.22984391
0.22984391
0.22984391
0.22984391
0.22984391
0.22984391
0.22984391
0.22984391
0.22984391
0.22984391
0.22984391
0.22984391
0.22984391
0.22984391
0.22984391
0.22984391
0.22984391
0.22984391
0.22984391
0.22984391
0.22984391
0.22984391
0.22984391
0.22984391
0.22984391
0.22984391
0.22984391
0.22984391
0.22984391
0.22984391
0.22984391
0.22984391
0.22984391
0.22984391
0.22984391
0.22984391
0.22984391
0.22984391
0.22984391
0.22984391
0.22984391
0.22984391
0.22984391
0.22984391
0.22984391
0.22984391
0.22984391
0.22984391
0.22984391
0.22984391
0.22984391
0.22984391
0.22984391
0.22984391
0.22984391
0.22984391
0.22984391
0.22984391
0.22984391
0.22984391
0.22984391
0.22984391
0.22984391
0.22984391
0.22984391
0.22984391
0.22984391
0.22984391
0.22984391
0.22984391
0.22984391
0.22984391
0.22984391
0.22984391
0.22984391
0.22984391
0.22984391
0.22984391
0.22984391
0.22984391
0.22984391
0.22984391
0.22984391
0.22984391
0.22984391
0.22984391
0.22984391
0.22984391
0.22984391
0.22984391
0.22984391
0.22984391
0.22984391
0.22984391
0.22984391
0.22984391
0.22984391
0.22984391
0.22984391
0.22984391
0.22984391
0.22984391
0.22984391
0.22984391
0.22984391
0.22984391
0.22984391
0.22984391
0.22984391
0.22984391
0.22984391
0.22984391
0.22984391
0.22984391
0.22984391
0.22984391
0.22984391
0.22984391
0.22984391
0.22984391
0.22984391
0.22984391
0.22984391
0.22984391
0.22984391
0.22984391
0.22984391
0.22984391
0.22984391
0.22984391
0.22984391
0.22984391
0.22984391
0.22984391
0.22984391
0.22984391
0.22984391
0.22984391
0.22984391
0.22984391
0.22984391
0.22984391
0.22984391
0.22984391
0.22984391
0.22984391
0.22984391
0.22984391
0.22984391
0.22984391
0.22984391
0.22984391
0.22984391
0.22984391
0.22984391
0.22984391
0.22984391
0.22984391
0.22984391
0.22984391
0.22984391
0.22984391
0.22984391
0.22984391
0.22984391
0.22984391
0.22984391
0.22984391
0.22984391
0.22984391
0.22984391
0.22984391
0.22984391
0.22984391
0.22984391
0.22984391
0.22984391
0.22984391
0.22984391
0.22984391
0.22984391
0.22984391
0.22984391
0.22984391
0.22984391
0.22984391
0.22984391
0.22984391
0.22984391
0.22984391
0.22984391
0.22984391
0.22984391
0.22984391
0.22984391
0.22984391
0.22984391
0.22984391
0.22984391
0.22984391
0.22984391
0.22984391
0.22984391
0.22984391
0.22984391
0.22984391
0.22984391
0.22984391
0.22984391
0.22984391
0.22984391
0.22984391
0.22984391
0.22984391
0.22984391
0.22984391
0.22984391
0.22984391
0.22984391
0.22984391
0.22984391
0.22984391
0.22984391
0.22984391
0.22984391
0.22984391
0.22984391
0.22984391
0.22984391
0.22984391
0.22984391
0.22984391
0.22984391
0.22984391
0.22984391
0.22984391
0.22984391
0.22984391
0.22984391
0.22984391
0.22984391
0.22984391
0.22984391
0.22984391
0.22984391
0.22984391
0.22984391
0.22984391
0.22984391
0.22984391
0.22984391
0.22984391
0.22984391
0.22984391
0.22984391
0.22984391
0.22984391
0.22984391
0.22984391
0.22984391
0.22984391
0.22984391
0.22984391
0.22984391
0.22984391
0.22984391
0.22984391
0.22984391
0.22984391
0.22984391
0.22984391
0.22984391
0.22984391
0.22984391
0.22984391
0.22984391
0.22984391
0.22984391
0.22984391
0.22984391
0.22984391
0.22984391
0.22984391
0.22984391
0.22984391
0.22984391
0.22984391
0.22984391
0.22984391
0.22984391
0.22984391
0.22984391
0.22984391
0.22984391
0.22984391
0.22984391
0.22984391
0.22984391
0.22984391
0.22984391
0.22984391
0.22984391
0.22984391
0.22984391
0.22984391
0.22984391
0.22984391
0.22984391
0.22984391
0.22984391
0.22984391
0.22984391
0.22984391
0.22984391
0.22984391
0.22984391
0.22984391
0.22984391
0.22984391
0.22984391
0.22984391
0.22984391
0.22984391
0.22984391
0.22984391
0.22984391
0.22984391
0.22984391
0.22984391
0.22984391
0.22984391
0.22984391
0.22984391
0.22984391
0.22984391
0.22984391
0.22984391
0.22984391
0.22984391
0.22984391
0.22984391
0.22984391
0.22984391
0.22984391
0.22984391
0.22984391
0.22984391
0.22984391
0.22984391
0.22984391
0.22984391
0.22984391
0.22984391
0.22984391
0.22984391
0.22984391
0.22984391
0.22984391
0.22984391
0.22984391
0.22984391
0.22984391
0.22984391
0.22984391
0.22984391
0.22984391
0.22984391
0.22984391
0.22984391
0.22984391
0.22984391
0.22984391
0.22984391
0.22984391
0.22984391
0.22984391
0.22984391
0.22984391
0.22984391
0.22984391
0.22984391
0.22984391
0.22984391
0.22984391
0.22984391
0.22984391
0.22984391
0.22984391
0.22984391
0.22984391
0.22984391
0.22984391
0.22984391
0.22984391
0.22984391
0.22984391
0.22984391
0.22984391
0.22984391
0.22984391
0.22984391
0.22984391
0.22984391
0.22984391
0.22984391
0.22984391
0.22984391
0.22984391
0.22984391
0.22984391
0.22984391
0.22984391
0.22984391
0.22984391
0.22984391
0.22984391
0.22984391
0.22984391
0.22984391
0.22984391
0.22984391
0.22984391
0.22984391
0.22984391
0.22984391
0.22984391
0.22984391
0.22984391
0.22984391
0.22984391
0.22984391
0.22984391
0.22984391
0.22984391
0.22984391
0.22984391
0.22984391
0.22984391
0.22984391
0.22984391
0.22984391
0.22984391
0.22984391
0.22984391
0.22984391
0.22984391
0.22984391
0.22984391
0.22984391
0.22984391
0.22984391
0.22984391
0.22984391
0.22984391
0.22984391
