6.7027664
0.067027666
0.1125573
0.1513916
0.193098
0.21401867
0.24380471
0.26635623
0.2738669
0.28805763
0.29292965
0.29821187
0.3134276
0.31705505
0.3180414
0.33134103
0.32386518
0.34201705
0.32692447
0.34024987
0.34618717
0.34807345
0.34066913
0.34924456
0.35358223
0.35658318
0.35085472
0.36039343
0.3599025
0.36772954
0.35444033
0.3674431
0.36334553
0.36308613
0.37450165
0.3508539
0.35724214
0.36935946
0.36535382
0.37237185
0.36995655
0.37957257
0.3568012
0.36141488
0.37639582
0.37337252
0.37165546
0.37615678
0.3794932
0.37852344
0.38168675
0.36279777
0.38038808
0.37496698
0.3834871
0.3724856
0.37890112
0.38631764
0.3668826
0.37508678
0.37434688
0.38232082
0.37851658
0.38222468
0.38468277
0.38611126
0.38095942
0.3825515
0.3827224
0.38305074
0.3855929
0.3855694
0.38808265
0.3662577
0.37284222
0.37949714
0.38222897
0.3801665
0.37884167
0.3831525
0.3807684
0.38587916
0.3865093
0.37989888
0.38761696
0.3888434
0.3756464
0.3814549
0.3791444
0.38204455
0.38722816
0.38688675
0.3889521
0.3806466
0.38620034
0.3885843
0.38698345
0.39012823
0.36450827
0.3822527
0.3790689
0.38570815
0.38769245
0.38832173
0.39176777
0.3593829
0.3708811
0.37638783
0.38445106
0.3853692
0.3883284
0.38883808
0.39389503
0.3719019
0.3788357
0.38578156
0.38791382
0.39114204
0.39390457
0.39255852
0.3923337
0.39379498
0.39671472
0.3495042
0.3790166
0.38067868
0.38633904
0.39021838
0.39679188
0.3733064
0.38689896
0.3901764
0.39475358
0.39738378
0.3924012
0.39496985
0.39515495
0.3985304
0.39396477
0.39894882
0.38886714
0.39311543
0.39327243
0.40235862
0.36854604
0.38349
0.39138877
0.3932655
0.39536458
0.39805603
0.39753905
0.39793712
0.40285128
0.397233
0.39744702
0.40201104
0.3994816
0.4046789
0.36789924
0.38969135
0.38959232
0.39377463
0.40244052
0.38414583
0.3952895
0.3931321
0.40262184
0.39490935
0.39206624
0.40300766
0.40189698
0.40652367
0.37895042
0.39503232
0.39753175
0.39985284
0.40091473
0.4028959
0.40118513
0.40527195
0.40049493
0.40128738
0.40116787
0.40579578
0.40341413
0.40560132
0.407015
0.39504397
0.39449528
0.39874804
0.4008386
0.40313762
0.40345088
0.40380657
0.4064965
0.3987062
0.40149853
0.407109
0.40178248
0.401606
0.40576878
0.40711677
0.40607536
0.40604603
0.4053801
0.40787536
0.39614183
0.40157023
0.40616456
0.40502053
0.40892255
0.38024306
0.38524073
0.39903337
0.3945694
0.40296164
0.39440614
0.40116146
0.40349996
0.40672272
0.4021369
0.40133533
0.405098
0.402006
0.40843946
0.40852714
0.40626213
0.40918103
0.36528522
0.3863899
0.39420822
0.40106896
0.40601474
0.38367015
0.39857492
0.40051392
0.40783337
0.39839157
0.39727074
0.39881462
0.4040334
0.40862352
0.40641773
0.407735
0.40799633
0.4075575
0.40979573
0.35502875
0.387258
0.39460155
0.39719388
0.39463913
0.39576063
0.40315968
0.397283
0.40113726
0.3962842
0.40552017
0.40004522
0.4074249
0.39563024
0.399631
0.40472278
0.40726542
0.40871775
0.40290257
0.4048093
0.40642455
0.406079
0.40640533
0.41101465
0.3791457
0.39834157
0.39971995
0.4059902
0.40686107
0.40151882
0.4045254
0.4055817
0.40865016
0.4008134
0.40753475
0.40940365
0.40990654
0.410394
0.41175327
0.37886596
0.4010003
0.40458038
0.39544237
0.40380436
0.404606
0.4062222
0.4079048
0.4099109
0.40865138
0.40538868
0.40884417
0.407884
0.40983468
0.41057432
0.40901038
0.41072494
0.40739173
0.41024998
0.4103667
0.41139537
0.4097655
0.41381684
0.36720484
0.39143953
0.39613667
0.39835784
0.4034174
0.40471604
0.39829195
0.40590432
0.40180033
0.40694356
0.4110759
0.4062279
0.4007162
0.40965104
0.40894675
0.41221854
0.40860462
0.41286716
0.40979698
0.4132174
0.41058826
0.41280878
0.41369012
0.41340688
0.4147775
0.39502978
0.4058377
0.40105727
0.41156968
0.40659112
0.40825298
0.41118008
0.4093685
0.41237092
0.41044
0.41229114
0.41266796
0.41500005
0.36933112
0.39086992
0.4075881
0.39500037
0.3964365
0.40734288
0.4009202
0.40385672
0.40962687
0.40374485
0.40476695
0.41249353
0.4109008
0.40542278
0.4111968
0.41302037
0.40393502
0.41126192
0.4052118
0.4128148
0.4111817
0.41519073
0.37995586
0.39868683
0.40168512
0.40289325
0.40885967
0.40131846
0.4073888
0.41221103
0.39737114
0.4033213
0.40833667
0.4045999
0.41153988
0.41120395
0.41545758
0.378498
0.39966798
0.40578163
0.40298665
0.41368172
0.4025527
0.4042363
0.40715164
0.41543388
0.4059763
0.40389487
0.41153756
0.4126501
0.41224232
0.40870014
0.41537425
0.41482705
0.40796098
0.41511494
0.41554654
0.40614396
0.4089196
0.41212466
0.41413525
0.41355035
0.4126644
0.4129531
0.41699237
0.3865105
0.39697263
0.40490013
0.4008244
0.40746793
0.40833178
0.41086867
0.40905854
0.4135797
0.41196728
0.4127671
0.41552144
0.40893996
0.41119087
0.41294324
0.41254857
0.4171732
0.40918863
0.41043538
0.40759757
0.41095343
0.41092938
0.4158724
0.41172245
0.41586685
0.41608977
0.4090699
0.4157682
0.4138542
0.41515255
0.4141363
0.4150002
0.41747683
0.41304317
0.41466168
0.41197452
0.41572034
0.41428652
0.4143383
0.4177991
0.4180008
0.41239753
0.41194388
0.41223335
0.4171655
0.41718036
0.41738784
0.4181584
0.3924693
0.4055959
0.40269062
0.4049557
0.40519306
0.40436542
0.40746057
0.40598887
0.41428345
0.39837757
0.40602097
0.40842536
0.40784538
0.4082211
0.41317618
0.41392514
0.41196293
0.41500172
0.41346532
0.41409266
0.41645363
0.40855774
0.41678813
0.4161223
0.41636223
0.4121808
0.41641995
0.41699326
0.4144189
0.41471758
0.4154395
0.41699657
0.4171693
0.4162073
0.41436595
0.41775876
0.41811305
0.41386315
0.41249844
0.41733292
0.41389933
0.41237152
