1.1698909
0.058494546
0.08536332
0.13358402
0.1786482
0.17821702
0.18767779
0.18961154
0.20827489
0.20111513
0.21741319
0.20384514
0.22217259
0.22654171
0.2196087
0.23271206
0.24283485
0.25934967
0.31153375
0.31589812
0.32476145
0.3369875
0.34321806
0.34344798
0.34245363
0.345976
0.33232468
0.3073356
0.33564898
0.34619576
0.34754103
0.31961074
0.34910527
0.3197367
0.34903765
0.32800537
0.34991953
0.35471478
0.31752545
0.3549985
0.34694096
0.3597268
0.3200448
0.3482605
0.3381455
0.3364588
0.35548025
0.33114487
0.3401043
0.35592943
0.3618476
0.35018307
0.35462826
0.3683397
0.36526895
0.35684317
0.37161717
0.3605375
0.37406576
0.3331824
0.37437204
0.37440556
0.36790913
0.3652524
0.37722945
0.33864725
0.3623661
0.3608418
0.3717685
0.36698797
0.3750534
0.36256826
0.3774182
0.37884992
0.3585307
0.37413043
0.36946678
0.36746594
0.37859163
0.37198585
0.3802771
0.34557593
0.36417785
0.36466134
0.38034025
0.3790666
0.37196317
0.3711786
0.38304007
0.35502347
0.36667368
0.3572898
0.38061625
0.3523875
0.3639893
0.37742957
0.38259888
0.3762954
0.38566998
0.3772092
0.36839297
0.373763
0.38708597
0.33607656
0.36748448
0.37093872
0.3706092
0.38604978
0.3846543
0.38687932
0.38612574
0.38797167
0.37313023
0.37508762
0.38857847
0.3902852
0.36142817
0.37460518
0.38211057
0.38119298
0.38923645
0.38602254
0.37387237
0.37788874
0.38884395
0.38942584
0.39124876
0.33170384
0.37181655
0.3759009
0.38842636
0.38988727
0.38772708
0.3914569
0.39205498
0.32520115
0.38200742
0.37600547
0.377661
0.38881677
0.37241802
0.3891943
0.39057532
0.37329715
0.3919726
0.39212126
0.39008945
0.38997382
0.38947216
0.39129627
0.39118874
0.38068336
0.39027727
0.39177468
0.39211738
0.3892874
0.38775197
0.39025918
0.3922934
0.34576884
0.38831654
0.3696223
0.38707182
0.3792628
0.38760075
0.38758224
0.37323853
0.3913656
0.37873322
0.39268667
0.33411697
0.37195596
0.3838015
0.38983634
0.38504237
0.38954654
0.37881035
0.37662384
0.38583288
0.38006282
0.3888524
0.3791662
0.3922271
0.37852463
0.37046325
0.38753912
0.39193574
0.39140993
0.38102296
0.38090858
0.39346683
0.33662805
0.39084667
0.38971528
0.38555926
0.3936312
0.38571438
0.37948892
0.3931567
0.38723528
0.38945818
0.3902795
0.37874576
0.39176744
0.36844197
0.38773623
0.39291602
0.38143188
0.3933683
0.38003013
0.3839519
0.39365315
0.37816045
0.39212734
0.38613352
0.39403242
0.36649233
0.38056424
0.39040786
0.38122517
0.3930138
0.3793
0.38609704
0.38448188
0.3929978
0.37675005
0.39202982
0.3920137
0.3808565
0.38158363
0.39167652
0.37590402
0.3892754
0.39382252
0.37954614
0.38989052
0.39083973
0.39224952
0.38890547
0.39274073
0.38224137
0.39114267
0.38061482
0.39221218
0.3905788
0.39326373
0.39407253
0.38174284
0.39355013
0.3878563
0.39234638
0.38087678
0.39233762
0.38946065
0.38855466
0.3941524
0.38391888
0.36741084
0.3873492
0.37677372
0.38949794
0.3808458
0.38311833
0.3935944
0.39289162
0.39428973
0.3235526
0.32561648
0.38334957
0.37682256
0.39083558
0.3786143
0.37669918
0.39170194
0.38700694
0.38332513
0.38840476
0.37258947
0.3925242
0.36409658
0.36034086
0.36425883
0.37770173
0.37481803
0.38581252
0.3746889
0.38055876
0.39270094
0.37844354
0.39253706
0.3753206
0.3930028
0.38070542
0.39431822
0.3349406
0.37932009
0.3834732
0.3701681
0.37488526
0.38043496
0.3925047
0.38196555
0.37344092
0.38088033
0.37864548
0.3935399
0.37610713
0.37809947
0.39024884
0.39467847
0.37743947
0.39197809
0.35984296
0.39362365
0.38016552
0.39428073
0.39513636
0.3446788
0.37680313
0.3952773
0.3912501
0.39600447
0.3889462
0.38783816
0.39624745
0.39637977
0.39640728
0.39050522
0.39468217
0.3953511
0.39695463
0.3830206
0.38283068
0.39274266
0.38405237
0.393514
0.3949724
0.382068
0.39708966
0.30872014
0.3649035
0.36630842
0.38524872
0.39361003
0.3849819
0.3926379
0.39665768
0.38745672
0.39289266
0.38620132
0.38384366
0.3936735
0.3939833
0.38929102
0.39653638
0.39532155
0.38505107
0.39665005
0.38421887
0.39112425
0.3941292
0.3843647
0.39648208
0.3843555
0.3824528
0.39669755
0.39582843
0.39707464
0.37709576
0.38979897
0.3691319
0.3941868
0.38288635
0.39380127
0.3773527
0.3955547
0.3827257
0.39653993
0.39676565
0.3972395
0.34846938
0.38952768
0.39335078
0.37156713
0.3943625
0.39086324
0.392888
0.39679226
0.39648837
0.38320416
0.39652276
0.3687574
0.38403237
0.39339265
0.39552248
0.39466572
0.39463478
0.39343554
0.3967429
0.3959723
0.39723814
0.38102734
0.37920666
0.39623466
0.38244826
0.39587566
0.39646688
0.3974132
0.3855711
0.39276278
0.38664478
0.3915714
0.3666598
0.394876
0.36933172
0.37806374
0.39599156
0.3957854
0.391782
0.39160302
0.3974243
0.38959104
0.3880802
0.3593017
0.39279464
0.39159864
0.39330643
0.3745098
0.39519322
0.35755375
0.38946736
0.39108565
0.39510235
0.37118256
0.39468026
0.38241583
0.39558882
0.39226255
0.37941483
0.38063473
0.3865459
0.3946669
0.385462
0.3834536
0.3942171
0.39679036
0.39707828
0.3939539
0.39620203
0.3961753
0.39557123
0.39664477
0.39748922
0.34827596
0.37709516
0.3788196
0.38174552
0.39402992
0.3674692
0.39500692
0.3835584
0.38208503
0.3942401
0.38464153
0.39658183
0.3961689
0.39642358
0.39387444
0.39694285
0.39062697
0.3854099
0.39161378
0.38635933
0.39707553
0.37411842
0.39462999
0.39730805
0.38886148
0.38013846
0.39432958
0.39127707
0.3646225
0.3924841
0.39742088
0.36808443
0.38235825
0.39206582
0.39582974
0.38334054
0.3939963
0.38236907
0.3960946
0.38921973
0.38516015
0.38481495
0.38455552
0.39545003
0.3971859
0.3970525
0.3974331
0.37025622
0.3953534
0.39192587
0.3944311
0.3952183
0.3769363
0.39668727
0.38038233
0.39685422
0.38856512
0.39687115
0.39561775
0.38624462
0.39592308
0.39762467
0.3512982
0.3636834
0.38376802
0.38354945
0.38587457
0.3778779
0.37266678
0.37900618
0.39328593
0.38532677
0.39549243
0.38704798
0.3940183
0.3968802
0.38593212
0.39169037
0.3804903
0.38349074
0.38118297
0.39639622
0.38626665
0.3954329
0.38288945
0.37606838
0.39660585
0.39674056
0.3930074
0.39205158
0.39499834
0.38330263
0.38293704
0.3944881
0.38594255
0.39766437
0.3772441
0.3894653
0.36364108
0.37592703
0.38073856
0.39611477
0.38745266
0.3830114
0.39645746
0.3920463
0.38052315
0.3968156
0.38078326
0.3978657
0.3799349
0.395847
0.370189
0.38357416
0.3864165
0.38294256
0.39335
0.37751815
0.3892323
0.39772755
0.3721625
0.38221464
0.39084694
0.3880987
0.3924927
0.39660108
0.39360082
0.39319307
0.39373454
0.38439673
0.39644927
0.38420093
0.39799425
0.36616522
0.37373745
0.37867397
0.3939719
0.3888062
0.39620328
0.39637214
0.39775136
0.38107756
0.3739322
0.39604592
0.39269954
0.38184178
0.3851132
0.38527745
0.39659327
0.38315594
0.39610776
0.39729464
0.3935565
0.3980811
0.36995977
0.38696846
0.3928951
0.3777225
0.36374617
0.38848674
0.39514178
0.38900965
0.39743695
0.35570604
0.39491493
0.39815325
0.38121337
0.3844716
0.3969065
0.38223773
0.3947863
0.39243284
0.39484793
0.3975348
0.37396353
0.38167405
0.38288736
0.39834014
0.35176644
0.38788024
0.37747914
0.3786624
0.3935873
0.39607385
0.37728408
0.39776474
0.39726925
0.39053535
0.3972902
0.39675644
0.3864717
0.39801833
0.39810443
0.38908413
0.39765415
0.3985078
0.39500183
0.3909437
0.39649752
0.39477676
0.39634234
0.39702308
0.3950854
0.39827782
0.38596696
0.39598408
0.39470845
0.38607177
0.39517775
0.39715362
0.38488287
0.3986814
0.347562
0.37619227
0.37488207
0.3907513
0.38222635
0.3942049
0.38694102
0.37444633
0.3953218
0.36712945
0.38737983
0.39447388
0.38453227
0.39762902
0.3906769
0.398078
0.38949338
0.39514574
0.3747105
0.3982458
0.38605243
0.38603115
0.3975305
0.39411312
0.38477665
0.39845407
0.3820147
0.37026432
0.38447946
0.39316994
0.38660982
0.37384358
0.36749753
0.38897923
0.39402157
0.3855631
0.39741766
0.39357787
0.3850274
0.39656565
0.38644987
0.39715213
0.38180223
0.38468403
0.39821345
0.3979265
0.39767858
0.39695638
0.395159
0.39795798
0.39878502
0.39277568
0.3961493
0.39782262
0.37156215
0.39759582
0.38627726
0.3842299
0.39797583
0.37454396
0.39867187
0.39597836
0.39668304
0.38565803
0.395264
0.38626206
0.39731425
0.3970731
0.3937164
0.38750616
0.39872068
0.38507384
0.39819545
0.3959733
0.39507383
0.38767523
0.39838356
0.39442942
0.38522667
0.39889723
0.37628105
0.3855788
0.3935927
0.39271897
0.36534902
0.38175046
0.3957892
0.39520818
0.3841136
0.3829165
0.39461416
0.39842236
0.38176042
0.39675075
0.39701366
0.39511353
0.39748627
0.39891544
0.36719006
0.38183945
0.38799733
0.3964634
0.38679484
0.39659625
0.39476484
0.39688635
0.38716966
0.39696956
0.3973974
0.38360244
0.38700452
0.395582
0.39678487
0.39878625
0.39720118
0.38628188
0.3959736
0.3987763
0.3976262
0.3859664
0.3982656
0.39893928
0.3749265
0.3814814
0.35496134
0.3919466
0.3828798
0.39553902
0.3747518
0.394571
0.37398586
0.3960819
0.39111868
0.39468306
0.39781725
0.38549042
0.3964815
0.39704958
0.39809904
0.39519197
0.38649073
0.3984566
0.3878851
0.38578123
0.3945732
0.38430685
0.3970752
0.3842245
0.38171786
0.38308138
0.39398912
0.398786
0.39768538
0.39486447
0.39533794
0.39801428
0.39896184
0.36962366
0.3899143
0.39035052
0.3962486
0.36786076
0.39465496
0.36593047
0.38472876
0.39444953
0.39732108
0.38380718
0.39707902
0.38772354
0.39556995
0.38107392
0.3966532
0.38462585
0.3871238
0.39686745
0.38519642
0.38422373
0.38930267
0.38576803
0.39381203
0.3968076
0.38517016
0.39521927
0.38454795
0.39482528
0.3952487
0.3980933
0.39707068
0.39527148
0.3891443
0.38367587
0.39808297
0.37334305
0.38196206
0.39263043
0.39610806
0.39823312
0.386916
0.39894554
0.37626144
0.3891614
0.39811975
0.39855415
0.3989028
0.38534278
0.39776427
0.39863098
0.3990243
0.37091422
0.38388425
0.39065427
0.3868609
0.3942409
0.39206317
0.38424104
0.39774337
0.38486615
0.39823347
0.3979215
0.3845932
0.3983889
0.38354632
0.39202636
0.38335365
0.381567
0.39551175
0.3868959
0.39885223
0.37556702
0.3842786
0.39661652
0.39696056
0.37631232
0.39815646
0.395119
0.3981108
0.39884457
0.3981345
0.380406
0.39329773
0.3947119
0.39622968
0.39718172
0.3926559
0.39854443
0.3963393
0.39700013
0.3971989
0.39902744
0.3920564
0.39827883
0.39373294
0.39002463
0.39887315
0.39386135
0.38748348
0.39593452
0.38167396
0.39897153
0.39316303
0.39729637
0.39855397
0.39571163
0.3869998
0.39546815
0.39491302
0.39895827
0.38153663
0.3852387
0.38529965
0.39601642
0.39902288
0.39660257
0.3861984
0.38792345
0.39513257
0.39877516
0.39892817
0.39877132
0.393958
0.38669106
0.3990824
0.31570396
0.36310968
0.37936246
0.3813284
0.37951577
0.3921598
0.37418014
0.3903703
0.3961526
0.38170743
0.35373336
0.38111192
0.3815571
0.38450494
0.38280493
0.38900182
0.38503808
0.39608315
0.37184045
0.37625003
0.39680952
0.39689213
0.39838699
0.39717358
0.3988983
0.36918393
0.39209262
0.3873684
0.39782056
0.38604945
0.39834997
0.39831987
0.3826261
0.39734548
0.38555813
0.39721876
0.39574507
0.39596215
0.39856786
0.36968264
0.39410082
0.3958575
0.3724423
0.3749846
0.37771225
0.39511555
0.38692144
0.38532782
0.39707518
0.3980563
0.39889044
0.39391977
0.39842618
0.3988546
0.38305745
0.399046
0.39131123
0.3890542
0.39666817
0.39813957
0.39165282
0.39808273
0.3894919
0.39106962
0.3839681
0.38718647
0.3966779
0.39652547
0.39579216
0.3988381
0.38484973
0.39838785
0.39738414
0.39905244
0.36796486
0.39152786
0.38598457
0.3975223
0.38568982
0.3955093
0.36962622
0.39354488
0.39899567
0.3970299
0.396781
0.3942749
0.3976614
0.3990124
0.3944155
0.39776012
0.39700064
0.39886764
0.3958483
0.39842385
0.3969414
0.39752716
0.39909905
0.36448747
0.3952672
0.39458293
0.37937433
0.39735895
0.37041265
0.39439282
0.39731547
0.39282283
0.38657075
0.3986794
0.39204463
0.39781454
0.38320756
0.3967881
0.39081565
0.3846383
0.39771342
0.3957345
0.39786056
0.39528275
0.39487493
0.3878548
0.3990893
0.39678156
0.38335478
0.39563492
0.3895859
0.39790922
0.38674945
0.39862126
0.39410207
0.3980915
0.3986327
0.39297968
0.39909914
0.39294103
0.3977684
0.38741183
0.39659885
0.39701772
0.3939729
0.3966181
0.39879352
0.38713756
0.39849365
0.39910454
0.3987624
0.39857894
0.39787912
0.37904945
0.38618225
0.3987987
0.38298544
0.3888064
0.39245945
0.398945
0.3990832
0.3958703
0.39905402
0.3847316
0.39345846
0.39707887
0.39888084
0.39911595
0.3921941
0.3796246
0.38994464
0.3818408
0.3926257
0.38432413
0.39329726
0.38973895
0.39552692
0.387474
0.39238983
0.39675468
0.39889055
0.38359997
0.39442524
0.384886
0.379062
0.39835805
0.39827392
0.39811102
0.39579618
0.3961329
0.39420527
0.38623753
0.3984513
0.38541833
0.38379014
0.39771056
0.38672307
0.39891353
0.39760137
0.39734766
0.39884457
0.38631052
0.3835055
0.39019677
0.3973535
0.39907438
0.39359832
0.37785435
0.3811937
0.38328797
0.3989151
0.3685993
0.39681605
0.39864308
0.39872053
0.3977123
0.3990469
0.3967698
0.39911443
0.3847009
0.397762
0.3990919
0.39867455
0.39449674
0.3952796
0.39734465
0.398953
0.3838739
0.39901683
0.38664895
0.39585167
0.3990788
0.39683628
0.39771053
0.3960808
0.3884697
0.39894587
0.3958233
0.39784813
0.39365155
0.3895883
0.39759827
0.39509612
0.39913046
0.33306557
0.35786426
0.38032952
0.36455792
0.39143208
0.39450133
0.37127692
0.3845346
0.39700285
0.37695104
0.39284605
0.38558608
0.3964178
0.38536924
0.39519465
0.39445987
0.39414287
0.39598137
0.38631812
0.39617956
0.3960359
0.3969373
0.37977752
0.39812988
0.3946313
0.36831748
0.39655846
0.38207301
0.39318988
0.39367625
0.37798002
0.39332482
0.39659494
0.39556712
0.38047403
0.3859844
0.3866701
0.39109933
0.39860886
0.3720073
0.38481808
0.39567572
0.3817199
0.38427597
0.39785403
0.38100344
0.383645
0.39762408
0.39641407
0.38487557
0.39633024
0.39707926
0.39855406
0.3625539
0.39301214
0.39687294
0.39514214
0.38658983
0.39732558
0.38458365
0.38050324
0.39836064
0.39894024
0.36777598
0.3897764
0.37312382
0.39549044
0.3653786
0.39583564
0.37957746
0.38001555
0.3905044
0.38536435
0.39602402
0.38446018
0.39802006
0.39718148
0.3884392
0.39826334
0.39747712
0.37944928
0.3841101
0.3971582
0.39320856
0.39779815
0.39906815
0.38684195
0.3707041
0.3940274
0.39679414
0.37902823
0.3854681
0.38120016
0.3965622
0.39630118
0.38465366
0.3849928
0.39869484
0.37878948
0.38393062
0.39721596
0.39313802
0.39797294
0.39749032
0.39815348
0.39829654
0.3985924
0.3836952
0.39692217
0.39187783
0.39616752
0.3978198
0.38592204
0.3986769
0.39699322
0.39895388
0.3965685
0.398774
0.39901716
0.3991594
0.34183934
0.38803226
0.3775095
0.39371046
0.3906483
0.39809647
0.3685482
0.39615554
0.38301426
0.38439003
0.39817524
0.3763675
0.39812404
0.3987062
0.39151406
0.38237715
0.38906118
0.3982674
0.39618558
0.39139214
0.3958277
0.3858388
0.3871246
0.3957172
0.3957277
0.39882362
0.36652038
0.39705974
0.38652807
0.39811474
0.37637976
0.3944651
0.38624328
0.3971662
0.3873436
0.39921486
0.3725346
0.3841465
0.382072
0.38310793
0.385261
0.39630315
0.39412317
0.39846647
0.38125697
0.38532457
0.39826018
0.387486
0.3967418
0.390145
0.39084303
0.3950781
0.39872158
0.38813663
0.38380572
0.37917918
0.38429806
0.37465358
0.39551228
0.39660817
0.38564283
0.3868516
0.39791626
0.3852416
0.38959605
0.39856625
0.39519146
0.3870895
0.39890987
0.399082
0.38358718
0.39907736
0.39661592
0.39866722
0.38498193
0.39491445
0.38481554
0.39860797
0.39808357
0.3896206
0.3987183
0.39907438
0.3993619
0.3748827
0.36740595
0.38945246
0.37554187
0.38517228
0.39575756
0.36693344
0.39444727
0.38270664
0.3858268
0.39594617
0.36996004
0.3972643
0.3914924
0.3732439
0.39839697
0.37513492
0.3913032
0.38175842
0.39555463
0.3833118
0.39837664
0.3980342
0.39686498
0.3966155
0.39688998
0.3971201
0.3990571
0.3811894
0.3824813
0.3854454
0.39535934
0.37650096
0.39519757
0.38169813
0.39576367
0.3886121
0.3965287
0.3812583
0.38337076
0.39931726
0.37356684
0.3948871
0.3852703
0.38511413
0.3956443
0.39711648
0.39518577
0.39924794
0.39951414
0.38488287
0.34833807
0.3799038
0.38509855
0.3965309
0.39811003
0.3794505
0.39163914
0.39799964
0.38688764
0.38722256
0.3906497
0.39058942
0.39879057
0.39625767
0.3857792
0.39918238
0.39434534
0.39688736
0.3821668
0.3972271
0.39814585
0.3722202
0.3984081
0.3841855
0.38900036
0.38621107
0.3978777
0.39714274
0.39476267
0.39019036
0.39282662
0.39825046
0.39899758
0.39886412
0.3991159
0.39540333
0.39689574
0.3896728
0.39822152
0.3954495
0.38978225
0.39933577
0.39353043
0.3982467
0.39250752
0.39301622
0.3884974
0.39824206
0.39777502
0.39910644
0.39935166
0.39906037
0.399524
0.3867368
0.38424808
0.3952478
0.3975637
0.39509588
0.39603478
0.39910465
0.38733342
0.37221694
0.3897817
0.39697152
0.39923507
0.3991432
0.38508895
0.3962494
0.39482647
0.39822385
0.39817098
0.39875892
0.39919478
0.396668
0.3860872
0.39756507
0.39823937
0.3896286
0.39074057
0.38717997
0.39799678
0.3995264
0.383966
0.3967602
0.3954346
0.39945018
0.39128643
0.3966299
0.39810568
0.39684698
0.3990282
0.38648427
0.38800701
0.39898124
0.3843299
0.38628
0.37553775
0.37835863
0.38698435
0.39922887
0.3833002
0.39740545
0.38683647
0.39942202
0.3850358
0.39823768
0.38702625
0.39885122
0.39954183
0.39206618
0.3868194
0.39731464
0.3974359
0.38878858
0.3805868
0.38835484
0.3978511
0.3988462
0.39961043
0.3521871
0.3879589
0.3820456
0.39711228
0.3789522
0.39040017
0.39545238
0.39913496
0.38845605
0.3854402
0.40058208
0.38875663
0.4023736
0.354891
0.39232087
0.4001585
0.4045276
0.3777774
0.40355468
0.38919038
0.40095797
0.36338004
0.3782626
0.40520698
0.39458445
0.36335176
0.3902437
0.4041531
0.3961653
0.3949105
0.40309554
0.38256857
0.38639307
0.3975728
0.39502656
0.40710586
0.3650095
0.3879769
0.35816094
0.36265868
0.38780874
0.39353132
0.39265615
0.38823485
0.39410937
0.40483862
0.34403592
0.40432557
0.4053169
0.40737057
0.3833461
0.39794388
0.40926552
0.37429872
0.38772914
0.39152277
0.40492433
0.3783403
0.4020022
0.38456714
0.4077541
0.39449218
0.408211
0.40094095
0.4090813
0.40629953
0.40915617
0.41069955
0.34162554
0.37372586
0.40267786
0.40349874
0.40026703
0.39439768
0.40913564
0.35704923
0.38299423
0.3758456
0.40560216
0.39880028
0.40290028
0.39718634
0.40797597
0.39194912
0.40832582
0.39645165
0.40035844
0.40908733
0.41230536
0.39305422
0.4000761
0.39026886
0.40570396
0.40880045
0.39670914
0.4124247
0.38460284
0.40877518
0.37909153
0.38571838
0.4109468
0.40834695
0.412613
0.39551666
0.39019278
0.40953517
0.41244978
0.41346726
0.38132924
0.40740854
0.4047547
0.40615717
0.39646643
0.4126479
0.3978194
0.4112528
0.3915327
0.41245276
0.3998077
0.4134972
0.37753743
0.4058811
0.39935553
0.41129604
0.3839
0.38861996
0.39935344
0.41338244
0.4014399
0.39274907
0.4101333
0.41150966
0.41200733
0.41099054
0.4053722
0.41316733
0.40061325
0.41137153
0.41336823
0.39576015
0.39526373
0.38449088
0.41028643
0.39643148
0.40795296
0.41030684
0.3996498
0.40825444
0.4131319
0.40138602
0.4133702
0.4134137
0.4120787
0.41194993
0.4128086
0.4054504
0.41285434
0.40982133
0.4105063
0.41368517
0.39569688
0.370179
0.4012947
0.389041
0.41201276
0.38457856
0.41312608
0.4043126
0.39486426
0.4131832
0.39819422
0.4131841
0.40649763
0.41193938
0.4116293
0.41158694
0.40490738
0.41328773
0.40242487
0.40881586
0.41028303
0.41376406
0.40638342
0.38718265
0.41183
0.41119164
0.41137773
0.41306806
0.39145485
0.39648512
0.40876332
0.41288513
0.38617846
0.4119452
0.41163677
0.4102385
0.40102354
0.41028562
0.40265742
0.41387457
0.40454298
0.41018167
0.40087026
0.39705893
0.40635663
0.40877786
0.40882
0.41382837
0.39349085
0.40054402
0.40996608
0.4138103
0.41146606
0.412145
0.41169626
0.41257143
0.41034874
0.4054525
0.406578
0.41314125
0.41104275
0.41101164
0.4139441
0.31045356
0.3665262
0.3703156
0.38925153
0.3691764
0.3806971
0.39021772
0.39502582
0.4032124
0.39453933
0.40977603
0.39644763
0.3902034
0.3948374
0.41060176
0.39287984
0.3967205
0.41019243
0.40639123
0.40143666
0.41294533
0.40015474
0.41007763
0.4085675
0.40811986
0.40979618
0.41330457
0.38498116
0.401333
0.41330943
0.40126926
0.41332895
0.41213608
0.41084662
0.41386074
0.37445703
0.39463916
0.39220124
0.40793484
0.40933117
0.40906936
0.39998633
0.4071169
0.40864745
0.40309796
0.40976033
0.41409597
0.37441358
0.37468988
0.3870305
0.40034494
0.39212078
0.4007966
0.40861684
0.3723148
0.38462934
0.36375365
0.40019384
0.4037134
0.40484804
0.4003651
0.4119208
0.39551136
0.41070738
0.39178884
0.40139118
0.41197777
0.40892714
0.40912342
0.40532035
0.41277122
0.39622688
0.39646703
0.39501515
0.40572906
0.36464232
0.3986745
0.4005455
0.4105935
0.40411395
0.4109705
0.39545697
0.41034523
0.39975795
0.41007963
0.39758262
0.4018356
0.413282
0.4118022
0.39716342
0.4110674
0.41083628
0.40036958
0.41341805
0.4140268
0.39667907
0.41223288
0.39432722
0.3974239
0.4065618
0.40562087
0.40192
0.40815884
0.4117753
0.41242474
0.40912613
0.41070485
0.39957047
0.41407865
0.4056748
0.39827013
0.41320032
0.4053639
0.3993243
0.39817697
0.41050664
0.3989017
0.41371673
0.40125728
0.39955115
0.40990233
0.4122551
0.40657035
0.41384515
0.38908073
0.41062966
0.3987941
0.39584202
0.41197816
0.40244204
0.41191372
0.41005725
0.4069518
0.40973145
0.39472076
0.40871277
0.3980117
0.41107458
0.4019832
0.41241494
0.41339558
0.39896223
0.41430014
0.3901599
0.39810205
0.40995017
0.40522528
0.40607995
0.4018442
0.40747318
0.41019177
0.38172048
0.40343213
0.40399036
0.407169
0.41399845
0.4030959
0.41376972
0.4034183
0.4112977
0.41439533
0.37182158
0.4044394
0.40419063
0.39468235
0.4125599
0.40768075
0.4111391
0.40986997
0.41126865
0.40126246
0.41296482
0.4134399
0.40349355
0.4024931
0.3902843
0.41082996
0.413585
0.410772
0.41369924
0.41447997
0.3673868
0.38643304
0.40977722
0.38325408
0.39165685
0.3989824
0.40485007
0.407163
0.41016454
0.3959114
0.39929777
0.39611107
0.413297
0.40004253
0.3983157
0.41328692
0.41253382
0.4127315
0.4113055
0.41090474
0.40869436
0.41367036
0.41436285
0.38245293
0.4095748
0.396337
0.41374937
0.4136114
0.41214436
0.41137162
0.41450843
0.3811552
0.409124
0.40540275
0.40838414
0.4122979
0.4059214
0.4086667
0.4140204
