0.24326141
0.27697712
0.2932576
0.3243441
0.34483656
0.34483656
0.3543764
0.37083134
0.37083134
0.37083134
0.37553436
0.37553436
0.37553436
0.38511625
0.38814208
0.38814208
0.38869283
0.38869283
0.38869283
0.38869283
0.38869283
0.38966388
0.38966388
0.38982743
0.38982743
0.38982743
0.38982743
0.38982743
0.38982743
0.39109117
0.39109117
0.39109117
0.39109117
0.39109117
0.39109117
0.39109117
0.39109117
0.39109117
0.39109117
0.39109117
0.39109117
0.39109117
0.39109117
0.39109117
0.39198172
0.39198172
0.39198172
0.39412463
0.39412463
0.39412463
0.39412463
0.39412463
0.39412463
0.39511436
0.39511436
0.39511436
0.39511436
0.39511436
0.39511436
0.39511436
0.39595377
0.39595377
0.39595377
0.39595377
0.39595377
0.39595377
0.39595377
0.39595377
0.39595377
0.39595377
0.39595377
0.39595377
0.39595377
0.39595377
0.39595377
0.39595377
0.39595377
0.39595377
0.39595377
0.39595377
0.39595377
0.39595377
0.39595377
0.39595377
0.39677727
0.40272856
0.40272856
0.40272856
0.40272856
0.40272856
0.40272856
0.40272856
0.40272856
0.40272856
0.40301415
0.40301415
0.40301415
0.40301415
0.40314457
0.40314457
0.40314457
0.40314457
0.40314457
0.40314457
0.4088563
0.4088563
0.4088563
0.40914398
0.40914398
0.40914398
0.40914398
0.40914398
0.40914398
0.40914398
0.40914398
0.40914398
0.40914398
0.40914398
0.40914398
0.40914398
0.40914398
0.40914398
0.40914398
0.40914398
0.40914398
0.40914398
0.40914398
0.40914398
0.40914398
0.40914398
0.40914398
0.40914398
0.40914398
0.40914398
0.40914398
0.40914398
0.40914398
0.40914398
0.40914398
0.40914398
0.40914398
0.40914398
0.40914398
0.40914398
0.40914398
0.4107897
0.4107897
0.4107897
0.4107897
0.4107897
0.4107897
0.4107897
0.4107897
0.4107897
0.4107897
0.4107897
0.4107897
0.4107897
0.4107897
0.4107897
0.4107897
0.4107897
0.4107897
0.4107897
0.4107897
0.4107897
0.4107897
0.4107897
0.4107897
0.4107897
0.4107897
0.41205484
0.41205484
0.41205484
0.41205484
0.41205484
0.41205484
0.41205484
0.41205484
0.41205484
0.41205484
0.41205484
0.41205484
0.41205484
0.41205484
0.41205484
0.41205484
0.41205484
0.412388
0.412388
0.412388
0.412388
0.412388
0.412388
0.412388
0.412388
0.412388
0.412388
0.412388
0.412388
0.412388
0.412388
0.412388
0.412388
0.412388
0.412388
0.412388
0.412388
0.412388
0.412388
0.41369098
0.41369098
0.41369098
0.41369098
0.41369098
0.41369098
0.41501945
0.41501945
0.41501945
0.41501945
0.41501945
0.41501945
0.41501945
0.41501945
0.41501945
0.41501945
0.41501945
0.41523623
0.41523623
0.41523623
0.41523623
0.41523623
0.41523623
0.41523623
0.41523623
0.41523623
0.41523623
0.41523623
0.41523623
0.41523623
0.41523623
0.41523623
0.41523623
0.41523623
0.41523623
0.41523623
0.41523623
0.41523623
0.41523623
0.41523623
0.41523623
0.41523623
0.41523623
0.41523623
0.41523623
0.41523623
0.41523623
0.41523623
0.41523623
0.41523623
0.41523623
0.41523623
0.41523623
0.41523623
0.41523623
0.41826105
0.41826105
0.41826105
0.41826105
0.41826105
0.41826105
0.41826105
0.41826105
0.41826105
0.41826105
0.41826105
0.41826105
0.41826105
0.41826105
0.41826105
0.41826105
0.41826105
0.41826105
0.41826105
0.41826105
0.41826105
0.41826105
0.41826105
0.41826105
0.41826105
0.41826105
0.41826105
0.41826105
0.41826105
0.41826105
0.41826105
0.41826105
0.41826105
0.41826105
0.41826105
0.41826105
0.41826105
0.41826105
0.41826105
0.41826105
0.41826105
0.41826105
0.41826105
0.41826105
0.41827348
0.41827348
0.41827348
0.41827348
0.41827348
0.41827348
0.41827348
0.41827348
0.41827348
0.41827348
0.41827348
0.41827348
0.41827348
0.41827348
0.41827348
0.41827348
0.41827348
0.41827348
0.41827348
0.41828886
0.41828886
0.41828886
0.41828886
0.41828886
0.41828886
0.41828886
0.41828886
0.41828886
0.41828886
0.41828886
0.41828886
0.41828886
0.41828886
0.41828886
0.41828886
0.41828886
0.41828886
0.41833293
0.41833293
0.41833293
0.41833293
0.41833293
0.41833293
0.41833293
0.41833293
0.41833293
0.41833293
0.41833293
0.41833293
0.41833293
0.41833293
0.41833293
0.41833293
0.41833293
0.41833293
0.41833293
0.41833293
0.41833293
0.41833293
0.41833293
0.41833293
0.41833293
0.41833293
0.41833293
0.41833293
0.41833293
0.41833293
0.41833293
0.41833293
0.41833293
0.41833293
0.41833293
0.41833293
0.41833293
0.41855076
0.41855076
0.41855076
0.41855076
0.41855076
0.41855076
0.41855076
0.41855076
0.41855076
0.41855076
0.41855076
0.41855076
0.41855076
0.41855076
0.41855076
0.41855076
0.41855076
0.41855076
0.41855076
0.41855076
0.41855076
0.41855076
0.41855076
0.41855076
0.41855076
0.41855076
0.41855076
0.41855076
0.41855076
0.41855076
0.41855076
0.41855076
0.41855076
0.41855076
0.41855076
0.41855076
0.41855076
0.41855076
0.41855076
0.41855076
0.41855076
0.41855076
0.41855076
0.41855076
0.41855076
0.41855076
0.41855076
0.41855076
0.41855076
0.41855076
0.41855076
0.41855076
0.41855076
0.41855076
0.41855076
0.41855076
0.41855076
0.41855076
0.41855076
0.41855076
0.41855076
0.41855076
0.41855076
0.41855076
0.41855076
0.41855076
0.41855076
0.41855076
0.41855076
0.41855076
0.41855076
0.41855076
0.41855076
0.41855076
0.41855076
0.41855076
0.41855076
0.41855076
0.41855076
0.41855076
0.41855076
0.41855076
0.41855076
0.41855076
0.41855076
0.41855076
0.41855076
0.41855076
0.41855076
0.41855076
0.41855076
0.41855076
0.41855076
0.41855076
0.41855076
0.41855076
0.41855076
0.41855076
0.41855076
0.41855076
0.41855076
0.41855076
0.41855076
0.41855076
0.41855076
0.41855076
0.41855076
0.41855076
0.41855076
0.41855076
0.41855076
0.41855076
0.41855076
0.41855076
0.41855076
0.41855076
0.41855076
0.41855076
