0.6226062
0.06226062
0.08370678
0.114208244
0.12488513
0.13174282
0.14585684
0.1487502
0.15839872
0.15662472
0.169126
0.17456028
0.1764893
0.17372146
0.1750693
0.17895994
0.15756269
0.18002936
0.16911738
0.16853797
0.18311176
0.1810377
0.19337735
0.17905794
0.18267149
0.20177165
0.19081026
0.20504951
0.19084975
0.19697128
0.20230205
0.20079184
0.20983347
0.2096121
0.21036379
0.19802135
0.19935004
0.2072061
0.20905373
0.21013129
0.20985432
0.21011631
0.2023395
0.20425396
0.21106431
0.20995641
0.19968018
0.21187048
0.19082618
0.21226993
0.19367068
0.20957777
0.20804504
0.21092923
0.21342726
0.21313772
0.20413621
0.2179128
0.22500443
0.21672133
0.21735728
0.2263869
0.20901105
0.22650902
0.22909221
0.22414389
0.21681389
0.22984388
0.22984388
0.22984388
0.22984388
0.22984388
0.22984388
0.22984388
0.22984388
0.22984388
0.22984388
0.22984388
0.22984388
0.22984388
0.22984388
0.22984388
0.22984388
0.22984388
0.22984388
0.22984388
0.22984388
0.22984388
0.22984388
0.22984388
0.22984388
0.22984388
0.22984388
0.22984388
0.22984388
0.22984388
0.22984388
0.22984388
0.22984388
0.22984388
0.22984388
0.22984388
0.22984388
0.22984388
0.22984388
0.22984388
0.22984388
0.22984388
0.22984388
0.22984388
0.22984388
0.22984388
0.22984388
0.22984388
0.22984388
0.22984388
0.22984388
0.22984388
0.22984388
0.22984388
0.22984388
0.22984388
0.22984388
0.22984388
0.22984388
0.22984388
0.22984388
0.22984388
0.22984388
0.22984388
0.22984388
0.22984388
0.22984388
0.22984388
0.22984388
0.22984388
0.22984388
0.22984388
0.22984388
0.22984388
0.22984388
0.22984388
0.22984388
0.22984388
0.22984388
0.22984388
0.22984388
0.22984388
0.22984388
0.22984388
0.22984388
0.22984388
0.22984388
0.22984388
0.22984388
0.22984388
0.22984388
0.22984388
0.22984388
0.22984388
0.22984388
0.22984388
0.22984388
0.22984388
0.22984388
0.22984388
0.22984388
0.22984388
0.22984388
0.22984388
0.22984388
0.22984388
0.22984388
0.22984388
0.22984388
0.22984388
0.22984388
0.22984388
0.22984388
0.22984388
0.22984388
0.22984388
0.22984388
0.22984388
0.22984388
0.22984388
0.22984388
0.22984388
0.22984388
0.22984388
0.22984388
0.22984388
0.22984388
0.22984388
0.22984388
0.22984388
0.22984388
0.22984388
0.22984388
0.22984388
0.22984388
0.22984388
0.22984388
0.22984388
0.22984388
0.22984388
0.22984388
0.22984388
0.22984388
0.22984388
0.22984388
0.22984388
0.22984388
0.22984388
0.22984388
0.22984388
0.22984388
0.22984388
0.22984388
0.22984388
0.22984388
0.22984388
0.22984388
0.22984388
0.22984388
0.22984388
0.22984388
0.22984388
0.22984388
0.22984388
0.22984388
0.22984388
0.22984388
0.22984388
0.22984388
0.22984388
0.22984388
0.22984388
0.22984388
0.22984388
0.22984388
0.22984388
0.22984388
0.22984388
0.22984388
0.22984388
0.22984388
0.22984388
0.22984388
0.22984388
0.22984388
0.22984388
0.22984388
0.22984388
0.22984388
0.22984388
0.22984388
0.22984388
0.22984388
0.22984388
0.22984388
0.22984388
0.22984388
0.22984388
0.22984388
0.22984388
0.22984388
0.22984388
0.22984388
0.22984388
0.22984388
0.22984388
0.22984388
0.22984388
0.22984388
0.22984388
0.22984388
0.22984388
0.22984388
0.22984388
0.22984388
0.22984388
0.22984388
0.22984388
0.22984388
0.22984388
0.22984388
0.22984388
0.22984388
0.22984388
0.22984388
0.22984388
0.22984388
0.22984388
0.22984388
0.22984388
0.22984388
0.22984388
0.22984388
0.22984388
0.22984388
0.22984388
0.22984388
0.22984388
0.22984388
0.22984388
0.22984388
0.22984388
0.22984388
0.22984388
0.22984388
0.22984388
0.22984388
0.22984388
0.22984388
0.22984388
0.22984388
0.22984388
0.22984388
0.22984388
0.22984388
0.22984388
0.22984388
0.22984388
0.22984388
0.22984388
0.22984388
0.22984388
0.22984388
0.22984388
0.22984388
0.22984388
0.22984388
0.22984388
0.22984388
0.22984388
0.22984388
0.22984388
0.22984388
0.22984388
0.22984388
0.22984388
0.22984388
0.22984388
0.22984388
0.22984388
0.22984388
0.22984388
0.22984388
0.22984388
0.22984388
0.22984388
0.22984388
0.22984388
0.22984388
0.22984388
0.22984388
0.22984388
0.22984388
0.22984388
0.22984388
0.22984388
0.22984388
0.22984388
0.22984388
0.22984388
0.22984388
0.22984388
0.22984388
0.22984388
0.22984388
0.22984388
0.22984388
0.22984388
0.22984388
0.22984388
0.22984388
0.22984388
0.22984388
0.22984388
0.22984388
0.22984388
0.22984388
0.22984388
0.22984388
0.22984388
0.22984388
0.22984388
0.22984388
0.22984388
0.22984388
0.22984388
0.22984388
0.22984388
0.22984388
0.22984388
0.22984388
0.22984388
0.22984388
0.22984388
0.22984388
0.22984388
0.22984388
0.22984388
0.22984388
0.22984388
0.22984388
0.22984388
0.22984388
0.22984388
0.22984388
0.22984388
0.22984388
0.22984388
0.22984388
0.22984388
0.22984388
0.22984388
0.22984388
0.22984388
0.22984388
0.22984388
0.22984388
0.22984388
0.22984388
0.22984388
0.22984388
0.22984388
0.22984388
0.22984388
0.22984388
0.22984388
0.22984388
0.22984388
0.22984388
0.22984388
0.22984388
0.22984388
0.22984388
0.22984388
0.22984388
0.22984388
0.22984388
0.22984388
0.22984388
0.22984388
0.22984388
0.22984388
0.22984388
0.22984388
0.22984388
0.22984388
0.22984388
0.22984388
0.22984388
0.22984388
0.22984388
0.22984388
0.22984388
0.22984388
0.22984388
0.22984388
0.22984388
0.22984388
0.22984388
0.22984388
0.22984388
0.22984388
0.22984388
0.22984388
0.22984388
0.22984388
0.22984388
0.22984388
0.22984388
0.22984388
0.22984388
0.22984388
0.22984388
0.22984388
0.22984388
0.22984388
0.22984388
0.22984388
0.22984388
0.22984388
0.22984388
0.22984388
0.22984388
0.22984388
0.22984388
0.22984388
0.22984388
0.22984388
0.22984388
0.22984388
0.22984388
0.22984388
0.22984388
0.22984388
0.22984388
0.22984388
