0.15541671
0.18812804
0.22016318
0.2262139
0.2262139
0.2262139
0.2262139
0.2262139
0.2262139
0.2262139
0.2262139
0.24196549
0.25112417
0.34570387
0.34570387
0.34570387
0.34570387
0.3472265
0.3472265
0.3472265
0.3472265
0.35373053
0.35373053
0.35373053
0.35373053
0.35683894
0.35683894
0.35683894
0.35683894
0.35683894
0.35683894
0.35786387
0.3595188
0.3595188
0.3595188
0.3595188
0.36893946
0.36893946
0.36893946
0.37617865
0.37617865
0.37841055
0.37841055
0.37841055
0.37841055
0.37841055
0.37841055
0.37841055
0.37841055
0.37841055
0.37841055
0.37914917
0.37914917
0.37924233
0.37924233
0.37924233
0.37924233
0.37924233
0.38094008
0.38094008
0.38094008
0.38094008
0.38094008
0.38094008
0.38094008
0.38094008
0.38094008
0.38094008
0.3860214
0.3860214
0.3860214
0.3860214
0.3860214
0.3868466
0.3868466
0.3868466
0.3868466
0.3868466
0.3868466
0.3868466
0.3868466
0.3868466
0.3897416
0.3897416
0.3897416
0.3897416
0.3897416
0.3897416
0.3897416
0.3897416
0.3897416
0.3905513
0.3905513
0.3905513
0.3905513
0.3905513
0.3905513
0.39068672
0.39209273
0.39209273
0.39209273
0.39209273
0.39209273
0.39209273
0.39209273
0.39209273
0.39209273
0.39209273
0.39209273
0.39209273
0.39209273
0.392172
0.392172
0.392172
0.392172
0.392172
0.392172
0.392172
0.392172
0.3933623
0.3933623
0.3933623
0.3933623
0.3933623
0.3933623
0.3933623
0.3933623
0.3933623
0.3933623
0.3933623
0.3933623
0.3933623
0.3933623
0.3933623
0.3933623
0.39396507
0.39396507
0.39396507
0.39396507
0.39396507
0.39396507
0.39396507
0.39396507
0.39396507
0.39396507
0.39396507
0.39396507
0.39396507
0.39410627
0.39410627
0.39410627
0.39410627
0.39410627
0.39410627
0.39410627
0.39410627
0.39410627
0.39410627
0.39410627
0.39410627
0.39410627
0.39410627
0.39410627
0.39410627
0.39410627
0.39410627
0.39410627
0.39410627
0.39410627
0.39418438
0.39418438
0.39418438
0.3945325
0.3945325
0.3945325
0.3945325
0.3945325
0.3945325
0.3945325
0.3945325
0.3945325
0.3945325
0.3945325
0.3945325
0.3945325
0.3945325
0.3945325
0.3945325
0.3945325
0.3945325
0.3945325
0.3945325
0.3945325
0.3945325
0.3945325
0.3945325
0.3945325
0.3945325
0.3945325
0.3945325
0.3945325
0.3945325
0.3945325
0.3945325
0.3945325
0.3945325
0.3945325
0.3945325
0.3945325
0.3945325
0.3945325
0.3945325
0.3945325
0.3945325
0.3945325
0.3945464
0.3945464
0.3945464
0.3945464
0.3945464
0.3945464
0.3945464
0.3945464
0.3945464
0.3945464
0.3945464
0.3945464
0.3945464
0.3945464
0.3945464
0.3945464
0.3945464
0.3945464
0.3945464
0.3945464
0.3945464
0.3945464
0.3945464
0.3945464
0.3945464
0.3945464
0.3945464
0.3945464
0.3945464
0.3945464
0.3945464
0.3945464
0.3945464
0.3945464
0.3945464
0.3945464
0.3945464
0.3945464
0.3945464
0.3945464
0.3945464
0.3945464
0.3945464
0.3945464
0.39471418
0.39471418
0.39471418
0.39471418
0.39471418
0.39471418
0.39471418
0.39471418
0.3974442
0.3974442
0.3974442
0.3974442
0.3974442
0.3974442
0.3974442
0.3974442
0.3974442
0.3974442
0.3974442
0.3974442
0.3974442
0.3974442
0.3974442
0.3974442
0.3974442
0.3974442
0.3974442
0.3974442
0.3974442
0.3974442
0.3974442
0.3974442
0.3974442
0.3974442
0.3974442
0.3974442
0.39752337
0.39752337
0.39752337
0.39752337
0.39752337
0.39752337
0.39752337
0.39752337
0.39752337
0.39752337
0.39752337
0.39752337
0.39752337
0.39752337
0.39752337
0.39752337
0.39752337
0.39752337
0.39752337
0.39752337
0.39752337
0.39752337
0.39752337
0.39752337
0.39752337
0.39752337
0.39752337
0.39752337
0.39752337
0.39752337
0.39752337
0.39752337
0.39752337
0.39752337
0.39752337
0.39752337
0.39752337
0.39752337
0.39752337
0.39752337
0.39752337
0.39752337
0.39752337
0.39752337
0.39752337
0.39752337
0.39752337
0.39752337
0.39752337
0.39752337
0.39752337
0.39752337
0.39752337
0.39752337
0.39752337
0.39752337
0.39752337
0.39752337
0.39752337
0.39752337
0.39752337
0.39752337
0.39752337
0.39752337
0.39752337
0.39752337
0.39752337
0.39752337
0.39752337
0.39752337
0.39752337
0.39752337
0.39752337
0.39752337
0.39752337
0.39752337
0.39752337
0.39752337
0.39752337
0.39752337
0.39752337
0.39752337
0.39752337
0.39752337
0.39755967
0.39755967
0.39755967
0.39755967
0.39755967
0.39755967
0.39755967
0.39755967
0.39755967
0.39755967
0.39755967
0.39755967
0.39755967
0.39755967
0.39755967
0.39755967
0.39755967
0.39755967
0.39755967
0.39755967
0.39755967
0.39755967
0.39755967
0.39755967
0.39755967
0.39755967
0.39755967
0.39755967
0.39755967
0.39755967
0.39755967
0.39755967
0.39755967
0.39755967
0.39755967
0.39755967
0.39755967
0.39755967
0.39755967
0.39755967
0.39755967
0.39755967
0.39755967
0.39755967
0.39755967
0.39800012
0.39800012
0.39800012
0.39800012
0.39800012
0.39800012
0.39800012
0.39800012
0.39800012
0.39800012
0.39800012
0.39800012
0.39800012
0.39800012
0.39800012
0.39800012
0.39800012
0.39800012
0.39800012
0.39800012
0.39800012
0.39800012
0.39800012
0.39800012
0.39800012
0.39800012
0.39800012
0.39800012
0.39800012
0.39800012
0.39800012
0.39800012
0.39800012
0.39800012
0.39800012
0.39800012
0.39800012
0.39800012
0.39800012
0.39800012
0.39800012
0.39800012
0.39800012
0.39800012
0.39800012
0.39800012
0.39800012
0.39800012
0.39898014
0.39898014
0.39898014
0.39898014
0.39898014
0.39898014
0.39898014
0.39898014
0.39898014
0.39898014
0.39898014
0.39898014
0.39898014
0.39898014
0.39898014
0.39898014
0.39898014
0.39898014
0.39898014
0.39898014
0.39898014
0.39898014
0.39898014
0.39898014
0.39898014
0.39898014
0.39898014
0.39898014
0.39898014
0.39898014
0.39898014
0.39898014
0.39898014
0.39898014
0.39898014
0.39898014
0.39898014
0.39898014
0.39898014
0.39898014
0.39898014
0.39898014
0.39898014
0.39898014
0.39898014
0.39898014
0.39898014
0.39898014
0.39898014
0.39898014
0.39898014
0.39898014
0.39898014
0.39898014
0.39898014
0.39898014
0.39898014
0.39898014
0.39898014
0.39898014
0.39898014
0.39898014
0.39898014
0.39898014
0.39898014
0.39898014
0.39898014
0.39898014
0.39898014
0.39898014
0.39898014
0.39898014
0.39898014
0.39898014
0.39898014
0.39898014
0.39898014
0.39898014
0.39898014
0.39898014
0.39898014
0.39898014
0.39898014
0.39898014
0.39898014
0.39898014
0.39898014
0.39898014
0.39898014
0.39898014
0.39898014
0.39898014
0.39898014
0.39898014
0.39898014
0.39898014
0.39898014
0.39898014
0.39898014
0.39898014
0.39898014
0.39898014
0.39898014
0.39898014
0.39898014
0.39898014
0.39898014
0.39898014
0.39898014
0.39898014
0.39898014
0.39898014
0.39898014
0.39898014
0.39898014
0.39898014
0.39898014
0.39898014
0.39898014
0.39898014
0.39898014
0.39898014
0.39898014
0.39898014
0.39898014
0.39898014
0.39898014
0.39898014
0.39898014
0.39898014
0.39898014
0.39898014
0.39898014
0.39898014
0.39898014
0.39898014
0.39898014
0.39898014
0.39898014
0.39898014
0.39898014
0.39898014
0.39898014
0.39898014
0.39898014
0.39898014
0.39898014
0.39898014
0.39898014
0.39898014
0.39898014
0.39898014
0.39898014
0.39898014
0.39898014
0.39898014
0.39898014
0.39898014
0.39898014
0.39898014
0.39898014
0.39898014
0.39898014
0.39898014
0.39898014
0.39898014
0.39898014
0.39898014
0.39898014
0.39898014
0.39898014
0.39898014
0.39898014
0.39898014
0.39898014
0.39898014
0.39898014
0.39898014
0.39898014
0.39898014
0.39898014
0.39898014
0.39898014
0.39898014
0.39898014
0.39898014
0.39898014
0.39898014
0.39898014
0.39898014
0.39898014
0.39898014
0.39898014
0.39898014
0.39898014
0.39898014
0.39898014
0.39898014
0.39898014
0.39898014
0.39898014
0.39898014
0.39898014
0.39898014
0.39898014
0.39898014
0.39907813
0.39907813
0.39907813
0.39907813
0.39907813
0.39907813
0.39907813
0.39907813
0.39907813
0.39907813
0.39907813
0.39907813
0.39907813
0.39907813
0.39907813
0.39907813
0.39907813
0.39907813
0.39907813
0.39907813
0.39907813
0.39907813
0.39907813
0.39907813
0.39907813
0.39907813
0.39907813
0.39907813
0.39907813
0.39907813
0.39907813
0.39907813
0.39907813
0.39907813
0.39907813
0.39907813
0.39907813
0.39907813
0.39907813
0.39907813
0.39907813
0.39907813
0.39907813
0.39907813
0.39907813
0.39907813
0.39907813
0.39907813
0.39907813
0.39907813
0.39907813
0.39907813
0.39907813
0.39907813
0.39907813
0.39907813
0.39907813
0.39907813
0.39907813
0.39907813
0.39907813
0.39907813
0.39907813
0.39907813
0.39907813
0.39907813
0.39907813
0.39907813
0.39907813
0.39907813
0.39907813
0.39907813
0.39907813
0.39907813
0.39907813
0.39907813
0.39907813
0.39907813
0.39907813
0.39907813
0.39907813
0.39907813
0.39907813
0.39907813
0.39907813
0.39907813
0.39907813
0.39907813
0.39907813
0.39907813
0.39907813
0.39907813
0.39907813
0.39907813
0.39907813
0.39907813
0.39907813
0.39907813
0.39907813
0.39907813
0.39907813
0.39907813
0.39907813
0.39907813
0.39907813
0.39907813
0.39907813
0.39907813
0.39907813
0.39907813
0.39907813
0.39907813
0.39907813
0.39907813
0.39907813
0.39907813
0.39907813
0.39907813
0.39907813
0.39907813
0.39907813
0.39907813
0.39907813
0.39907813
0.39907813
0.39907813
0.39907813
0.39907813
0.39907813
0.39907813
0.39907813
0.39907813
0.39907813
0.39907813
0.39907813
0.39907813
0.39907813
0.39907813
0.39907813
0.39907813
0.39907813
0.39907813
0.39907813
0.39907813
0.39907813
0.39907813
0.39907813
0.39907813
0.39907813
0.39907813
0.39911842
0.39911842
0.39911842
0.39911842
0.39911842
0.39911842
0.39911842
0.39911842
0.39911842
0.39911842
0.39911842
0.39911842
0.39911842
0.39911842
0.39911842
0.39911842
0.39911842
0.39911842
0.39911842
0.39911842
0.39911842
0.39911842
0.39911842
0.39911842
0.39911842
0.39911842
0.39911842
0.39911842
0.39911842
0.39911842
0.39911842
0.39911842
0.39911842
0.39911842
0.39911842
0.39911842
0.39911842
0.39911842
0.39912805
0.39912805
0.39912805
0.39912805
0.39912805
0.39912805
0.39912805
0.39912805
0.39912805
0.39912805
0.39912805
0.39912805
0.39912805
0.39912805
0.39912805
0.39912805
0.39912805
0.39912805
0.39912805
0.39912805
0.39912805
0.39912805
0.39912805
0.39912805
0.39912805
0.39912805
0.39912805
0.39912805
0.39912805
0.39912805
0.39912805
0.39912805
0.39912805
0.39912805
0.39912805
0.39912805
0.39912805
0.39912805
0.39912805
0.39912805
0.39912805
0.39912805
0.39912805
0.39912805
0.39912805
0.39912805
0.39912805
0.39912805
0.39912805
0.39912805
0.39912805
0.39912805
0.39912805
0.39912805
0.39912805
0.39912805
0.39912805
0.39912805
0.39912805
0.39912805
0.39912805
0.39912805
0.39912805
0.39912805
0.39912805
0.39912805
0.39912805
0.39912805
0.39912805
0.39912805
0.39912805
0.39912805
0.39912805
0.39912805
0.39912805
0.39912805
0.39912805
0.39912805
0.39912805
0.39912805
0.39912805
0.39912805
0.39912805
0.39912805
0.39912805
0.39912805
0.39912805
0.39912805
0.39912805
0.39912805
0.39912805
0.39912805
0.39912805
0.39912805
0.39912805
0.39912805
0.39912805
0.39912805
0.39912805
0.39912805
0.39912805
0.39912805
0.39912805
0.39912805
0.39912805
0.39912805
0.39912805
0.39912805
0.39912805
0.39912805
0.39912805
0.39912805
0.39912805
0.39912805
0.39912805
0.39912805
0.39912805
0.39912805
0.39912805
0.39912805
0.39912805
0.39912805
0.39912805
0.39912805
0.39912805
0.39912805
0.39912805
0.39912805
0.39912805
0.39912805
0.39912805
0.39912805
0.39912805
0.39912805
0.39912805
0.39912805
0.39912805
0.39912805
0.39912805
0.39912805
0.39912805
0.39912805
0.39912805
0.39912805
0.39912805
0.39912805
0.39912805
0.39912805
0.39912805
0.39912805
0.39912805
0.39912805
0.39912805
0.39912805
0.39912805
0.39912805
0.39912805
0.39912805
0.39912805
0.39912805
0.39912805
0.39912805
0.39912805
0.39912805
0.39912805
0.39912805
0.39912805
0.39912805
0.39912805
0.39912805
0.39912805
0.39912805
0.39912805
0.39912805
0.39912805
0.39912805
0.39912805
0.39912805
0.39912805
0.39912805
0.39912805
0.39912805
0.39912805
0.39912805
0.39912805
0.39912805
0.39912805
0.39912805
0.39912805
0.39912805
0.39912805
0.39912805
0.39912805
0.39912805
0.39912805
0.39912805
0.39912805
0.39912805
0.39912805
0.39912805
0.39912805
0.39912805
0.39912805
0.39912805
0.39912805
0.39912805
0.39912805
0.39912805
0.39912805
0.39912805
0.39912805
0.39912805
0.39912805
0.39912805
0.39912805
0.39912805
0.39912805
0.39912805
0.39912805
0.39912805
0.39912805
0.39912805
0.39912805
0.39912805
0.39912805
0.39912805
0.39912805
0.39912805
0.39912805
0.39912805
0.39912805
0.39912805
0.39912805
0.39912805
0.39912805
0.39912805
0.39912805
0.39912805
0.39912805
0.39912805
0.39912805
0.39912805
0.39912805
0.39912805
0.39912805
0.39912805
0.39912805
0.39912805
0.39912805
0.39912805
0.39912805
0.39912805
0.39912805
0.39912805
0.39912805
0.39912805
0.39912805
0.39912805
0.39912805
0.39912805
0.39912805
0.39912805
0.39912805
0.39912805
0.39912805
0.39912805
0.39912805
0.39912805
0.39912805
0.39912805
0.39912805
0.39912805
0.39912805
0.39912805
0.39912805
0.39912805
0.39912805
0.39912805
0.39912805
0.39912805
0.39912805
0.39912805
0.39912805
0.39912805
0.39912805
0.39912805
0.39912805
0.39924544
0.39924544
0.39924544
0.39924544
0.39924544
0.39924544
0.39924544
0.39924544
0.39924544
0.39924544
0.39924544
0.39924544
0.39924544
0.39924544
0.39924544
0.39924544
0.39924544
0.39924544
0.39924544
0.39924544
0.39924544
0.39924544
0.39924544
0.39924544
0.39924544
0.39924544
0.39924544
0.39924544
0.39924544
0.39924544
0.39924544
0.39924544
0.39924544
0.39924544
0.39924544
0.39924544
0.39924544
0.39924544
0.39924544
0.39924544
0.39924544
0.39924544
0.39924544
0.39924544
0.39924544
0.39924544
0.39924544
0.39924544
0.39924544
0.39924544
0.39924544
0.39924544
0.39924544
0.39924544
0.39924544
0.39924544
0.39924544
0.39924544
0.39924544
0.39924544
0.39924544
0.39924544
0.39927587
0.39927587
0.39927587
0.39927587
0.39927587
0.39927587
0.39927587
0.39927587
0.39927587
0.39927587
0.39927587
0.39927587
0.39927587
0.39927587
0.39927587
0.39927587
0.39927587
0.39927587
0.39927587
0.39927587
0.39927587
0.39927587
0.39927587
0.39927587
0.39927587
0.39927587
0.39927587
0.39931306
0.39931306
0.39931306
0.39931306
0.39931306
0.39931306
0.39931306
0.39931306
0.39931306
0.39931306
0.39931306
0.39931306
0.39931306
0.39931306
0.39931306
0.39931306
0.39931306
0.39931306
0.39931306
0.39931306
0.39931306
0.39931306
0.39931306
0.39931306
0.39931306
0.39931306
0.39931306
0.39931306
0.39931306
0.39931306
0.39931306
0.39931306
0.39931306
0.39931306
0.39931306
0.39931306
0.39931306
0.39931306
0.39931306
0.39931306
0.39931306
0.39931306
0.39931306
0.39931306
0.3994835
0.3994835
0.3994835
0.3994835
0.3994835
0.3994835
0.3994835
0.3994835
0.3994835
0.3994835
0.3994835
0.3994835
0.3994835
0.3994835
0.3994835
0.3994835
0.3994835
0.3994835
0.3994835
0.39957705
0.39957705
0.39957705
0.39957705
0.39957705
0.39957705
0.39957705
0.39957705
0.39957705
0.39957705
0.39957705
0.39957705
0.39957705
0.39957705
0.39957705
0.39957705
0.39957705
0.39957705
0.39957705
0.39957705
0.39957705
0.39957705
0.39957705
0.39957705
0.39957705
0.39957705
0.39957705
0.39957705
0.39957705
0.39957705
0.39957705
0.39957705
0.39957705
0.39957705
0.39957705
0.39957705
0.39957705
0.39957705
0.39957705
0.39957705
0.39957705
0.39957705
0.39957705
0.39957705
0.39957705
0.39957705
0.39957705
0.39957705
0.39957705
0.39957705
0.39957705
0.39957705
0.39957705
0.39957705
0.39957705
0.39957705
0.39957705
0.39957705
0.39957705
0.39957705
0.39957705
0.39957705
0.39957705
0.39957705
0.39957705
0.39957705
0.39957705
0.39957705
0.39957705
0.39957705
0.39957705
0.39957705
0.39957705
0.39957705
0.39957705
0.39957705
0.39957705
0.39957705
0.39957705
0.39957705
0.39957705
0.39957705
0.39957705
0.39957705
0.39957705
0.39957705
0.39957705
0.39957705
0.39957705
0.39957705
0.39957705
0.39957705
0.39957705
0.39957705
0.39957705
0.39957705
0.39957705
0.39957705
0.39957705
0.39957705
0.39957705
0.39957705
0.39957705
0.39957705
0.39957705
0.39957705
0.39957705
0.39957705
0.39957705
0.39957705
0.39957705
0.39957705
0.39957705
0.39957705
0.39957705
0.39957705
0.39957705
0.39957705
0.39957705
0.39957705
0.39957705
0.39957705
0.39957705
0.39957705
0.39957705
0.39957705
0.39957705
0.39957705
0.39957705
0.39957705
0.39957705
0.39957705
0.39957705
0.39957705
0.39957705
0.39957705
0.39957705
0.39957705
0.39957705
0.39957705
0.39957705
0.39957705
0.39957705
0.39957705
0.39957705
0.39957705
0.39957705
0.39957705
0.39957705
0.39957705
0.39957705
0.39957705
0.39957705
0.39957705
0.39957705
0.39957705
0.39957705
0.39957705
0.39957705
0.39957705
0.39957705
0.39957705
0.39957705
0.39957705
0.39957705
0.39957705
0.39957705
0.39957705
0.39957705
0.39957705
0.39957705
0.39957705
0.39957705
0.39957705
0.39957705
0.39957705
0.39957705
0.39957705
0.39957705
0.39957705
0.39957705
0.39957705
0.39957705
0.39957705
0.39957705
0.39957705
0.39957705
0.39957705
0.39957705
0.39957705
0.39957705
0.39957705
0.39957705
0.39957705
0.39957705
0.39957705
0.39957705
0.39957705
0.39957705
0.39957705
0.39957705
0.39957705
0.39957705
0.39957705
0.39957705
0.39957705
0.39957705
0.39957705
0.39957705
0.39957705
0.39957705
0.39957705
0.39957705
0.39957705
0.39957705
0.39957705
0.39957705
0.39957705
0.39957705
0.39957705
0.39957705
0.39957705
0.39957705
0.39957705
0.39957705
0.39957705
0.39957705
0.39957705
0.39957705
0.39957705
0.39957705
0.39957705
0.39957705
0.39957705
0.39957705
0.39957705
0.39957705
0.39957705
0.39957705
0.39957705
0.39957705
0.39957705
0.39957705
0.39957705
0.405666
0.405666
0.405666
0.405666
0.405666
0.405666
0.405666
0.405666
0.405666
0.405666
0.405666
0.405666
0.405666
0.4059116
0.4059116
0.4059116
0.4059116
0.4059116
0.4059116
0.4059116
0.4059116
0.4059116
0.4135827
0.4135827
0.4135827
0.4135827
0.4135827
0.4135827
0.4135827
0.4135827
0.4135827
0.4135827
0.4135827
0.4135827
0.4135827
0.4135827
0.4135827
0.4135827
0.4135827
0.4135827
0.4135827
0.4135827
0.4135827
0.4135827
0.4135827
0.4135827
0.4135827
0.4135827
0.4135827
0.4135827
0.4135827
0.4135827
0.4135827
0.4135827
0.4135827
0.4135827
0.4135827
0.4135827
0.4135827
0.4135827
0.4135827
0.4135827
0.4135827
0.4135827
0.4135827
0.4135827
0.4135827
0.4135827
0.4135827
0.4135827
0.4135827
0.4135827
0.41392392
0.41392392
0.41392392
0.41392392
0.41392392
0.41392392
0.41392392
0.41392392
0.41392392
0.41392392
0.41392392
0.41392392
0.41392392
0.41392392
0.41392392
0.41392392
0.41392392
0.41392392
0.41392392
0.41392392
0.41392392
0.41392392
0.41392392
0.41392392
0.41392392
0.41392392
0.41392392
0.41392392
0.41392392
0.41392392
0.41392392
0.41392392
0.41392392
0.41392392
0.41392392
0.41392392
0.41392392
0.41392392
0.41392392
0.41392392
0.41392392
0.41392392
0.41392392
0.41392392
0.41392392
0.41392392
0.41392392
0.41392392
0.41392392
0.41392392
0.41392392
0.41392392
0.41392392
0.41392392
0.41392392
0.41392392
0.41392392
0.41392392
0.41392392
0.41403687
0.41403687
0.41403687
0.41403687
0.41403687
0.41403687
0.41403687
0.41403687
0.41403687
0.41403687
0.41403687
0.41403687
0.41403687
0.41403687
0.41403687
0.41403687
0.41403687
0.41403687
0.41403687
0.41403687
0.41403687
0.41403687
0.41403687
0.41403687
0.41403687
0.41403687
0.41403687
0.41403687
0.41403687
0.41403687
0.41403687
0.41403687
0.41403687
0.41403687
0.41403687
0.41403687
0.41403687
0.41403687
0.41403687
0.41403687
0.41403687
0.41403687
0.4140792
0.4140792
0.4140792
0.4140792
0.4140792
0.4140792
0.4140792
0.4140792
0.4140792
0.4140792
0.4140792
0.4140792
0.4140792
0.4140792
0.4140792
0.4140792
0.4140792
0.4140792
0.4140792
0.4140792
0.4140792
0.4140792
0.41430598
0.41430598
0.41430598
0.41430598
0.41430598
0.41430598
0.41430598
0.41430598
0.41430598
0.41430598
0.41430598
0.41430598
0.41430598
0.41430598
0.41430598
0.41430598
0.41430598
0.41430598
0.41430598
0.41430598
0.41430598
0.41430598
0.41430598
0.41430598
0.41430598
0.41430598
0.41430598
0.41430598
0.41430598
0.41430598
0.41430598
0.41430598
0.41430598
0.41430598
0.41430598
0.41430598
0.41430598
0.41430598
0.41430598
0.41430598
0.41430598
0.41430598
0.41430598
0.41430598
0.41430598
0.41430598
0.41430598
0.41430598
0.41430598
0.41430598
0.41430598
0.41430598
0.41430598
0.41430598
0.41430598
0.41430598
0.41430598
0.41430598
0.4145697
0.4145697
0.4145697
0.4145697
0.4145697
0.4145697
0.4145697
0.4145697
0.4145697
0.4145697
0.4145697
0.4145697
0.4145697
0.4145697
0.4145697
0.4145697
0.4145697
0.4145697
0.4145697
0.4145697
0.4145697
0.4145697
0.4145697
0.4145697
0.4145697
0.4145697
0.4145697
0.4145697
0.4145697
0.4145697
0.4145697
0.4145697
0.4145697
0.4145697
0.4145697
0.4145697
0.4145697
0.4145697
0.4145697
0.4145697
0.4145697
0.4145697
0.4145697
0.4145697
0.4145697
0.4145697
0.4145697
0.4145697
0.4145697
0.4145697
0.4145697
0.4145697
0.4145697
0.4145697
0.4145697
0.4145697
0.4145697
0.4145697
0.4145697
0.4145697
0.4145697
0.4145697
0.4145697
0.4145697
0.4145697
0.4145697
0.4145697
0.4145697
0.4145697
0.4145697
0.4145697
0.4145697
0.4145697
0.4146153
0.4146153
0.4146153
0.4146153
0.4146153
0.4146153
0.4146153
0.4146153
0.4146153
0.4146153
0.4146153
0.4146153
0.4146153
0.4146153
0.4146153
0.4146153
0.4146153
0.4146153
0.4146153
0.4146153
0.4146153
0.4146153
0.4146153
0.4146153
0.4146153
0.4146153
0.4146153
0.4146153
0.4146153
0.4146153
0.4146153
0.4146153
0.4146153
0.4146153
0.4146153
0.4146153
0.4146153
0.4146153
0.4146153
0.4146153
0.4146153
0.4146153
0.4146153
0.4146153
0.4146153
0.4146153
0.4146153
0.4146153
0.4146153
0.41473085
0.41473085
0.41473085
0.41473085
0.41473085
0.41473085
0.41473085
0.41473085
0.41473085
0.41473085
0.41473085
0.41473085
0.41473085
0.41473085
0.41473085
0.41473085
0.41473085
0.41473085
0.41473085
0.41473085
0.41473085
0.41473085
0.41480118
0.41480118
0.41480118
0.41480118
0.41480118
0.41480118
0.41480118
0.41480118
0.41480118
0.41480118
0.41480118
0.41480118
0.41480118
0.41480118
0.41480118
0.41480118
0.41480118
0.41480118
0.41480118
0.41480118
0.41480118
0.41480118
0.41480118
0.41480118
0.41480502
0.41480502
0.41480502
0.41480502
0.41480502
0.41480502
0.41480502
0.41480502
0.41480502
0.41480502
0.41480502
0.41480502
0.41480502
0.41480502
0.41480502
0.41480502
0.41480502
0.41480502
0.41480502
0.41480502
0.41480502
0.41480502
0.41480502
0.41480502
0.41480502
0.41480502
0.41480502
0.41480502
0.41480502
0.41480502
0.41480502
