1.3506495
0.06753247
0.11247565
0.16340001
0.18957722
0.26257885
0.28494066
0.2856263
0.30653703
0.32125422
0.31408453
0.3202099
0.32119718
0.3276368
0.33014178
0.29327416
0.3158937
0.32129207
0.33312565
0.31807426
0.31311667
0.33841065
0.3418849
0.3118277
0.30975246
0.3412556
0.33616972
0.34549028
0.3208313
0.3365467
0.33588162
0.3496264
0.30916187
0.354222
0.32414794
0.3532772
0.3670563
0.3689373
0.3672804
0.37699166
0.3577843
0.3486143
0.3837879
0.37153882
0.36091083
0.37011164
0.38436094
0.38104814
0.35130972
0.38252753
0.39234528
0.33325517
0.37677342
0.38172176
0.37240288
0.39063978
0.38348067
0.3897498
0.38335592
0.3792933
0.39923817
0.38203508
0.3836402
0.400824
0.35544944
0.39102292
0.38163525
0.39541957
0.40379825
0.38918266
0.40783572
0.37972912
0.39948428
0.39266473
0.40671903
0.37517816
0.35319275
0.3865281
0.39481682
0.40999222
0.38703054
0.37490112
0.40097958
0.3881382
0.3917126
0.40828744
0.3889441
0.394409
0.39836165
0.40910405
0.38033122
0.3863451
0.39644456
0.396957
0.40941396
0.40429384
0.41101986
0.38630474
0.40406662
0.3806078
0.40557235
0.4105451
0.40901962
0.4001503
0.41252828
0.37426794
0.4079182
0.4082651
0.40633002
0.41075477
0.40767056
0.41277948
0.3864866
0.40158263
0.38548622
0.40735012
0.39405653
0.39531285
0.3861282
0.39749867
0.4098658
0.41141528
0.4131474
0.36317727
0.3800968
0.3819996
0.39447364
0.39317852
0.39461097
0.40848765
0.3821643
0.392298
0.39813724
0.4098738
0.39682198
0.41133076
0.39777842
0.40669757
0.4090014
0.40767828
0.40863973
0.4078427
0.41212192
0.4052983
0.36656263
0.40894762
0.40073663
0.4050188
0.41278467
0.38795298
0.40960398
0.40469036
0.4037928
0.40933046
0.39872324
0.41133413
0.40876657
0.406253
0.39408332
0.3954344
0.40022564
0.39753157
0.41263542
0.39113495
0.40712634
0.4114801
0.39169466
0.39748147
0.41344938
0.37423867
0.38451794
0.40743127
0.39736086
0.39240664
0.40841275
0.37736064
0.38669586
0.40919152
0.3796473
0.38514632
0.41091546
0.41222978
0.41366267
0.3721579
0.392582
0.3902724
0.3772192
0.40646616
0.3966799
0.40142012
0.41215816
0.41300672
0.39990145
0.39684555
0.4140604
0.34902105
0.39085916
0.3986189
0.4138724
0.4015337
0.41026825
0.4045207
0.40286094
0.41438323
0.38303322
0.40941682
0.3932393
0.41132528
0.4150873
0.33678228
0.39138883
0.39624614
0.39889866
0.4095084
0.39981985
0.40176806
0.41412306
0.40575233
0.39315322
0.39941952
0.41491094
0.41409335
0.41363373
0.41223603
0.41542354
0.39744374
0.38770553
0.40950418
0.40205827
0.3950671
0.4125646
0.39296237
0.40838638
0.41247186
0.4011394
0.38618252
0.408468
0.40112454
0.4113114
0.41448683
0.40902773
0.41524553
0.39747986
0.40846318
0.41030326
0.41074246
0.41333866
0.41319284
0.41501895
0.40360913
0.40057182
0.4151408
0.41536394
0.41519013
0.41152614
0.4127944
0.4142186
0.41568714
0.38871735
0.3977576
0.40529227
0.40632662
0.40113562
0.4113416
0.41203064
0.39847055
0.40981206
0.4129069
0.39792007
0.41379434
0.41373652
0.4125945
0.40364456
0.4037454
0.4028613
0.403696
0.41266316
0.4008246
0.41566977
0.3966884
0.38700235
0.40807968
0.3889312
0.40624443
0.38546833
0.41206676
0.3903547
0.41418895
0.41392
0.41543633
0.40092248
0.4089547
0.41425568
0.41575012
0.40621033
0.38656184
0.40487504
0.4157107
0.40262812
0.41170684
0.41295305
0.4014328
0.4139541
0.41271242
0.4109358
0.41559824
0.4081255
0.41545287
0.41286936
0.41182357
0.38770208
0.41583586
0.38224122
0.3861872
0.3983348
0.41210657
0.4091626
0.40038085
0.39772236
0.4067468
0.41534805
0.39414388
0.41071376
0.41224584
0.40960294
0.4148739
0.39997327
0.41580743
0.3792383
0.4101827
0.40528035
0.4159088
0.3815046
0.4100605
0.39733034
0.405613
0.41339865
0.41450697
0.39181826
0.40229717
0.38133916
0.4042346
0.41634184
0.40736026
0.39166218
0.41450006
0.3950663
0.3980236
0.41278687
0.4137953
0.40157562
0.40494928
0.3922996
0.40794343
0.4020837
0.4060739
0.40989065
0.4124357
0.40395498
0.4168346
0.39571384
0.39842692
0.40881902
0.41726
0.3936491
0.40766278
0.40956694
0.39361805
0.40959397
0.39862144
0.39725724
0.41578364
0.3914804
0.41243118
0.41546598
0.41501728
0.4164904
0.41426626
0.41551718
0.4039394
0.41820508
0.38539797
0.386896
0.41211182
0.3964978
0.40927634
0.4092146
0.4127558
0.3998943
0.41265935
0.40053916
0.4154354
0.409607
0.41043177
0.3990756
0.4163023
0.40486822
0.4105567
0.41282043
0.4096724
0.41684285
0.4119071
0.41390806
0.41659632
0.40186507
0.40589625
0.41819748
0.41051525
0.4134006
0.4074734
0.40037376
0.40979323
0.41675878
0.40573606
0.417071
0.4058016
0.41830105
0.41543245
0.41540366
0.4180689
0.4184762
0.36265153
0.37418225
0.40621963
0.4078719
0.41180557
0.40026888
0.40937418
0.38988388
0.4110573
0.40077177
0.4162168
0.39889973
0.41536522
0.41199607
0.4156847
0.40365973
0.40230545
0.41528535
0.41520864
0.4059351
0.4171629
0.41334754
0.4168852
0.39965397
0.41805306
0.41858807
0.3998081
0.41733304
0.39824694
0.41657925
0.40512905
0.417697
0.4176206
0.40623647
0.41816157
0.4141082
0.41368556
0.41757053
0.41822577
0.41502133
0.41863155
0.40507737
0.40606952
0.41389546
0.41862684
0.40283298
0.41863784
0.37764284
0.40193835
0.40670174
0.3821039
0.40771946
0.3980738
0.4135813
0.37163308
0.40870324
0.40232402
0.41319862
0.41633645
0.39478305
0.39964455
0.40585274
0.41428018
0.39250022
0.3991424
0.39071533
0.40521365
0.4141017
0.41597348
0.41416878
0.41527152
0.39711934
0.40710726
0.411869
0.41839853
0.38942617
0.41712657
0.4179049
0.41860613
0.40772128
0.4051748
0.41463095
0.39885998
0.40416557
0.3948648
0.40191936
0.41682348
0.4130136
0.41774425
0.39416796
0.4186018
0.4092528
0.40755123
0.4175229
0.41802353
0.41482434
0.41790503
0.4168536
0.41652784
0.41793442
0.41450563
0.4112249
0.4156072
0.41796622
0.40813598
0.41768685
0.4184785
0.41085258
0.417802
0.4168839
0.4096303
0.41857177
0.41872564
0.38664752
0.4094851
0.38019645
0.41098705
0.39620227
0.4120102
0.413963
0.41030306
0.39634535
0.4135336
0.40868956
0.40304667
0.41374126
0.41323456
0.41601524
0.3792467
0.38835797
0.40865445
0.40297788
0.4166625
0.38666153
0.40101662
0.4131477
0.41252488
0.41777882
0.40550977
0.4003892
0.41776127
0.41232777
0.4099218
0.4044357
0.4092967
0.4164013
0.41829816
0.41773185
0.41753712
0.41520768
0.41661945
0.41700882
0.4146944
0.41858807
0.39409244
0.41647857
0.41788712
0.41206604
0.4004523
0.40906435
0.40124446
0.40261206
0.41187483
0.41710535
0.40976515
0.40530604
0.40656298
0.4177741
0.4137959
0.40326604
0.41711092
0.40969855
0.41811356
0.41876698
0.40696144
0.40631717
0.4137445
0.4001786
0.41681343
0.40325874
0.41432667
0.41793862
0.41400728
0.40082964
0.4025735
0.39588413
0.4071537
0.4174304
0.4038784
0.41824967
0.4157012
0.40544564
0.41860476
0.40387774
0.3873299
0.40148878
0.41365623
0.41399246
0.3934939
0.416325
0.4021396
0.416114
0.40364107
0.41404837
0.40876585
0.41821074
0.41408905
0.41397133
0.41828376
0.4131926
0.4055973
0.41550794
0.4057734
0.41858053
0.39738616
0.40320912
0.41806126
0.4159451
0.4069578
0.41882282
0.4008689
0.41848913
0.41110975
0.41826162
0.41278577
0.40384012
0.41444737
0.41860157
0.41307917
0.41693228
0.41661328
0.41824898
0.41456217
0.4185968
0.416562
0.4137543
0.41882434
0.4150731
0.4188436
0.3834977
0.39703447
0.3995344
0.40953055
0.3954808
0.41010705
0.41055956
0.41630673
0.39650798
0.3931929
0.40144712
0.41455287
0.4033839
0.4167975
0.39893812
0.4180134
0.40433398
0.41639885
0.4158891
0.3979729
0.4109088
0.4138872
0.41560912
0.40629417
0.41778436
0.41484627
0.41460738
0.4176175
0.41607457
0.41736364
0.41388303
0.40396413
0.4150788
0.41534534
0.4188375
0.4140703
0.4183238
0.418181
0.41884384
0.41814938
0.41576704
0.4109959
0.41662294
0.41753775
0.4169396
0.4166759
0.41884384
0.41884384
0.41884384
0.41884384
0.41884384
0.41884384
0.41884384
0.41884384
0.41884384
0.41884384
0.41884384
0.41884384
0.41884384
0.41884384
0.41884384
0.41884384
0.41884384
0.41884384
0.41884384
0.41884384
0.41884384
0.41884384
0.41884384
0.41884384
0.41884384
0.41884384
0.41884384
0.41884384
0.41884384
0.41884384
0.41884384
0.41884384
0.41884384
0.41884384
0.41884384
0.41884384
0.41884384
0.41884384
0.41884384
0.41884384
0.41884384
0.41884384
0.41884384
0.41884384
0.41884384
0.41884384
0.41884384
0.41884384
0.41884384
0.41884384
0.41884384
0.41884384
0.41884384
0.41884384
0.41884384
0.41884384
0.41884384
0.41884384
0.41884384
0.41884384
0.41884384
0.41884384
0.41884384
0.41884384
0.41884384
0.41884384
0.41884384
0.41884384
0.41884384
0.41884384
0.41884384
0.41884384
0.41884384
0.41884384
0.41884384
0.41884384
0.41884384
0.41884384
0.41884384
0.41884384
0.41884384
0.41884384
0.41884384
0.41884384
0.41884384
0.41884384
0.41884384
0.41884384
0.41884384
0.41884384
0.41884384
0.41884384
0.41884384
0.41884384
0.41884384
0.41884384
0.41884384
0.41884384
0.41884384
0.41884384
0.41884384
0.41884384
0.41884384
0.41884384
0.41884384
0.41884384
0.41884384
0.41884384
0.41884384
0.41884384
0.41884384
0.41884384
0.41884384
0.41884384
0.41884384
0.41884384
0.41884384
0.41884384
0.41884384
0.41884384
0.41884384
0.41884384
0.41884384
0.41884384
0.41884384
0.41884384
0.41884384
0.41884384
0.41884384
0.41884384
0.41884384
0.41884384
0.41884384
0.41884384
0.41884384
0.41884384
0.41884384
0.41884384
0.41884384
0.41884384
0.41884384
0.41884384
0.41884384
0.41884384
0.41884384
0.41884384
0.41884384
0.41884384
0.41884384
0.41884384
0.41884384
0.41884384
0.41884384
0.41884384
0.41884384
0.41884384
0.41884384
0.41884384
0.41884384
0.41884384
0.41884384
0.41884384
0.41884384
0.41884384
0.41884384
0.41884384
0.41884384
0.41884384
0.41884384
0.41884384
0.41884384
0.41884384
0.41884384
0.41884384
0.41884384
0.41884384
0.41884384
0.41884384
0.41884384
0.41884384
0.41884384
0.41884384
0.41884384
0.41884384
0.41884384
0.41884384
0.41884384
0.41884384
0.41884384
0.41884384
0.41884384
0.41884384
0.41884384
0.41884384
0.41884384
0.41884384
0.41884384
0.41884384
0.41884384
0.41884384
0.41884384
0.41884384
0.41884384
0.41884384
0.41884384
0.41884384
0.41884384
0.41884384
0.41884384
0.41884384
0.41884384
0.41884384
0.41884384
0.41884384
0.41884384
0.41884384
0.41884384
0.41884384
0.41884384
0.41884384
0.41884384
0.41884384
0.41884384
0.41884384
0.41884384
0.41884384
0.41884384
0.41884384
0.41884384
0.41884384
0.41884384
0.41884384
0.41884384
0.41884384
0.41884384
0.41884384
0.41884384
0.41884384
0.41884384
0.41884384
0.41884384
0.41884384
0.41884384
0.41884384
0.41884384
0.41884384
0.41884384
0.41884384
0.41884384
0.41884384
0.41884384
0.41884384
0.41884384
0.41884384
0.41884384
0.41884384
0.41884384
0.41884384
0.41884384
0.41884384
0.41884384
0.41884384
0.41884384
0.41884384
0.41884384
0.41884384
0.41884384
0.41884384
0.41884384
0.41884384
0.41884384
0.41884384
0.41884384
0.41884384
0.41884384
0.41884384
0.41884384
0.41884384
0.41884384
0.41884384
0.41884384
0.41884384
0.41884384
0.41884384
0.41884384
0.41884384
0.41884384
0.41884384
0.41884384
0.41884384
0.41884384
0.41884384
0.41884384
0.41884384
0.41884384
0.41884384
