1.4007565
0.07003783
0.099251844
0.11569204
0.12279978
0.1420987
0.15094107
0.15404
0.15425584
0.16062833
0.15601695
0.17505951
0.1636298
0.17010479
0.17557457
0.17171827
0.1946717
0.22175995
0.23390944
0.22277525
0.24098518
0.23685145
0.24966052
0.2471774
0.25794533
0.2454722
0.29966336
0.30685645
0.32286212
0.3409318
0.33778054
0.3397743
0.36168858
0.3595336
0.36117393
0.36101353
0.36463565
0.33592793
0.34724322
0.36518177
0.31740922
0.3442987
0.35941526
0.35390002
0.36866194
0.32386804
0.35340554
0.35463625
0.37307882
0.35034847
0.34979534
0.3741665
0.3594485
0.3692638
0.37411267
0.3584097
0.3640679
0.37572572
0.37165824
0.3752065
0.37829965
0.3157623
0.35640985
0.3692575
0.36351338
0.3779589
0.36067688
0.3780564
0.3617761
0.37286603
0.35403565
0.37967354
0.37870744
0.36417523
0.38270783
0.31083354
0.35260874
0.35251978
0.38200432
0.38790154
0.36041597
0.37705517
0.38893193
0.34577137
0.37233728
0.37618214
0.38800406
0.38834068
0.39049864
0.3565511
0.37388048
0.37467155
0.3896317
0.36544043
0.36462706
0.35787088
0.3752806
0.3912869
0.3808461
0.39342248
0.3771153
0.39128813
0.3741382
0.3938334
0.39060563
0.38617778
0.3630169
0.3792026
0.39410073
0.38280496
0.3954408
0.3687257
0.37996525
0.3844169
0.38477153
0.38455346
0.39571172
0.3754741
0.3707283
0.39671463
0.3952592
0.3957557
0.39303043
0.38384488
0.38668796
0.38263875
0.39815825
0.38661298
0.39823622
0.39649087
0.39943752
0.369909
0.37763456
0.3696068
0.39266616
0.38556698
0.3744545
0.39310387
0.3899404
0.38789532
0.39909104
0.37932956
0.3997271
0.378487
0.38095427
0.40202355
0.35290632
0.37859258
0.36044186
0.39287937
0.4024817
0.39552552
0.40069637
0.3998801
0.38117257
0.40294012
0.40365472
0.39161235
0.39018667
0.40508047
0.39368898
0.39822823
0.40732026
0.39558333
0.3799266
0.40555468
0.4038611
0.4086205
0.3840023
0.39687857
0.39738232
0.39017385
0.39181578
0.39374056
0.39451736
0.39565438
0.40479064
0.39018804
0.40029365
0.39253953
0.4086163
0.40940428
0.36578023
0.36788964
0.38685974
0.40530992
0.3617935
0.4016613
0.3944717
0.4075045
0.40895635
0.41021657
0.3194682
0.3719749
0.39368016
0.37453228
0.37610084
0.39512268
0.40785885
0.3719671
0.40617475
0.4010273
0.40502816
0.3915006
0.40690127
0.39416128
0.40765753
0.40781456
0.40903553
0.39523393
0.40308437
0.38623184
0.4058624
0.4095847
0.38582942
0.4056197
0.41088954
0.39952987
0.37931752
0.39785272
0.40507263
0.40268677
0.4097817
0.38944405
0.3870686
0.41275057
0.38226202
0.37748885
0.40141106
0.40627813
0.39435768
0.39927596
0.39642566
0.40753236
0.413412
0.37131143
0.39756462
0.3637242
0.3978563
0.40089864
0.3794812
0.39546412
0.4087213
0.37567133
0.4042429
0.40779275
0.39514402
0.40942764
0.41369057
0.4018844
0.4096015
0.40361124
0.38950312
0.40256304
0.4010035
0.40851107
0.4107429
0.38466695
0.3966527
0.40238422
0.41438517
0.41131234
0.39278248
0.40814146
0.3946705
0.400997
0.41066462
0.41292048
0.41128612
0.41461167
0.3319842
0.37930545
0.3997059
0.3807053
0.40775475
0.39547142
0.39009634
0.40503964
0.39834207
0.41188207
0.37386563
0.3857773
0.4000103
0.41276103
0.38130394
0.40709877
0.4023977
0.40858966
0.4127976
0.4089517
0.4144724
0.36115223
0.38619715
0.41124743
0.39201728
0.41248474
0.41041484
0.4036182
0.41325712
0.4001368
0.4145608
0.4127249
0.40992647
0.41489738
0.37017184
0.40697432
0.37639302
0.40865487
0.38659397
0.41125125
0.41242704
0.4135728
0.40906683
0.4039033
0.41535538
0.40610656
0.40367475
0.3989888
0.41394657
0.40668702
0.4103404
0.4108246
0.41553146
0.41122857
0.40523878
0.41520563
0.41082916
0.41518492
0.3999721
0.4033094
0.40636167
0.4152926
0.4156127
0.38960975
0.3973716
0.40089592
0.40674838
0.41250664
0.4123075
0.41522536
0.40224442
0.41497087
0.39748847
0.40056664
0.4154369
0.41597
0.38182753
0.39483464
0.41244268
0.38417202
0.39946026
0.4097994
0.41386563
0.40560165
0.40088233
0.41511792
0.40121263
0.38748512
0.4161126
0.38412356
0.4129835
0.3978303
0.40849757
0.39849997
0.4049031
0.41493258
0.4133134
0.41420144
0.40438804
0.41498256
0.4114743
0.41465387
0.40437633
0.41475695
0.41509733
0.40355235
0.41580033
0.41611236
0.40305185
0.41531572
0.41407186
0.40449318
0.41645616
0.32394713
0.35468823
0.38839474
0.3677947
0.38417354
0.39482075
0.39833614
0.41021782
0.37584347
0.40718564
0.41130266
0.41447783
0.41032147
0.3998991
0.40363997
0.41639495
0.3983212
0.4028647
0.39775854
0.41516465
0.41523823
0.41289467
0.41346556
0.41760492
0.35964796
0.38172266
0.40316334
0.40869156
0.41048798
0.41399747
0.3913148
0.40781656
0.41406408
0.40476626
0.4164261
0.41530687
0.40623873
0.39978296
0.41901484
0.39433256
0.4162963
0.4081942
0.40958413
0.41217476
0.41079372
0.41917443
0.38637516
0.41165018
0.3966936
0.406669
0.4066971
0.41555762
0.4185431
0.39699212
0.39403433
0.40805632
0.41452384
0.4125088
0.41162652
0.41906935
0.41795054
0.412702
0.4086557
0.41733018
0.41556835
0.40842858
0.4147283
0.4193552
0.4090503
0.4141276
0.39826158
0.41904736
0.39908284
0.40352926
0.4183362
0.4191729
0.41820732
0.4187057
0.41890368
0.41949326
0.38558847
0.408621
0.40424776
0.4070545
0.39739498
0.39135247
0.40529332
0.41493207
0.38824606
0.39788032
0.4151687
0.38673615
0.39899692
0.40289178
0.40004998
0.410048
0.38206834
0.40443859
0.40152654
0.40940815
0.39546314
0.4181899
0.39625803
0.41710335
0.41055387
0.41700673
0.4068337
0.41623688
0.409231
0.40784344
0.4182307
0.40615764
0.40767106
0.4182802
0.4046654
0.41330656
0.4194273
0.4015037
0.41133237
