12.345362
0.12345362
0.1885895
0.28110445
0.36799076
0.49910623
0.5833388
0.63168573
0.6606822
0.64790654
0.6667206
0.6656001
0.66758925
0.6758984
0.62122256
0.66167086
0.68035424
0.56344175
0.65148616
0.6829026
0.64440024
0.6810491
0.67638206
0.69090897
0.6778925
0.68248075
0.6954803
0.65288454
0.67973596
0.7049923
0.60547644
0.6819844
0.7103702
0.7199968
0.558949
0.65484315
0.6950849
0.6914329
0.7153456
0.7143331
0.70907354
0.727826
0.63275653
0.7057207
0.71272296
0.72505164
0.7194181
0.7250137
0.73661584
0.6210069
0.70790315
0.7246726
0.7293944
0.74481857
0.682551
0.7150847
0.7412297
0.7233093
0.7570205
0.73179024
0.7438874
0.7359326
0.7429256
0.75268865
0.7553796
0.76002693
0.6379479
0.70787054
0.721736
0.74526024
0.7494103
0.7631635
0.67334944
0.72979164
0.7389764
0.75049883
0.74672204
0.75496805
0.7678969
0.6971777
0.7436411
0.76240593
0.7624362
0.76670647
0.75821054
0.7695278
0.7045429
0.7376603
0.76961577
0.74318445
0.76437
0.76722634
0.76660407
0.76788247
0.7664486
0.76643217
0.7734631
0.6322926
0.7239236
0.7568814
0.7326364
0.7725733
0.66949815
0.7378785
0.7755062
0.687714
0.7409911
0.75874215
0.7798059
0.74196553
0.7769989
0.7788483
0.7677796
0.7778373
0.7733772
0.7791569
0.77443856
0.7863298
0.7528972
0.7770377
0.7603041
0.76893455
0.7804729
0.7874663
0.77307945
0.7848912
0.7890823
0.6975931
0.7592871
0.7747143
0.74518645
0.77469563
0.7799093
0.78897804
0.71465796
0.7444153
0.77655107
0.77469504
0.7767851
0.7880652
0.7739963
0.7876776
0.78104836
0.7897751
0.69121146
0.7331669
0.7597961
0.76128924
0.7714464
0.7503408
0.7680704
0.7807786
0.77293783
0.78278995
0.7901151
0.7398231
0.77089316
0.7647487
0.7771592
0.7813707
0.7698064
0.78320825
0.77629167
0.79076284
0.68476045
0.74129605
0.750158
0.77739316
0.74119925
0.74529976
0.7799923
0.77512723
0.764748
0.7828328
0.7891811
0.76972044
0.76910156
0.7838949
0.7915189
0.7082169
0.7596247
0.77189463
0.7730256
0.7861585
0.7757145
0.78863555
0.7846593
0.7918469
0.71919984
0.7370049
0.78528076
0.76822126
0.77627975
0.7770557
0.78436625
0.78494
0.7919344
0.75842416
0.7725642
0.791205
0.77759737
0.78149986
0.7860017
0.7908387
0.7922325
0.70358795
0.78551954
0.7747435
0.7768756
0.7796107
0.7919691
0.74487984
0.77179223
0.765354
0.7782766
0.79098916
0.785657
0.7863369
0.7924465
0.691865
0.7510665
0.7797489
0.76533073
0.7650192
0.7852735
0.7892826
0.78103554
0.7906446
0.7839731
0.7797159
0.79113656
0.7910669
0.78297913
0.7781008
0.77900445
0.78775007
0.793078
0.6895655
0.74569654
0.76386607
0.7680831
0.7793457
0.7919775
0.748649
0.7688134
0.77674544
0.77864546
0.78793037
0.793257
0.7200228
0.73854643
0.769981
0.7622322
0.7774163
0.7770827
0.78500116
0.7857941
0.7872475
0.7878139
0.78619325
0.78876466
0.78667206
0.79314834
0.7607876
0.7814189
0.7753116
0.7848225
0.79283845
0.7864013
0.7831826
0.7913198
0.7884436
0.7857876
0.7937188
0.68203473
0.74703944
0.7503512
0.7722152
0.76564527
0.7716863
0.7852013
0.7899229
0.7915815
0.76777804
0.7895443
0.77067614
0.7825421
0.7935412
0.75519663
0.78525347
0.7835225
0.7843401
0.79347414
0.76280916
0.78816307
0.79315186
0.7787886
0.778143
0.7923862
0.7940951
0.6663579
0.7454998
0.76407105
0.7618397
0.7813234
0.74611
0.7698244
0.77758306
0.79263705
0.7663725
0.77238595
0.75688475
0.7858277
0.78661424
0.7940243
0.7296767
0.7707336
0.7810541
0.7899919
0.7940443
0.78354234
0.7839943
0.79435897
0.71863824
0.75258887
0.7665992
0.751922
0.783637
0.7775697
0.7920834
0.7528088
0.77539504
0.76456696
0.7932507
0.77085024
0.7659616
0.7862813
0.78862166
0.79331625
0.7826985
0.7866736
0.7894491
0.79411197
0.7643955
0.7702523
0.77194494
0.7825389
0.7876648
0.79388505
0.76557297
0.7862252
0.78768516
0.7887702
0.7872138
0.7867339
0.79453856
0.651686
0.7335306
0.7357832
0.7622362
0.7707077
0.7270508
0.76407015
0.78315455
0.78097826
0.7740583
0.78523535
0.78531355
0.77743423
0.7929773
0.72847974
0.7570161
0.7770391
0.7741964
0.7794498
0.7931797
0.7390586
0.77157134
0.7904266
0.7734947
0.7884581
0.79465383
0.758119
0.76614535
0.7650566
0.79164034
0.7435461
0.77718836
0.7647639
0.77930045
0.7830494
0.7821271
0.79241365
0.76711535
0.7851368
0.77899003
0.7942822
0.7401812
0.7758035
0.7876453
0.7875017
0.7947443
0.7669228
0.779214
0.77393484
0.78786415
0.79431814
0.7802669
0.7812958
0.7857014
0.7912538
0.7951015
0.7380693
0.7698598
0.7634399
0.77561325
0.77340156
0.78009003
0.7936693
0.76757026
0.78273666
0.76091653
0.7794227
0.7929781
0.7696934
0.78722036
0.78840756
0.7948753
0.7469624
0.76740235
0.7848303
0.78525656
0.7945218
0.78654176
0.7894566
0.7878389
0.7939587
0.7835797
0.79417616
0.78750086
0.795398
0.76206094
0.7723925
0.7713983
0.77689844
0.78204864
0.78870934
0.7943287
0.7584657
0.7809855
0.7742152
0.7951339
0.7792569
0.78760743
0.78240114
0.7886764
0.7943972
0.78346276
0.7760648
0.79033107
0.79549485
0.75903517
0.773902
0.7789603
0.7856755
0.7932947
0.77471703
0.7883219
0.79512835
0.7555235
0.7850693
0.7747735
0.78821397
0.7952182
0.7892059
0.79442847
0.7781661
0.789024
0.7953039
0.7712704
0.77441484
0.7944162
0.78963137
0.79560226
0.71128494
0.75712806
0.7544833
0.7783916
0.7469992
0.77790666
0.7882053
0.78719115
0.7941363
0.7479594
0.78651345
0.7885317
0.79019386
0.78788215
0.7954309
0.71109277
0.76032317
0.7691745
