0.67693955
0.67693955
0.6965812
0.6965812
0.69694656
0.7289882
0.7289882
0.7289882
0.7289882
0.7289882
0.7289882
0.7289882
0.7289882
0.7289882
0.7289882
0.7289882
0.76014996
0.76014996
0.76014996
0.76014996
0.76014996
0.76014996
0.76014996
0.76014996
0.76014996
0.76014996
0.76014996
0.76014996
0.76014996
0.76014996
0.76014996
0.76014996
0.76014996
0.7709758
0.7709758
0.7709758
0.7709758
0.7709758
0.7709758
0.7709758
0.7709758
0.7709758
0.7709758
0.7709758
0.7709758
0.7709758
0.7709758
0.7709758
0.7709758
0.7709758
0.7709758
0.7709758
0.7709758
0.7709758
0.7744354
0.7744354
0.7744354
0.7744354
0.7744354
0.7744354
0.7744354
0.7744354
0.7744354
0.7744354
0.7744354
0.7765047
0.7765047
0.788912
0.788912
0.788912
0.788912
0.7896027
0.7896027
0.7896027
0.7896027
0.7896027
0.7896027
0.7896027
0.7923037
0.7923037
0.7923037
0.7923037
0.7923037
0.7923037
0.7923037
0.7923037
0.7923037
0.7923037
0.7923037
0.7923037
0.7923037
0.7923037
0.7923037
0.7923037
0.7923037
0.7923037
0.7923037
0.7923037
0.7923037
0.7923037
0.7923037
0.7923037
0.7923037
0.7923037
0.7923037
0.7923037
0.7923037
0.7923037
0.7923037
0.7923037
0.7923037
0.7923037
0.7923037
0.7923037
0.7923037
0.7923037
0.7923037
0.7923037
0.7923037
0.7923037
0.7923037
0.7923037
0.7923037
0.7923037
0.7923037
0.7923037
0.7923037
0.79230374
0.79230374
0.79231626
0.79231626
0.79231626
0.79231626
0.79231626
0.79231626
0.79231626
0.79231626
0.79231626
0.79231626
0.79231626
0.79231626
0.79231626
0.79231626
0.7923621
0.7923621
0.7924666
0.7924666
0.7924666
0.7924666
0.79313123
0.79313123
0.79313123
0.79313123
0.79313123
0.79313123
0.79313123
0.79313123
0.79313123
0.79313123
0.79313123
0.79313123
0.79313123
0.79313123
0.793371
0.793371
0.793371
0.793371
0.7942813
0.7942813
0.7942813
0.7942813
0.7942813
0.7942813
0.7942813
0.7942813
0.7942813
0.7942813
0.7942813
0.7942813
0.7942813
0.7942813
0.7942813
0.7942813
0.7942813
0.7942813
0.7942813
0.7942813
0.7942813
0.7942813
0.7942813
0.7942813
0.7942813
0.7942813
0.7942813
0.7942813
0.7942813
0.7942813
0.7942813
0.7942813
0.7942813
0.7942813
0.7942813
0.7942813
0.7942813
0.7942813
0.7942813
0.7942813
0.7942813
0.7942813
0.7942813
0.7942813
0.7942813
0.7942813
0.7942813
0.7942813
0.7942813
0.7942813
0.7942813
0.7942813
0.7942813
0.7942813
0.7942813
0.7942813
0.7942813
0.7942813
0.7942813
0.7942813
0.7942813
0.7942813
0.7942813
0.7942813
0.794436
0.794436
0.794436
0.794436
0.794436
0.794436
0.794436
0.794436
0.794436
0.794436
0.794436
0.7945484
0.7945484
0.7945484
0.7945484
0.7945484
0.7945484
0.7945484
0.7945484
0.7945484
0.7945484
0.7945484
0.7945484
0.7945484
0.7945484
0.7945484
0.7945484
0.7945484
0.7945484
0.7945484
0.7945484
0.7955087
0.7955087
0.7955087
0.7955087
0.7955087
0.7955087
0.7955087
0.7955087
0.7955087
0.7955087
0.7955087
0.7955087
0.7955087
0.7955087
0.7955087
0.7955087
0.7955087
0.7955087
0.7955087
0.7955087
0.7955087
0.7955087
0.7955087
0.7955087
0.7955087
0.7955087
0.7955087
0.7955087
0.7955087
0.7955087
0.7955087
0.7955087
0.7955087
0.7955087
0.7955087
0.7955087
0.7955087
0.7955186
0.7955186
0.7955186
0.79573065
0.79573065
0.79573065
0.79573065
0.79573065
0.79573065
0.79573065
0.79573065
0.79573065
0.79573065
0.79573065
0.79573065
0.79573065
0.79573065
0.79573065
0.79573065
0.79573065
0.79573065
0.79573065
0.79573065
0.79573065
0.79573065
0.7957977
0.7957977
0.7957977
0.7957977
0.7957977
0.795826
0.795826
0.795826
0.795826
0.795826
0.795826
0.795826
0.795826
0.795826
0.795826
0.795826
0.795826
0.795826
0.795826
0.795826
0.795826
0.795826
0.795826
0.795826
0.795826
0.795826
0.795826
0.795826
0.795826
0.795826
0.795826
0.795826
0.795826
0.795826
0.795826
0.795826
0.795826
0.795826
0.795826
0.795826
0.795826
0.795826
0.795826
0.795826
0.795826
0.795826
0.795826
0.795826
0.795826
0.795826
0.795826
0.795826
0.795826
0.795826
0.795826
0.795826
0.795826
0.795826
0.795826
0.79584837
0.79584837
0.79584837
0.79584837
0.79584837
0.79584837
0.79584837
0.79584837
0.79584837
0.79584837
0.79584837
0.79584837
0.79584837
0.79584837
0.79584837
0.79584837
0.79584837
0.79584837
0.79584837
0.79584837
0.79584837
0.79584837
0.79584837
0.79584837
0.79584837
0.79584837
0.79584837
0.79584837
0.79584837
0.79584837
0.79584837
0.79584837
0.79584837
0.79584837
0.79584837
0.79584837
0.79584837
0.79584837
0.79584837
0.79584837
0.79584837
0.79584837
0.79584837
0.79584837
0.79584837
0.79584837
0.79584837
0.79584837
0.79584837
0.79584837
0.79584837
0.79584837
0.79584837
0.79584837
0.79584837
0.79584837
0.79584837
0.79584837
0.79584837
0.79584837
0.79584837
0.79588497
0.79588497
0.79588497
0.79588497
0.79588497
0.79588497
0.79588497
0.79588497
0.79588497
0.79588497
0.79588497
0.79588497
0.79588497
0.79588497
0.79588497
0.79588497
0.79588497
0.79588497
0.796535
0.796535
0.796535
0.796535
0.796535
0.796535
0.796535
0.796535
0.796535
0.796535
0.796535
0.796535
0.796535
0.796535
0.796535
0.796535
0.796535
0.796535
0.796535
0.796535
0.796535
0.796535
0.796535
0.796535
0.79656047
0.79656047
0.79656047
0.79656047
0.79656047
0.79656047
0.79656047
0.79656047
0.79656047
0.79656047
0.79656047
0.79656047
0.79656047
0.79656047
0.79656047
