1.8349123
0.091745615
0.13425286
0.14044505
0.17099051
0.21844919
0.2708711
0.32447535
0.35843322
0.4497497
0.65061474
0.7275146
0.69620544
0.7324008
0.54030514
0.6904058
0.7289387
0.73525536
0.5859817
0.7356106
0.69009453
0.742517
0.7511214
0.69861174
0.7558643
0.75427616
0.757069
0.75810915
0.75810915
0.75810915
0.75810915
0.75810915
0.75810915
0.75810915
0.75810915
0.75810915
0.75810915
0.75810915
0.75810915
0.75810915
0.75810915
0.75810915
0.75810915
0.75810915
0.75810915
0.75810915
0.75810915
0.75810915
0.75810915
0.75810915
0.75810915
0.75810915
0.75810915
0.75810915
0.75810915
0.75810915
0.75810915
0.75810915
0.75810915
0.75810915
0.75810915
0.75810915
0.75810915
0.75810915
0.75810915
0.75810915
0.75810915
0.75810915
0.75810915
0.75810915
0.75810915
0.75810915
0.75810915
0.75810915
0.75810915
0.75810915
0.75810915
0.75810915
0.75810915
0.75810915
0.75810915
0.75810915
0.75810915
0.75810915
0.75810915
0.75810915
0.75810915
0.75810915
0.75810915
0.75810915
0.75810915
0.75810915
0.75810915
0.75810915
0.75810915
0.75810915
0.75810915
0.75810915
0.75810915
0.75810915
0.75810915
0.75810915
0.75810915
0.75810915
0.75810915
0.75810915
0.75810915
0.75810915
0.75810915
0.75810915
0.75810915
0.75810915
0.75810915
0.75810915
0.75810915
0.75810915
0.75810915
0.75810915
0.75810915
0.75810915
0.75810915
0.75810915
0.75810915
0.75810915
0.75810915
0.75810915
0.75810915
0.75810915
0.75810915
0.75810915
0.75810915
0.75810915
0.75810915
0.75810915
0.75810915
0.75810915
0.75810915
0.75810915
0.75810915
0.75810915
0.75810915
0.75810915
0.75810915
0.75810915
0.75810915
0.75810915
0.75810915
0.75810915
0.75810915
0.75810915
0.75810915
0.75810915
0.75810915
0.75810915
0.75810915
0.75810915
0.75810915
0.75810915
0.75810915
0.75810915
0.75810915
0.75810915
0.75810915
0.75810915
0.75810915
0.75810915
0.75810915
0.75810915
0.75810915
0.75810915
0.75810915
0.75810915
0.75810915
0.75810915
0.75810915
0.75810915
0.75810915
0.75810915
0.75810915
0.75810915
0.75810915
0.75810915
0.75810915
0.75810915
0.75810915
0.75810915
0.75810915
0.75810915
0.75810915
0.75810915
0.75810915
0.75810915
0.75810915
0.75810915
0.75810915
0.75810915
0.75810915
0.75810915
0.75810915
0.75810915
0.75810915
0.75810915
0.75810915
0.75810915
0.75810915
0.75810915
0.75810915
0.75810915
0.75810915
0.75810915
0.75810915
0.75810915
0.75810915
0.75810915
0.75810915
0.75810915
0.75810915
0.75810915
0.75810915
0.75810915
0.75810915
0.75810915
0.75810915
0.75810915
0.75810915
0.75810915
0.75810915
0.75810915
0.75810915
0.75810915
0.75810915
0.75810915
0.75810915
0.75810915
0.75810915
0.75810915
0.75810915
0.75810915
0.75810915
0.75810915
0.75810915
0.75810915
0.75810915
0.75810915
0.75810915
0.75810915
0.75810915
0.75810915
0.75810915
0.75810915
0.75810915
0.75810915
0.75810915
0.75810915
0.75810915
0.75810915
0.75810915
0.75810915
0.75810915
0.75810915
0.75810915
0.75810915
0.75810915
0.75810915
0.75810915
0.75810915
0.75810915
0.75810915
0.75810915
0.75810915
0.75810915
0.75810915
0.75810915
0.75810915
0.75810915
0.75810915
0.75810915
0.75810915
0.75810915
0.75810915
0.75810915
0.75810915
0.75810915
0.75810915
0.75810915
0.75810915
0.75810915
0.75810915
0.75810915
0.75810915
0.75810915
0.75810915
0.75810915
0.75810915
0.75810915
0.75810915
0.75810915
0.75810915
0.75810915
0.75810915
0.75810915
0.75810915
0.75810915
0.75810915
0.75810915
0.75810915
0.75810915
0.75810915
0.75810915
0.75810915
0.75810915
0.75810915
0.75810915
0.75810915
0.75810915
0.75810915
0.75810915
0.75810915
0.75810915
0.75810915
0.75810915
0.75810915
0.75810915
0.75810915
0.75810915
0.75810915
0.75810915
0.75810915
0.75810915
0.75810915
0.75810915
0.75810915
0.75810915
0.75810915
0.75810915
0.75810915
0.75810915
0.75810915
0.75810915
0.75810915
0.75810915
0.75810915
0.75810915
0.75810915
0.75810915
0.75810915
0.75810915
0.75810915
0.75810915
0.75810915
0.75810915
0.75810915
0.75810915
0.75810915
0.75810915
0.75810915
0.75810915
0.75810915
0.75810915
0.75810915
0.75810915
0.75810915
0.75810915
0.75810915
0.75810915
0.75810915
0.75810915
0.75810915
0.75810915
0.75810915
0.75810915
0.75810915
0.75810915
0.75810915
0.75810915
0.75810915
0.75810915
0.75810915
0.75810915
0.75810915
0.75810915
0.75810915
0.75810915
0.75810915
0.75810915
0.75810915
0.75810915
0.75810915
0.75810915
0.75810915
0.75810915
0.75810915
0.75810915
0.75810915
0.75810915
0.75810915
0.75810915
0.75810915
0.75810915
0.75810915
0.75810915
0.75810915
0.75810915
0.75810915
0.75810915
0.75810915
0.75810915
0.75810915
0.75810915
0.75810915
0.75810915
0.75810915
0.75810915
0.75810915
0.75810915
0.75810915
0.75810915
0.75810915
0.75810915
0.75810915
0.75810915
0.75810915
0.75810915
0.75810915
0.75810915
0.75810915
0.75810915
0.75810915
0.75810915
0.75810915
0.75810915
0.75810915
0.75810915
0.75810915
0.75810915
0.75810915
0.75810915
0.75810915
0.75810915
0.75810915
0.75810915
0.75810915
0.75810915
0.75810915
0.75810915
0.75810915
0.75810915
0.75810915
0.75810915
0.75810915
0.75810915
0.75810915
0.75810915
0.75810915
0.75810915
0.75810915
0.75810915
0.75810915
0.75810915
0.75810915
0.75810915
0.75810915
0.75810915
0.75810915
0.75810915
0.75810915
0.75810915
0.75810915
0.75810915
0.75810915
0.75810915
0.75810915
0.75810915
0.75810915
0.75810915
0.75810915
0.75810915
0.75810915
0.75810915
0.75810915
0.75810915
0.75810915
0.75810915
0.75810915
0.75810915
0.75810915
0.75810915
0.75810915
0.75810915
0.75810915
0.75810915
0.75810915
0.75810915
0.75810915
0.75810915
0.75810915
0.75810915
0.75810915
0.75810915
0.75810915
0.75810915
0.75810915
0.75810915
0.75810915
0.75810915
0.75810915
0.75810915
0.75810915
0.75810915
0.75810915
0.75810915
0.75810915
0.75810915
0.75810915
0.75810915
0.75810915
0.75810915
0.75810915
0.75810915
0.75810915
0.75810915
0.75810915
0.75810915
0.75810915
0.75810915
0.75810915
0.75810915
0.75810915
0.75810915
0.75810915
0.75810915
0.75810915
0.75810915
0.75810915
0.75810915
0.75810915
0.75810915
0.75810915
0.75810915
0.75810915
0.75810915
0.75810915
0.75810915
0.75810915
0.75810915
0.75810915
0.75810915
0.75810915
0.75810915
0.75810915
0.75810915
0.75810915
0.75810915
0.75810915
0.75810915
0.75810915
0.75810915
0.75810915
0.75810915
0.75810915
0.75810915
0.75810915
0.75810915
0.75810915
0.75810915
0.75810915
0.75810915
0.75810915
0.75810915
0.75810915
0.75810915
0.75810915
0.75810915
0.75810915
0.75810915
0.75810915
0.75810915
0.75810915
0.75810915
0.75810915
0.75810915
0.75810915
0.75810915
0.75810915
0.75810915
0.75810915
0.75810915
0.75810915
0.75810915
0.75810915
0.75810915
0.75810915
0.75810915
0.75810915
0.75810915
0.75810915
0.75810915
0.75810915
0.75810915
0.75810915
0.75810915
0.75810915
0.75810915
0.75810915
0.75810915
0.75810915
0.75810915
0.75810915
0.75810915
0.75810915
0.75810915
0.75810915
0.75810915
0.75810915
0.75810915
0.75810915
0.75810915
0.75810915
0.75810915
0.75810915
0.75810915
0.75810915
0.75810915
0.75810915
0.75810915
0.75810915
0.75810915
0.75810915
0.75810915
0.75810915
0.75810915
0.75810915
0.75810915
0.75810915
0.75810915
0.75810915
0.75810915
0.75810915
0.75810915
0.75810915
0.75810915
0.75810915
0.75810915
0.75810915
0.75810915
0.75810915
0.75810915
0.75810915
0.75810915
0.75810915
0.75810915
0.75810915
0.75810915
0.75810915
0.75810915
0.75810915
0.75810915
0.75810915
0.75810915
0.75810915
0.75810915
0.75810915
0.75810915
0.75810915
0.75810915
0.75810915
0.75810915
0.75810915
0.75810915
0.75810915
0.75810915
0.75810915
0.75810915
0.75810915
0.75810915
0.75810915
0.75810915
0.75810915
0.75810915
0.75810915
0.75810915
0.75810915
0.75810915
0.75810915
0.75810915
0.75810915
0.75810915
0.75810915
0.75810915
0.75810915
0.75810915
0.75810915
0.75810915
0.75810915
0.75810915
0.75810915
0.75810915
0.75810915
0.75810915
0.75810915
0.75810915
0.75810915
0.75810915
0.75810915
0.75810915
0.75810915
0.75810915
0.75810915
0.75810915
0.75810915
0.75810915
0.75810915
0.75810915
0.75810915
0.75810915
0.75810915
0.75810915
0.75810915
0.75810915
0.75810915
0.75810915
0.75810915
0.75810915
0.75810915
0.75810915
0.75810915
0.75810915
0.75810915
0.75810915
0.75810915
0.75810915
0.75810915
0.75810915
0.75810915
0.75810915
0.75810915
0.75810915
0.75810915
0.75810915
0.75810915
0.75810915
0.75810915
0.75810915
0.75810915
0.75810915
0.75810915
0.75810915
0.75810915
0.75810915
0.75810915
0.75810915
0.75810915
0.75810915
0.75810915
0.75810915
0.75810915
0.75810915
0.75810915
0.75810915
0.75810915
0.75810915
0.75810915
0.75810915
0.75810915
0.75810915
0.75810915
0.75810915
0.75810915
0.75810915
0.75810915
0.75810915
0.75810915
0.75810915
0.75810915
0.75810915
0.75810915
0.75810915
0.75810915
0.75810915
0.75810915
0.75810915
0.75810915
0.75810915
0.75810915
0.75810915
0.75810915
0.75810915
0.75810915
0.75810915
0.75810915
0.75810915
0.75810915
0.75810915
0.75810915
0.75810915
0.75810915
0.75810915
0.75810915
0.75810915
0.75810915
0.75810915
0.75810915
0.75810915
0.75810915
0.75810915
0.75810915
0.75810915
0.75810915
0.75810915
0.75810915
0.75810915
0.75810915
0.75810915
0.75810915
0.75810915
0.75810915
0.75810915
0.75810915
0.75810915
0.75810915
0.75810915
0.75810915
0.75810915
0.75810915
0.75810915
0.75810915
0.75810915
0.75810915
0.75810915
0.75810915
0.75810915
0.75810915
0.75810915
0.75810915
0.75810915
0.75810915
0.75810915
0.75810915
0.75810915
0.75810915
0.75810915
0.75810915
0.75810915
0.75810915
0.75810915
0.75810915
0.75810915
0.75810915
0.75810915
0.75810915
0.75810915
0.75810915
0.75810915
0.75810915
0.75810915
0.75810915
0.75810915
0.75810915
0.75810915
0.75810915
0.75810915
0.75810915
0.75810915
0.75810915
0.75810915
0.75810915
0.75810915
0.75810915
0.75810915
0.75810915
0.75810915
0.75810915
0.75810915
0.75810915
0.75810915
0.75810915
0.75810915
0.75810915
0.75810915
0.75810915
0.75810915
0.75810915
0.75810915
0.75810915
0.75810915
0.75810915
0.75810915
0.75810915
0.75810915
0.75810915
0.75810915
0.75810915
0.75810915
0.75810915
0.75810915
0.75810915
0.75810915
0.75810915
0.75810915
0.75810915
0.75810915
0.75810915
0.75810915
0.75810915
0.75810915
0.75810915
0.75810915
0.75810915
0.75810915
0.75810915
0.75810915
0.75810915
0.75810915
0.75810915
0.75810915
0.75810915
0.75810915
0.75810915
0.75810915
0.75810915
0.75810915
0.75810915
0.75810915
0.75810915
0.75810915
0.75810915
0.75810915
0.75810915
0.75810915
0.75810915
0.75810915
0.75810915
0.75810915
0.75810915
0.75810915
0.75810915
0.75810915
0.75810915
0.75810915
0.75810915
0.75810915
0.75810915
0.75810915
0.75810915
0.75810915
0.75810915
0.75810915
0.75810915
0.75810915
0.75810915
0.75810915
0.75810915
0.75810915
0.75810915
0.75810915
0.75810915
0.75810915
0.75810915
0.75810915
0.75810915
0.75810915
0.75810915
0.75810915
0.75810915
0.75810915
0.75810915
0.75810915
0.75810915
0.75810915
0.75810915
0.75810915
0.75810915
0.75810915
0.75810915
0.75810915
0.75810915
0.75810915
0.75810915
0.75810915
0.75810915
0.75810915
0.75810915
0.75810915
0.75810915
0.75810915
0.75810915
0.75810915
0.75810915
0.75810915
0.75810915
0.75810915
0.75810915
0.75810915
0.75810915
0.75810915
0.75810915
0.75810915
0.75810915
0.75810915
0.75810915
0.75810915
0.75810915
