2.1592753
0.10796376
0.2207421
0.39502582
0.65097296
0.65118635
0.68371546
0.5956219
0.68717
0.5754872
0.6314673
0.6831175
0.6542358
0.655511
0.68712866
0.68924177
0.63075894
0.6868484
0.6637134
0.6889134
0.6411995
0.66025543
0.6588543
0.68988454
0.5823358
0.6295732
0.6901185
0.6887282
0.6908447
0.6711642
0.66671866
0.69097126
0.66764
0.69149023
0.53683394
0.60689414
0.66005373
0.690971
0.66243047
0.6605374
0.69337463
0.5316795
0.6750128
0.70513123
0.5905816
0.69455934
0.69555223
0.72050464
0.69635284
0.7253393
0.5971259
0.7200583
0.7038611
0.73475635
0.6463822
0.71248394
0.7188638
0.7140558
0.7486639
0.6739959
0.7440865
0.73055774
0.75062424
0.7236478
0.7527295
0.74925476
0.6457041
0.74999624
0.75566304
0.7574227
0.75655484
0.7576817
0.6320874
0.74608195
0.6950469
0.7243228
0.73330057
0.72234094
0.7536327
0.7013165
0.7585299
0.6888906
0.7542762
0.72291505
0.75922656
0.7563056
0.75928104
0.68931866
0.7565278
0.7598206
0.72318
0.75991994
0.6305779
0.7068618
0.71364886
0.7495585
0.7037671
0.756747
0.6893108
0.7582633
0.75687844
0.7598169
0.7523393
0.72694355
0.75925267
0.7579862
0.7237395
0.7601212
0.6941428
0.73541576
0.7591791
0.76008075
0.75637645
0.7330617
0.76014507
0.169182
0.17724769
0.2622399
0.24935782
0.32232168
0.31252724
0.36366078
0.41065717
0.41591924
0.46036297
0.43432584
0.45388836
0.46951517
0.38218364
0.453375
0.45711407
0.4829573
0.47440666
0.5143939
0.46663588
0.49739304
0.4929207
0.51707643
0.5120593
0.5214395
0.48559433
0.4962999
0.48736352
0.51952094
0.52421206
0.50568795
0.514799
0.4893461
0.530001
0.48730403
0.51510864
0.50674117
0.53169745
0.49548778
0.52432716
0.538154
0.4840293
0.52573675
0.55186355
0.50514144
0.522945
0.5373324
0.54684657
0.5189873
0.56228435
0.49546838
0.540471
0.5544435
0.5629725
0.53279555
0.57406676
0.558659
0.5775327
0.51267725
0.5762173
0.5608105
0.55167145
0.55082947
0.6083847
0.5368644
0.68737584
0.6831745
0.6936371
0.7155717
0.65561616
0.6989667
0.7138847
0.71479815
0.715612
0.6957276
0.717659
0.59734505
0.71496964
0.68504107
0.72048265
0.62498957
0.7163288
0.68357754
0.71942264
0.72672015
0.5736955
0.74404323
0.7446333
0.7126702
0.74814475
0.6456276
0.7443834
0.68998796
0.71425515
0.74603015
0.73361737
0.7497724
0.7195774
0.74589694
0.72647834
0.7188601
0.748632
0.75150615
0.6582578
0.7190783
0.72771275
0.7518383
0.7303508
0.7480046
0.7526477
0.6166637
0.7149165
0.70922947
0.74159557
0.71678436
0.75015324
0.6862736
0.7505576
0.74866164
0.75264513
0.69607913
0.72176147
0.7545215
0.75456727
0.7545206
0.7334793
0.75475144
0.75475144
0.75475144
0.75475144
0.75475144
0.75475144
0.75475144
0.75475144
0.75475144
0.75475144
0.75475144
0.75475144
0.75475144
0.75475144
0.75475144
0.75475144
0.75475144
0.75475144
0.75475144
0.75475144
0.75475144
0.75475144
0.75475144
0.75475144
0.75475144
0.75475144
0.75475144
0.75475144
0.75475144
0.75475144
0.75475144
0.75475144
0.75475144
0.75475144
0.75475144
0.75475144
0.75475144
0.75475144
0.75475144
0.75475144
0.75475144
0.75475144
0.75475144
0.75475144
0.75475144
0.75475144
0.75475144
0.75475144
0.75475144
0.75475144
0.75475144
0.75475144
0.75475144
0.75475144
0.75475144
0.75475144
0.75475144
0.75475144
0.75475144
0.75475144
0.75475144
0.75475144
0.75475144
0.75475144
0.75475144
0.75475144
0.75475144
0.75475144
0.75475144
0.75475144
0.75475144
0.75475144
0.75475144
0.75475144
0.75475144
0.75475144
0.75475144
0.75475144
0.75475144
0.75475144
0.75475144
0.75475144
0.75475144
0.75475144
0.75475144
0.75475144
0.75475144
0.75475144
0.75475144
0.75475144
0.75475144
0.75475144
0.75475144
0.75475144
0.75475144
0.75475144
0.75475144
0.75475144
0.75475144
0.75475144
0.75475144
0.75475144
0.75475144
0.75475144
0.75475144
0.75475144
0.75475144
0.75475144
0.75475144
0.75475144
0.75475144
0.75475144
0.75475144
0.75475144
0.75475144
0.75475144
0.75475144
0.75475144
0.75475144
0.75475144
0.75475144
0.75475144
0.75475144
0.75475144
0.75475144
0.75475144
0.75475144
0.75475144
0.75475144
0.75475144
0.75475144
0.75475144
0.75475144
0.75475144
0.75475144
0.75475144
0.75475144
0.75475144
0.75475144
0.75475144
0.75475144
0.75475144
0.75475144
0.75475144
0.75475144
0.75475144
0.75475144
0.75475144
0.75475144
0.75475144
0.75475144
0.75475144
0.75475144
0.75475144
0.75475144
0.75475144
0.75475144
0.75475144
0.75475144
0.75475144
0.75475144
0.75475144
0.75475144
0.75475144
0.75475144
0.75475144
0.75475144
0.75475144
0.75475144
0.75475144
0.75475144
0.75475144
0.75475144
0.75475144
0.75475144
0.75475144
0.75475144
0.75475144
0.75475144
0.75475144
0.75475144
0.75475144
0.75475144
0.75475144
0.75475144
0.75475144
0.75475144
0.75475144
0.75475144
0.75475144
0.75475144
0.75475144
0.75475144
0.75475144
0.75475144
0.75475144
0.75475144
0.75475144
0.75475144
0.75475144
0.75475144
0.75475144
0.75475144
0.75475144
0.75475144
0.75475144
0.75475144
0.75475144
0.75475144
0.75475144
0.75475144
0.75475144
0.75475144
0.75475144
0.75475144
0.75475144
0.75475144
0.75475144
0.75475144
0.75475144
0.75475144
0.75475144
0.75475144
0.75475144
0.75475144
0.75475144
0.75475144
0.75475144
0.75475144
0.75475144
0.75475144
0.75475144
0.75475144
0.75475144
0.75475144
0.75475144
0.75475144
0.75475144
0.75475144
0.75475144
0.75475144
0.75475144
0.75475144
0.75475144
0.75475144
0.75475144
0.75475144
0.75475144
0.75475144
0.75475144
0.75475144
0.75475144
0.75475144
0.75475144
0.75475144
0.75475144
0.75475144
0.75475144
0.75475144
0.75475144
0.75475144
