1.4081713
0.14081714
0.3044348
0.39516088
0.60734284
0.6633601
0.618602
0.67741907
0.7147198
0.7042531
0.715387
0.6500181
0.7152526
0.71553814
0.71553814
0.71553814
0.71553814
0.71553814
0.71553814
0.71553814
0.71553814
0.71553814
0.71553814
0.71553814
0.71553814
0.71553814
0.71553814
0.71553814
0.71553814
0.71553814
0.71553814
0.71553814
0.71553814
0.71553814
0.71553814
0.71553814
0.71553814
0.71553814
0.71553814
0.71553814
0.71553814
0.71553814
0.71553814
0.71553814
0.71553814
0.71553814
0.71553814
0.71553814
0.71553814
0.71553814
0.71553814
0.71553814
0.71553814
0.71553814
0.71553814
0.71553814
0.71553814
0.71553814
0.71553814
0.71553814
0.71553814
0.71553814
0.71553814
0.71553814
0.71553814
0.71553814
0.71553814
0.71553814
0.71553814
0.71553814
0.71553814
0.71553814
0.71553814
0.71553814
0.71553814
0.71553814
0.71553814
0.71553814
0.71553814
0.71553814
0.71553814
0.71553814
0.71553814
0.71553814
0.71553814
0.71553814
0.71553814
0.71553814
0.71553814
0.71553814
0.71553814
0.71553814
0.71553814
0.71553814
0.71553814
0.71553814
0.71553814
0.71553814
0.71553814
0.71553814
0.71553814
0.71553814
0.71553814
0.71553814
0.71553814
0.71553814
0.71553814
0.71553814
0.71553814
0.71553814
0.71553814
0.71553814
0.71553814
0.71553814
0.71553814
0.71553814
0.71553814
0.71553814
0.71553814
0.71553814
0.71553814
0.71553814
0.71553814
0.71553814
0.71553814
0.71553814
0.71553814
0.71553814
0.71553814
0.71553814
0.71553814
0.71553814
0.71553814
0.71553814
0.71553814
0.71553814
0.71553814
0.71553814
0.71553814
0.71553814
0.71553814
0.71553814
0.71553814
0.71553814
0.71553814
0.71553814
0.71553814
0.71553814
0.71553814
0.71553814
0.71553814
0.71553814
0.71553814
0.71553814
0.71553814
0.71553814
0.71553814
0.71553814
0.71553814
0.71553814
0.71553814
0.71553814
0.71553814
0.71553814
0.71553814
0.71553814
0.71553814
0.71553814
0.71553814
0.71553814
0.71553814
0.71553814
0.71553814
0.71553814
0.71553814
0.71553814
0.71553814
0.71553814
0.71553814
0.71553814
0.71553814
0.71553814
0.71553814
0.71553814
0.71553814
0.71553814
0.71553814
0.71553814
0.71553814
0.71553814
0.71553814
0.71553814
0.71553814
0.71553814
0.71553814
0.71553814
0.71553814
0.71553814
0.71553814
0.71553814
0.71553814
0.71553814
0.71553814
0.71553814
0.71553814
0.71553814
0.71553814
0.71553814
0.71553814
0.71553814
0.71553814
0.71553814
0.71553814
0.71553814
0.71553814
0.71553814
0.71553814
0.71553814
0.71553814
0.71553814
0.71553814
0.71553814
0.71553814
0.71553814
0.71553814
0.71553814
0.71553814
0.71553814
0.71553814
0.71553814
0.71553814
0.71553814
0.71553814
0.71553814
0.71553814
0.71553814
0.71553814
0.71553814
0.71553814
0.71553814
0.71553814
0.71553814
0.71553814
0.71553814
0.71553814
0.71553814
0.71553814
0.71553814
0.71553814
0.71553814
0.71553814
0.71553814
0.71553814
0.71553814
0.71553814
0.71553814
0.71553814
0.71553814
0.71553814
0.71553814
0.71553814
0.71553814
0.71553814
0.71553814
0.71553814
0.71553814
0.71553814
0.71553814
0.71553814
0.71553814
0.71553814
0.71553814
0.71553814
0.71553814
0.71553814
0.71553814
0.71553814
0.71553814
0.71553814
0.71553814
0.71553814
0.71553814
0.71553814
0.71553814
0.71553814
0.71553814
0.71553814
0.71553814
0.71553814
0.71553814
0.71553814
0.71553814
0.71553814
0.71553814
0.71553814
0.71553814
0.71553814
0.71553814
0.71553814
0.71553814
0.71553814
0.71553814
0.71553814
0.71553814
0.71553814
0.71553814
0.71553814
0.71553814
0.71553814
0.71553814
0.71553814
0.71553814
0.71553814
0.71553814
0.71553814
0.71553814
0.71553814
0.71553814
0.71553814
0.71553814
0.71553814
0.71553814
0.71553814
0.71553814
0.71553814
0.71553814
0.71553814
0.71553814
0.71553814
0.71553814
0.71553814
0.71553814
0.71553814
0.71553814
0.71553814
0.71553814
0.71553814
0.71553814
0.71553814
0.71553814
0.71553814
0.71553814
0.71553814
0.71553814
0.71553814
0.71553814
0.71553814
0.71553814
0.71553814
0.71553814
0.71553814
0.71553814
0.71553814
0.71553814
0.71553814
0.71553814
0.71553814
0.71553814
0.71553814
0.71553814
0.71553814
0.71553814
0.71553814
0.71553814
0.71553814
0.71553814
0.71553814
0.71553814
0.71553814
0.71553814
0.71553814
0.71553814
0.71553814
0.71553814
0.71553814
0.71553814
0.71553814
0.71553814
0.71553814
0.71553814
0.71553814
0.71553814
0.71553814
0.71553814
0.71553814
0.71553814
0.71553814
0.71553814
0.71553814
0.71553814
0.71553814
0.71553814
0.71553814
0.71553814
0.71553814
0.71553814
0.71553814
0.71553814
0.71553814
0.71553814
0.71553814
0.71553814
0.71553814
0.71553814
0.71553814
0.71553814
0.71553814
0.71553814
0.71553814
0.71553814
0.71553814
0.71553814
0.71553814
0.71553814
0.71553814
0.71553814
0.71553814
0.71553814
0.71553814
0.71553814
0.71553814
0.71553814
0.71553814
0.71553814
0.71553814
0.71553814
0.71553814
0.71553814
0.71553814
0.71553814
0.71553814
0.71553814
0.71553814
0.71553814
0.71553814
0.71553814
0.71553814
0.71553814
0.71553814
0.71553814
0.71553814
0.71553814
0.71553814
0.71553814
0.71553814
0.71553814
0.71553814
0.71553814
0.71553814
0.71553814
0.71553814
0.71553814
0.71553814
0.71553814
0.71553814
0.71553814
0.71553814
0.71553814
0.71553814
0.71553814
0.71553814
0.71553814
0.71553814
0.71553814
0.71553814
0.71553814
0.71553814
0.71553814
0.71553814
0.71553814
0.71553814
0.71553814
0.71553814
0.71553814
0.71553814
0.71553814
0.71553814
0.71553814
0.71553814
0.71553814
0.71553814
0.71553814
0.71553814
0.71553814
0.71553814
0.71553814
0.71553814
0.71553814
0.71553814
0.71553814
0.71553814
0.71553814
0.71553814
0.71553814
0.71553814
0.71553814
0.71553814
0.71553814
0.71553814
0.71553814
0.71553814
0.71553814
