0.68650746
0.68650746
0.6894047
0.6919274
0.6919274
0.6919274
0.6919274
0.6919274
0.6919274
0.6919274
0.6919274
0.6919274
0.6919274
0.6919274
0.6919274
0.6919274
0.6919274
0.6919274
0.6919274
0.6919274
0.6919274
0.6919274
0.6919274
0.6919274
0.6919274
0.6919274
0.6919274
0.6919274
0.6919274
0.6919274
0.6919274
0.6919274
0.6919274
0.6919274
0.6919274
0.6919274
0.6919274
0.7237745
0.7237745
0.7237745
0.7237745
0.7237745
0.7237745
0.7238538
0.7238538
0.7238538
0.7238538
0.72611207
0.7524933
0.7524933
0.7524933
0.7524933
0.7524933
0.7524933
0.7524933
0.7524933
0.7524933
0.7524933
0.7575361
0.7575361
0.7575361
0.7575361
0.7575361
0.7575361
0.75764817
0.75764817
0.75764817
0.7578074
0.7578074
0.7598737
0.7598737
0.7598737
0.7598737
0.7598737
0.7598737
0.7598737
0.7598737
0.7598737
0.7598737
0.76014495
0.76014495
0.76014495
0.76014495
0.76014495
0.76014495
0.76014495
0.76014495
0.76014495
0.76014495
0.76014495
0.76014495
0.76014495
0.76014495
0.76014495
0.76014495
0.76014495
0.76014495
0.76014495
0.76014495
0.76014495
0.76014495
0.76014495
0.76014495
0.76014495
0.76014495
0.76014495
0.76014495
0.76014495
0.76014495
0.76014495
0.76014495
0.76014495
0.76014495
0.76014495
0.33111694
0.33111694
0.46247602
0.46247602
0.46247602
0.46247602
0.4628116
0.52187085
0.52187085
0.52187085
0.52187085
0.52187085
0.52187085
0.5392852
0.5392852
0.5392852
0.5392852
0.5392852
0.5399562
0.5399562
0.5399562
0.5399562
0.5399562
0.5399562
0.5399562
0.5399562
0.5411756
0.5411756
0.5411756
0.5411756
0.5411756
0.5608774
0.5608774
0.5608774
0.5608774
0.5608774
0.58949137
0.58949137
0.58949137
0.58949137
0.58949137
0.58949137
0.58949137
0.58949137
0.58949137
0.58949137
0.58949137
0.58949137
0.58949137
0.58949137
0.58949137
0.58949137
0.6083253
0.6083253
0.6083253
0.6083253
0.65898156
0.65898156
0.65898156
0.65898156
0.65898156
0.7154773
0.7154773
0.7154773
0.7155327
0.71652055
0.71652055
0.716774
0.716774
0.7167821
0.7181996
0.725611
0.725611
0.725611
0.725611
0.725611
0.725611
0.725611
0.725611
0.725611
0.725611
0.725611
0.725611
0.747797
0.747797
0.7501346
0.7501346
0.75241405
0.75241405
0.75241405
0.75241405
0.75241405
0.75241405
0.75241405
0.75241405
0.75241405
0.75241405
0.75241405
0.75241405
0.75241405
0.75241405
0.75241405
0.75241405
0.75475156
0.75475156
0.75475156
0.75475156
0.75475156
0.75475156
0.75475156
0.75475156
0.75475156
0.75475156
0.75475156
0.75475156
0.75475156
0.75475156
0.75475156
0.75475156
0.75475156
0.75475156
0.75475156
0.75475156
0.75475156
0.75475156
0.75475156
0.75475156
0.75475156
0.75475156
0.75475156
0.75475156
0.75475156
0.75475156
0.75475156
0.75475156
0.75475156
0.75475156
0.75475156
0.75475156
0.75475156
0.75475156
0.75475156
0.75475156
0.75475156
0.75475156
0.75475156
0.75475156
0.75475156
0.75475156
0.75475156
0.75475156
0.75475156
0.75475156
0.75475156
0.75475156
0.75475156
0.75475156
0.75475156
0.75475156
0.75475156
0.75475156
0.75475156
0.75475156
0.75475156
0.75475156
0.75475156
0.75475156
0.75475156
0.75475156
0.75475156
0.75475156
0.75475156
0.75475156
0.75475156
0.75475156
0.75475156
0.75475156
0.75475156
0.75475156
0.75475156
0.75475156
0.75475156
0.75475156
0.75475156
0.75475156
0.75475156
0.75475156
0.75475156
0.75475156
0.75475156
0.75475156
0.75475156
0.75475156
0.75475156
0.75475156
0.75475156
0.75475156
0.75475156
0.75475156
0.75475156
0.75475156
0.75475156
0.75475156
0.75475156
0.75475156
0.75475156
0.75475156
0.75475156
0.75475156
0.75475156
0.75475156
0.75475156
0.75475156
0.75475156
0.75475156
0.75475156
0.75475156
0.75475156
0.75475156
0.75475156
0.75475156
0.75475156
0.75475156
0.75475156
0.75475156
0.75475156
0.75475156
0.75475156
0.75475156
0.75475156
0.75475156
0.75475156
0.75475156
0.75475156
0.75475156
0.75475156
0.75475156
0.75475156
0.75475156
0.75475156
0.75475156
0.75475156
0.75475156
0.75475156
0.75475156
0.75475156
0.75475156
0.75475156
0.75475156
0.75475156
0.75475156
0.75475156
0.75475156
0.75475156
0.75475156
0.75475156
0.75475156
0.75475156
0.75475156
0.75475156
0.75475156
0.75475156
0.75475156
0.75475156
0.75475156
0.75475156
0.75475156
0.75475156
0.75475156
0.75475156
0.75475156
0.75475156
0.75475156
0.75475156
0.75475156
0.75475156
0.75475156
0.75475156
0.75475156
0.75475156
0.75475156
0.75475156
0.75475156
0.75475156
0.75475156
0.75475156
0.75475156
0.75475156
0.75475156
0.75475156
0.75475156
0.75475156
0.75475156
0.75475156
0.75475156
0.75475156
0.75475156
0.75475156
0.75475156
0.75475156
0.75475156
0.75475156
0.75475156
0.75475156
0.75475156
0.75475156
0.75475156
0.75475156
0.75475156
0.75475156
0.75475156
0.75475156
0.75475156
0.75475156
0.75475156
0.75475156
0.75475156
0.75475156
0.75475156
0.75475156
0.75475156
0.75475156
0.75475156
0.75475156
0.75475156
0.75475156
0.75475156
0.75475156
0.75475156
0.75475156
0.75475156
0.75475156
0.75475156
0.75475156
0.75475156
0.75475156
0.75475156
0.75475156
0.75475156
0.75475156
0.75475156
0.75475156
0.75475156
0.75475156
0.75475156
0.75475156
0.75475156
0.75475156
0.75475156
0.75475156
0.75475156
0.75475156
0.75475156
0.75475156
0.75475156
0.75475156
0.75475156
0.75475156
0.75475156
0.75475156
0.75475156
0.75475156
0.75475156
0.75475156
0.75475156
0.75475156
0.75475156
0.75475156
0.75475156
0.75475156
0.75475156
0.75475156
0.75475156
0.75475156
0.75475156
0.75475156
0.75475156
0.75475156
0.75475156
0.75475156
0.75475156
0.75475156
0.75475156
0.75475156
0.75475156
0.75475156
0.75475156
