0.80739677
0.08073968
0.22649582
0.25677025
0.29381067
0.28679758
0.30633527
0.3128428
0.32922494
0.29786587
0.3364996
0.31392092
0.3271683
0.34950298
0.32521886
0.35480568
0.29864398
0.35144052
0.36826497
0.35130638
0.38341278
0.420093
0.42737404
0.42626137
0.45289826
0.36412525
0.45487553
0.45399728
0.45106268
0.45560065
0.46312848
0.44783163
0.46527988
0.45911732
0.45560607
0.46886912
0.46110335
0.46884924
0.47602725
0.4807611
0.47632566
0.4802478
0.50168884
0.41578406
0.46119538
0.5129506
0.5120619
0.51496786
0.51869625
0.4757412
0.50994205
0.50049573
0.5155668
0.5203624
0.5245958
0.39029124
0.4950494
0.53055763
0.5299705
0.52833307
0.49252334
0.53500056
0.49512005
0.521209
0.46372056
0.50593936
0.48441982
0.5293721
0.45255262
0.52256995
0.5342704
0.50232744
0.52351683
0.49997395
0.539026
0.53747517
0.53972393
0.4651169
0.5288328
0.5455635
0.5177549
0.54154277
0.53144634
0.56650174
0.55309004
0.48914975
0.5091072
0.5745548
0.48361808
0.5164223
0.55983675
0.575163
0.4966414
0.52907723
0.56947994
0.5208135
0.56266046
0.5839597
0.43480128
0.5279313
0.5594088
0.55976367
0.544183
0.5837968
0.56934744
0.5757698
0.5863982
0.5338125
0.57786137
0.58544683
0.5286617
0.58509
0.5793361
0.5874773
0.4539229
0.54707336
0.5683776
0.5640855
0.5879679
0.56884414
0.5826524
0.55992234
0.52755964
0.58047277
0.53186995
0.5791778
0.59090585
0.5227376
0.5523278
0.5358337
0.57239985
0.5643439
0.58474237
0.5934958
0.5867239
0.5012424
0.5736811
0.52295154
0.58867323
0.57992536
0.51945204
0.58518064
0.563228
0.5941907
0.5320335
0.5294743
0.58100396
0.5811653
0.5951014
0.58340895
0.5797651
0.57128227
0.59398067
0.58345
0.5963026
0.55827874
0.56112325
0.5561569
0.5853509
0.5929135
0.57917637
0.5401627
0.5856446
0.58217967
0.5856445
0.57416075
0.545114
0.5904625
0.5637998
0.5915939
0.5969871
0.5858015
0.5898468
0.5905552
0.59708154
0.5959239
0.59637666
0.5884634
0.5978459
0.59442437
0.5505649
0.53559244
0.5888337
0.59232354
0.5826258
0.59081936
0.5977464
0.5961112
0.5970179
0.5952327
0.5977734
0.5979485
0.4610259
0.5074431
0.5137579
0.55946195
0.5466067
0.51917154
0.59376556
0.56409913
0.58976984
0.5882378
0.5961665
0.5901067
0.5747418
0.59874165
0.4651409
0.46188474
0.5121422
0.5491492
0.5364565
0.51107454
0.5767716
0.54028213
0.5408735
0.5917768
0.5783191
0.5768034
0.59881854
0.5421008
0.5903191
0.4936289
0.569067
0.5917193
0.48498264
0.56743467
0.5578658
0.5980501
0.56175613
0.5870065
0.5400044
0.599712
0.49079925
0.5280899
0.5818202
0.5834311
0.60142934
0.6033797
0.5567153
0.58620393
0.59585744
0.59702027
0.5794829
0.5960549
0.5917505
0.6040881
0.5427696
0.59114736
0.5684737
0.56001437
0.59236586
0.5860526
0.56104684
0.57863104
0.59906113
0.50632966
0.60067284
0.5949826
0.5263887
0.52684724
0.59243906
0.59453785
0.56429356
0.5960697
0.6054989
0.5773867
0.58511066
0.5820521
0.59557855
0.60338163
0.5920573
0.5975083
0.6050701
0.57621545
0.6035082
0.5937429
0.54989886
0.57896805
0.6020004
0.60402566
0.6058191
0.5673021
0.55391264
0.599841
0.5293467
0.5868262
0.58032304
0.6057416
0.58569753
0.5316794
0.55404097
0.59373915
0.5517663
0.59559643
0.59596
0.5995487
0.60453063
0.60722405
0.59547967
0.57839775
0.5759744
0.6067511
0.6081805
0.5622435
0.5998554
0.58482563
0.5973529
0.59050363
0.5747678
0.5874659
0.5945407
0.6006322
0.5524765
0.605523
0.59205693
0.595143
0.6024708
0.6002503
0.59664214
0.5489418
0.6085028
0.565987
0.6003726
0.5610514
0.6072411
0.55724376
0.55255973
0.5971079
0.60577506
0.58751726
0.60733426
0.5932604
0.5923184
0.60699975
0.60847884
0.57789457
0.5989239
0.5921008
0.5574569
0.59776485
0.60031205
0.5979478
0.6096141
0.5184146
0.5406023
0.5911046
0.5137343
0.524527
0.6041425
0.5967058
0.5503996
0.6057197
0.60545146
0.60861516
0.50542635
0.5403492
0.5897685
0.59543353
0.6099271
0.6063355
0.59418404
0.61000454
0.60100687
0.5911726
0.556317
0.6110281
0.53526044
0.5954568
0.5205092
0.5971678
0.5534333
0.6079577
0.52446455
0.5699121
0.594663
0.6016775
0.58340883
0.59695894
0.6106819
0.49779433
0.572379
0.51946783
0.5799577
0.5837735
0.5784162
0.57064545
0.59918505
0.55116916
0.6107968
0.5140347
0.61129844
0.57978237
0.6050829
0.60546005
0.5517114
0.6055337
0.6090919
0.5892616
0.61271083
0.55078864
0.5991667
0.6083313
0.5341189
0.59733975
0.60443723
0.5362695
0.5739729
0.60672474
0.59900033
0.58019924
0.5567862
0.608894
0.5694581
0.6025649
0.6052881
0.606977
0.60761416
0.5578609
0.60988206
0.60151017
0.607993
0.6130804
0.58517253
0.60634863
0.61357486
0.5483584
0.5804614
0.5930436
0.5440781
0.56077075
0.6120652
0.59353983
0.5525152
0.5520664
0.61180085
0.6114135
0.6151695
0.5725957
0.6077868
0.5699365
0.6090221
0.6111249
0.6101878
0.59110826
0.59714615
0.6132328
0.55385363
0.5430423
0.5972366
0.6103619
0.5930483
0.61418456
0.576158
0.5748927
0.6113886
0.61206657
0.5176249
0.5968276
0.6151064
0.60691726
0.59975916
0.6057192
0.6154834
0.6031678
0.5901247
0.61318016
0.6080047
0.5888214
0.61203766
0.5544607
0.6158835
0.5424
0.60408074
0.52427274
0.5910766
0.57745135
0.6117124
0.60119116
0.6125436
0.60759866
0.56647265
0.5511526
0.530144
0.5913042
0.61068267
0.608009
0.6150673
0.6127245
0.6109255
0.5827495
0.568996
0.5803537
0.6139041
0.6158515
0.60498726
0.61553586
0.60459673
0.6156088
0.55831504
0.5911118
0.61553586
0.6154012
