7.679171
0.07679171
0.13639578
0.19196267
0.22824973
0.2583121
0.26818767
0.27131125
0.2824158
0.2981059
0.31503782
0.324811
0.33392107
0.3200091
0.36174294
0.34049305
0.37035984
0.36534747
0.38674617
0.38794717
0.40597552
0.39813694
0.4110855
0.40894315
0.4278568
0.39433613
0.4292887
0.42163074
0.42824137
0.43963832
0.4297963
0.4602375
0.4539475
0.45683134
0.4688871
0.4755369
0.4636953
0.48579967
0.47507554
0.48870945
0.4952898
0.50671613
0.4805394
0.5067814
0.50814676
0.5134466
0.49832729
0.5245257
0.51629895
0.53078985
0.5209922
0.53140265
0.5391494
0.50899225
0.53649145
0.5480282
0.53060347
0.5416229
0.5514207
0.5435759
0.55702174
0.5520997
0.5547606
0.55483496
0.561691
0.5465624
0.55612
0.5689318
0.548242
0.561682
0.5575028
0.5727323
0.5489339
0.5713759
0.5757053
0.56892186
0.5699532
0.5795132
0.5694828
0.57959104
0.5902774
0.54792786
0.58197093
0.57684964
0.5848198
0.5860275
0.5902467
0.58467597
0.5850605
0.5938525
0.5799084
0.5849483
0.58952737
0.59287035
0.600354
0.55045134
0.5828252
0.58237547
0.58829916
0.586644
0.59562093
0.5981437
0.59582675
0.5960019
0.605595
0.546728
0.57894826
0.58178335
0.5878075
0.6052608
0.59296477
0.5996985
0.5986521
0.5991191
0.60406935
0.60486484
0.60371035
0.60836756
0.5581374
0.5935575
0.5987274
0.6021277
0.6077573
0.6022907
0.6038553
0.5999785
0.6093184
0.60500497
0.6099792
0.5840872
0.60191715
0.61238885
0.6009924
0.60283244
0.61563015
0.5649544
0.5896315
0.5992554
0.6081491
0.6020771
0.6083714
0.6121911
0.6139125
0.6111578
0.6218363
0.56701964
0.60004103
0.58912027
0.61109126
0.59754825
0.60797995
0.6203137
0.6139431
0.6162019
0.6248481
0.618601
0.6160792
0.6204826
0.61628073
0.6191734
0.6234688
0.61828136
0.62211984
0.63110876
0.57201827
0.5958412
0.6038307
0.6027719
0.6176803
0.6090205
0.60742915
0.6184502
0.61871225
0.6316449
0.6048698
0.6179779
0.62730724
0.6180644
0.62235296
0.63322854
0.6130677
0.60490537
0.63616544
0.59360385
0.62433666
0.61589473
0.62542677
0.6308355
0.62752455
0.6244307
0.629189
0.6275182
0.6392441
0.6095605
0.6040827
0.62077117
0.6340327
0.6282499
0.63508147
0.62779826
0.6281742
0.6409618
0.6040518
0.6202954
0.61840695
0.6247028
0.6292981
0.6257844
0.6413346
0.62972414
0.63247013
0.6278361
0.6380411
0.6312206
0.6333872
0.6340892
0.6392223
0.6459057
0.5659044
0.59931844
0.6253132
0.62817293
0.61726165
0.63792163
0.6265964
0.6376062
0.63547623
0.6394883
0.63473636
0.6416966
0.6391437
0.64731234
0.5967272
0.6194309
0.6195266
0.6408484
0.6402359
0.6421022
0.6405242
0.647996
0.6406973
0.6427479
0.6487915
0.6255299
0.62976545
0.64917314
0.6371018
0.6469139
0.6441734
0.64648265
0.65085334
0.62565124
0.6230242
0.63769543
0.62673163
0.6421913
0.64365023
0.6513397
0.64585966
0.64073807
0.64461297
0.64861894
0.6450287
0.6523986
0.6498566
0.6502152
0.6560373
0.6118734
0.63124895
0.6308209
0.64529663
0.64565307
0.6499392
0.65019244
0.6525089
0.6558885
0.64026815
0.6441868
0.6470347
0.6583002
0.63805866
0.65583056
0.654653
0.65772974
0.65471816
0.65606475
0.6576441
0.6603588
0.62553316
0.652343
0.65538305
0.65539163
0.65678346
0.6547581
0.65891945
0.66111916
0.65082085
0.6454765
0.65833646
0.65929663
0.6563364
0.66136533
0.65591955
0.6564721
0.66171175
0.6498958
0.6388241
0.65797406
0.6570232
0.6617815
0.6535977
0.66330224
0.61734986
0.6322267
0.6443275
0.64286304
0.6461228
0.6476295
0.6471177
0.6593459
0.6544597
0.651646
0.6515489
0.6541729
0.66001314
0.6576178
0.6588946
0.662743
0.64940995
0.66154075
0.66050965
0.6607536
0.66270316
0.6594906
0.6577764
0.6646278
0.63913494
0.6603164
0.6530176
0.6480269
0.6535674
0.64522195
0.6584088
0.66396135
0.6565426
0.6610728
0.6637306
0.66176915
0.66719925
0.62885934
0.64305115
0.6371658
0.6527116
0.6541964
0.66436696
0.6602771
0.65891004
0.6622032
0.6640239
0.65849
0.66424555
0.6661613
0.6621161
0.66059446
0.66778374
0.6375754
0.65197825
0.6596337
0.65256304
0.66164607
0.65054923
0.64873964
0.6601721
0.6605652
0.6657389
0.6576588
0.6664894
0.66078043
0.66417664
0.66803735
0.65914315
0.65958494
0.6636441
0.66043943
0.66217864
0.6625168
0.6652818
0.66861826
0.63833874
0.6455061
0.65481263
0.65884435
0.66011465
0.66611266
0.65363914
0.66407555
0.66733205
0.66313905
0.6670265
0.66554445
0.66613317
0.6701075
0.62115604
0.636209
0.65684175
0.6499828
0.64517075
0.66030973
0.6539351
0.66012484
0.66275513
0.65529406
0.6520971
0.6670159
0.66409904
0.65729135
0.6655805
0.663637
0.66399634
0.66373533
0.670871
0.5842557
0.63522893
0.65275306
0.6265455
0.641671
0.6404428
0.6552942
0.6658833
0.64832085
0.64139616
0.658135
0.6592133
0.6597369
0.6670241
0.65437543
0.656886
0.6653249
0.6596867
0.66368294
0.66693467
0.6669055
0.6618187
0.6727482
0.59730226
0.6382207
0.6347541
0.65240103
0.64535606
0.66713667
0.6243512
0.6538571
0.6660139
0.6652572
0.6628006
0.6583947
0.6613195
0.66842824
0.65727544
0.66799814
0.67300683
0.6316101
0.63694453
0.65882903
0.6544915
0.6577369
0.65576833
0.66352785
0.6430211
0.66085744
0.6630857
0.67146146
0.6637026
0.6670969
0.67095244
0.6655352
0.6697132
0.672061
0.67318064
0.64994705
0.6577445
0.66697717
0.666597
0.6624805
0.66733205
0.6721256
0.6738887
0.6592379
0.66101843
0.6626322
0.6697647
0.6643246
0.66424316
0.6701022
0.66890574
0.67372125
0.659877
0.6718093
0.6734682
0.67115587
0.67195874
0.67393416
