1.2515146
0.06257573
0.11033764
0.16318761
0.23978202
0.3087169
0.33988267
0.35705668
0.39150506
0.37918204
0.38408265
0.37924623
0.3854317
0.39756206
0.352649
0.39122492
0.37109452
0.4010459
0.37113196
0.409557
0.36058456
0.3949239
0.39546716
0.42042446
0.40208095
0.41762042
0.42764252
0.40068108
0.44204146
0.44032532
0.4399632
0.46246925
0.42682147
0.4396356
0.45980126
0.4662541
0.48168606
0.46396938
0.49069232
0.46528378
0.4901967
0.4674375
0.49206
0.50140464
0.43426687
0.48448604
0.4935605
0.46382666
0.49467444
0.51445436
0.50375134
0.51265085
0.516528
0.5265387
0.5028309
0.53059924
0.50620097
0.48065186
0.51370865
0.51676834
0.5410679
0.50752634
0.51782334
0.5417704
0.51908094
0.5194658
0.54376894
0.506367
0.529335
0.54401624
0.52783394
0.5562488
0.5242981
0.5212825
0.54837507
0.5212528
0.5386123
0.53666866
0.5568427
0.49928227
0.5308066
0.5482465
0.5428316
0.55038846
0.51791894
0.5489351
0.56137407
0.49129978
0.53654754
0.5620507
0.5196432
0.58659214
0.5072483
0.55477405
0.5723852
0.59393746
0.6164884
0.59069395
0.55334294
0.59883505
0.5625874
0.6002152
0.5976464
0.60328704
0.6006818
0.6128368
0.6075131
0.61796445
0.6106072
0.5962563
0.62065995
0.594586
0.6028419
0.60036385
0.6141652
0.6194936
0.6219215
0.5923914
0.62740296
0.5952695
0.59528047
0.6027999
0.615846
0.60324544
0.59227604
0.59547126
0.6247561
0.62779653
0.6320404
0.563481
0.60571605
0.6057341
0.6210573
0.5862049
0.62593806
0.61504084
0.6104729
0.6124791
0.5866471
0.62016094
0.61227304
0.62767625
0.6316675
0.606269
0.6242966
0.6160749
0.606596
0.6243556
0.6325123
0.5282738
0.5382607
0.58378196
0.5657177
0.5863756
0.594227
0.599467
0.6036359
0.5693946
0.62108976
0.5719575
0.60326767
0.6269765
0.57680094
0.60193884
0.61649156
0.613325
0.63086617
0.59876704
0.6208323
0.6231578
0.6287406
0.6305299
0.6364132
0.49700817
0.5845398
0.5487524
0.60032
0.6074655
0.6204121
0.6261537
0.63309395
0.5785659
0.6027097
0.6365634
0.6150776
0.62676615
0.63415474
0.6336998
0.63705766
0.63396776
0.6254914
0.63735545
0.6205521
0.63727236
0.61031306
0.6347248
0.62572604
0.61798227
0.5990301
0.6364018
0.64098686
0.5364458
0.6173751
0.55996776
0.5950376
0.62910473
0.5929317
0.5987172
0.63257843
0.64216363
0.6208986
0.6444308
0.63349426
0.6288278
0.6589036
0.60405046
0.60227424
0.6416907
0.64273536
0.63594645
0.6577168
0.6307824
0.65147626
0.6645787
0.6184745
0.5790852
0.63168633
0.6508498
0.65952456
0.6469712
0.65968907
0.6496374
0.66059816
0.65438455
0.6643479
0.6649682
0.605648
0.62726665
0.66164815
0.6375028
0.6417193
0.6667082
0.6543709
0.6038618
0.6392336
0.5763037
0.6351521
0.62542236
0.66343784
0.6427324
0.6686339
0.606335
0.6428874
0.6376933
0.6541811
0.6338599
0.65324974
0.66974074
0.60655177
0.6200441
0.6092265
0.66020656
0.6292903
0.6357712
0.65767205
0.6289102
0.67236006
0.62558764
0.6572719
0.669152
0.6658257
0.6649069
0.6666018
0.6662523
0.65536785
0.6748658
0.6227572
0.63993144
0.60476434
0.63646114
0.6162585
0.6451891
0.64052963
0.65767133
0.59480405
0.61155105
0.6191146
0.6396431
0.63304293
0.627771
0.6568256
0.6429857
0.66135514
0.6377424
0.66485465
0.6403044
0.660303
0.67596495
0.6439034
0.6411408
0.67120904
0.67761236
0.64418626
0.6430761
0.6669979
0.68127847
0.6416354
0.6747392
0.63883346
0.64528406
0.6682707
0.6762991
0.6655739
0.68432105
0.66187173
0.671618
0.64023006
0.64738905
0.6670622
0.6706453
0.65018326
0.67799574
0.65456045
0.6815716
0.6438966
0.6593892
0.67717755
0.68360925
0.6896884
0.63298285
0.6562782
0.6537638
0.6622594
0.6235149
0.6734568
0.63358676
0.6814987
0.6102473
0.6821138
0.6466772
0.6332823
0.6784712
0.6887253
0.68648684
0.6878552
0.6751749
0.6691003
0.65941226
0.688935
0.67859846
0.6973662
0.6533081
0.64182585
0.67751724
0.65020627
0.6931409
0.6598771
0.67142373
0.6847874
0.6858006
0.6893175
0.67984694
0.68603927
0.6932992
0.6903385
0.696604
0.69367325
0.6967603
0.6875386
0.69738734
0.67052114
0.69655406
0.69786596
0.69378746
0.6908318
0.69214755
0.6966365
0.686515
0.69310117
0.69677716
0.6657444
0.68707204
0.69714624
0.6981824
0.67157286
0.6946486
0.68608195
0.69174135
0.66336
0.6920184
0.68251485
0.69216454
0.6965214
0.69689274
0.6973622
0.6950619
0.6932406
0.6981076
0.6694487
0.68627656
0.69430405
0.6839868
0.69906926
0.5275381
0.6263712
0.6447493
0.6399712
0.62599146
0.6761626
0.58267224
0.6537181
0.5758172
0.5799041
0.6701405
0.6487272
0.6592433
0.68252075
0.6658351
0.6765095
0.69707173
0.6118419
0.6710032
0.64793056
0.6775079
0.63498056
0.69482636
0.6926956
0.6962246
0.69690096
0.66042554
0.6991621
0.6783885
0.6656582
0.68052423
0.69154453
0.6867576
0.6903486
0.683189
0.6852177
0.6826991
0.67475873
0.65831155
0.69446594
0.7026644
0.6111031
0.6549702
0.6723544
0.6221895
0.67288715
0.68732214
0.646087
0.694237
0.6893346
0.665589
0.68716514
0.7028059
0.6888479
0.6855727
0.6855005
0.692576
0.6365193
0.69690955
0.69968545
0.66514033
0.6993709
0.6829945
0.69196236
0.697318
0.6807071
0.6946934
0.6785371
0.6794772
0.7006885
0.6583605
0.6883154
0.6715132
0.7007579
0.7035109
0.6801661
0.7007103
0.6738427
0.69304043
0.6724827
0.702449
0.7055278
0.66329086
0.69219446
0.7033829
0.686026
0.7015914
0.7034497
0.6941769
0.7044075
0.67689764
0.7065108
0.5921369
0.6833643
0.6337017
0.6382195
0.6754113
0.6935418
0.6950523
