0.36977732
0.36977732
0.36977732
0.36977732
0.3863881
0.41643667
0.41643667
0.41643667
0.4198412
0.4264673
0.44179404
0.44179404
0.44179404
0.44179404
0.44179404
0.4671444
0.4671444
0.46714547
0.46714547
0.46714547
0.46714547
0.46714547
0.48605382
0.48605382
0.48605382
0.48605382
0.48605382
0.48605382
0.4868567
0.4868567
0.4868567
0.4868567
0.4868567
0.4868567
0.49302828
0.49302828
0.5147828
0.5147828
0.5147828
0.5147828
0.5147828
0.5147828
0.5147828
0.5147828
0.5147828
0.5214173
0.5214173
0.5214173
0.5214173
0.5214173
0.5214173
0.5214173
0.5214173
0.5214173
0.5214173
0.5214173
0.5214173
0.5214173
0.5214173
0.5214173
0.52207434
0.52207434
0.52207434
0.52207434
0.52207434
0.5253424
0.5253424
0.5253424
0.5253424
0.5253424
0.5253424
0.5253424
0.5254569
0.5254569
0.5254569
0.5254569
0.5254569
0.5254569
0.5254569
0.5254569
0.5254569
0.5254569
0.5254569
0.5254569
0.5254569
0.5254569
0.5271417
0.5271417
0.5271417
0.5271417
0.5271417
0.5271417
0.5271417
0.5271417
0.5271417
0.5271417
0.52857494
0.52857494
0.52857494
0.52857494
0.52857494
0.52857494
0.52857494
0.5353372
0.5353372
0.5353372
0.5353372
0.5353372
0.5353372
0.5353372
0.5353372
0.5353372
0.5353372
0.5353372
0.5353372
0.5353372
0.5353372
0.54985327
0.54985327
0.54985327
0.54985327
0.54985327
0.54985327
0.54985327
0.54985327
0.54985327
0.54985327
0.55334544
0.55334544
0.55334544
0.55334544
0.55334544
0.55334544
0.55334544
0.55334544
0.55334544
0.55334544
0.55334544
0.55334544
0.55334544
0.55334544
0.55334544
0.55334544
0.55334544
0.55334544
0.55334544
0.55334544
0.55334544
0.55334544
0.55334544
0.55334544
0.55334544
0.55334544
0.55334544
0.55334544
0.55334544
0.55334544
0.55334544
0.55334544
0.5574677
0.5574677
0.5574677
0.5574677
0.5574677
0.5574677
0.5574677
0.5574677
0.5574677
0.5574677
0.5574677
0.5574677
0.5574677
0.5574677
0.5574677
0.5574677
0.5574677
0.5574677
0.5574677
0.5574677
0.5574677
0.5574677
0.5574677
0.5574677
0.5574677
0.5574677
0.5574677
0.5574677
0.55769545
0.55769545
0.55769545
0.55769545
0.55769545
0.55769545
0.55769545
0.55769545
0.55769545
0.55769545
0.55769545
0.55769545
0.55769545
0.55769545
0.55769545
0.55769545
0.55769545
0.55769545
0.55769545
0.55769545
0.55769545
0.55769545
0.55769545
0.55769545
0.55769545
0.56037974
0.56037974
0.56037974
0.56037974
0.56393445
0.56393445
0.56393445
0.56393445
0.56393445
0.56393445
0.56393445
0.56393445
0.56393445
0.56393445
0.56393445
0.56393445
0.56393445
0.564158
0.564158
0.56494755
0.56494755
0.56494755
0.56494755
0.56494755
0.56494755
0.56494755
0.56494755
0.5779006
0.5779006
0.5779006
0.5779006
0.5779006
0.5779006
0.5779006
0.5779006
0.5779006
0.5779006
0.5779006
0.5779006
0.5779006
0.5779006
0.5779006
0.5779006
0.5779006
0.5779006
0.5779006
0.5779006
0.5779006
0.5779006
0.5779006
0.5779006
0.5779006
0.5779006
0.5779006
0.5779006
0.5779006
0.5779006
0.5779006
0.5779006
0.5779006
0.5779006
0.5779006
0.5779006
0.5779006
0.5779006
0.5779006
0.5779006
0.5779006
0.5779006
0.5779006
0.5779006
0.5779006
0.5779006
0.5779006
0.5779006
0.5779006
0.5779006
0.5779006
0.5779006
0.5779006
0.57954925
0.57954925
0.57954925
0.57954925
0.57954925
0.57954925
0.57954925
0.57954925
0.57954925
0.57954925
0.57954925
0.57954925
0.57954925
0.57954925
0.57954925
0.57954925
0.57954925
0.5865691
0.5865691
0.59955513
0.59955513
0.59955513
0.59955513
0.59955513
0.59955513
0.59955513
0.59955513
0.59955513
0.59955513
0.59955513
0.59955513
0.59955513
0.59955513
0.59955513
0.59955513
0.59955513
0.59955513
0.59955513
0.59955513
0.59955513
0.59955513
0.59955513
0.59955513
0.59955513
0.59955513
0.59955513
0.6048662
0.6048662
0.6048662
0.6048662
0.6048662
0.6048662
0.6048662
0.6048662
0.6048662
0.6048662
0.6048662
0.6048662
0.6048662
0.6048662
0.6048662
0.6048662
0.62151355
0.62151355
0.62151355
0.62151355
0.62151355
0.62151355
0.62151355
0.62151355
0.62151355
0.62151355
0.62151355
0.62151355
0.62151355
0.62151355
0.62304556
0.62304556
0.62304556
0.62304556
0.62304556
0.62304556
0.62304556
0.62304556
0.62304556
0.62304556
0.62794536
0.62794536
0.62794536
0.62794536
0.62794536
0.62794536
0.62794536
0.62794536
0.62794536
0.62794536
0.62794536
0.6285512
0.6285512
0.6285512
0.6285512
0.6285512
0.6285512
0.6285512
0.6285512
0.6285512
0.6293478
0.6293478
0.6293478
0.6293478
0.6293478
0.6293478
0.6293478
0.6293478
0.6293478
0.6293478
0.6293478
0.6293478
0.6293478
0.6293478
0.6293478
0.6293478
0.6293478
0.6293478
0.6293478
0.6293478
0.6293478
0.6293478
0.6293478
0.6316439
0.6316439
0.6316439
0.6316439
0.6316439
0.6316439
0.6316439
0.6316439
0.6316439
0.6316439
0.6316439
0.6316439
0.6316439
0.6316439
0.6316439
0.6316439
0.6316439
0.63237244
0.6330837
0.6330837
0.6330837
0.6330837
0.6330837
0.6330837
0.6330837
0.6330837
0.6330837
0.6330837
0.6330837
0.6330837
0.6330837
0.6330837
0.6330837
0.6330837
0.6330837
0.6332424
0.6332424
0.6332424
0.6332424
0.6332424
0.6332424
0.6332424
0.6332424
0.63529295
0.63529295
0.63529295
0.63529295
0.63529295
0.63529295
0.63529295
0.63529295
0.63529295
0.63529295
0.63529295
0.63529295
0.63529295
0.63529295
0.63529295
0.63529295
0.63529295
0.63529295
0.63529295
0.63529295
0.63529295
0.63529295
0.63529295
0.63529295
0.63529295
0.63529295
0.63529295
0.63529295
0.63529295
0.63529295
0.63529295
0.63552475
0.63552475
0.63552475
0.63552475
0.6389662
0.6389662
0.6389662
0.6389662
0.6389662
0.6389662
0.6389662
0.6389662
0.6409088
0.6409088
0.64390177
0.6591726
0.6591726
0.6591726
0.6591726
0.6591726
0.6591726
0.6591726
0.6591726
0.6591726
0.6591726
0.6591726
0.6591726
0.6591726
0.6591726
0.6591726
0.6591726
0.65918154
0.65918154
0.65918154
0.65918154
0.6659798
0.6659798
0.6659798
0.6659798
0.6659798
0.6659798
0.6659798
0.6659798
0.6659798
0.6659798
0.6659798
0.6659798
0.6659798
0.6659798
0.6659798
0.6659798
0.6659798
0.6659798
0.6659798
0.6659798
0.6659798
0.6659798
0.6659798
0.6659798
0.6659798
0.6659798
0.6712627
0.6712627
0.6712627
0.6712627
0.6712627
0.6712627
0.6712627
0.6712627
0.6712627
0.6712627
0.6712627
0.6712627
0.6712627
0.6712627
0.6712627
0.6712627
0.6712627
0.6712627
0.6712627
0.6712627
0.6712627
0.6712627
0.6712627
0.6712627
0.6712627
0.6712627
0.6712627
0.6712627
0.6712627
0.6712627
0.6712627
0.6712627
0.6712627
0.6712627
0.6712627
0.6712627
0.6712627
0.6712627
0.6712627
0.6712627
0.6712627
0.6712627
0.6712627
0.6712627
0.6712627
0.6712627
0.6712627
0.6712627
0.6712627
0.6712627
0.6712627
0.6712627
0.6712627
0.6712627
0.6712627
0.6712627
0.6712627
0.6712627
0.6712627
0.6712627
0.6712627
0.6712627
0.6712627
0.6712627
0.6712627
0.6712627
0.6712627
0.6712627
0.6712627
0.6712627
0.6712627
0.6712627
0.6712627
0.6712627
0.6712627
0.6712627
0.6712627
0.6712627
0.6712627
0.6712627
0.6712627
0.6712627
0.6712627
0.6712627
0.6712627
0.6712627
0.6712627
0.6712627
0.6712627
0.6712627
0.6712627
0.6712627
0.6712627
0.6712627
0.6712627
0.6712627
0.6712627
0.6712627
0.6734923
0.6734923
0.6734923
0.6734923
0.6734923
0.6734923
0.6734923
0.6734923
0.6734923
0.6734923
0.6734923
0.6734923
0.6734923
0.6734923
0.6734923
0.6734923
0.6734923
0.6734923
0.6734923
0.6734923
0.6734923
0.6734923
0.6734923
0.6734923
0.6734923
0.67465705
0.67465705
0.67465705
0.67465705
0.67465705
0.67465705
0.67465705
0.67465705
0.67465705
0.67465705
0.67465705
0.67465705
0.67465705
0.67465705
0.67465705
0.67465705
0.67465705
0.67517656
0.67517656
0.67517656
0.67517656
0.67517656
0.67517656
0.67517656
0.67517656
0.67517656
0.67517656
0.67517656
0.67517656
0.67517656
0.67517656
0.67517656
0.67517656
0.67517656
0.67517656
0.67517656
0.67517656
0.67517656
0.67517656
0.67517656
0.67517656
0.67517656
0.67517656
0.67539114
0.67539114
0.6790446
0.6790446
0.6790446
0.6790446
0.6790446
0.6790446
0.6790446
0.6790446
0.6790446
0.6790446
0.6790446
0.6790446
0.6790446
0.6790446
0.6790446
0.6790446
0.6790446
0.6790446
0.6790446
0.6790446
0.6790446
0.6790446
0.6790446
0.6790446
0.6790446
0.6790446
0.6790446
0.6790446
0.6790446
0.6790446
0.6790446
0.6790446
0.6790446
0.6790446
0.6790446
0.6790446
0.6790446
0.6790446
0.6790446
0.6790446
0.6790446
0.6790446
0.6790446
0.6790446
0.6790446
0.6790446
0.6790446
0.6790446
0.6790446
0.6790446
0.6790446
0.6790446
0.6790446
0.6790446
0.6790446
0.6790446
0.6790446
0.6790446
0.6790446
0.6790446
0.6790446
0.6790446
0.6790446
0.6790446
0.6790446
0.6790446
0.6790446
0.6790446
0.6790446
0.6790446
0.6790446
0.6790446
0.6790446
0.6790446
0.6790446
0.6790446
0.6790446
0.6790446
0.6790446
0.6790446
0.6790446
0.6790446
0.6790446
0.6790446
0.6790446
0.6790446
0.6790446
0.6790446
0.6790446
0.6790446
0.6790446
0.6790446
0.6790446
0.6790446
0.6790446
0.6790446
0.6790446
0.6790446
0.6790446
0.6790446
0.6790446
0.6790446
0.6790446
0.6790446
0.6790446
0.6790446
0.6790446
0.6790446
0.6790446
0.6790446
0.6790446
0.6790446
0.6790446
0.6790446
0.6790446
0.6790446
0.6790446
0.6790446
0.6790446
0.6790446
0.6790446
0.6790446
0.6790446
0.6797485
0.6797485
0.6797485
0.6797485
0.6797485
0.6809939
0.6809939
0.6809939
0.6809939
0.6809939
0.6809939
0.6809939
0.6809939
0.6809939
0.6809939
0.6809939
0.6809939
0.6809939
0.6809939
0.6809939
0.6809939
0.6809939
0.6809939
0.6809939
0.6809939
0.6809939
0.6809939
0.6809939
0.6809939
0.6809939
0.6809939
0.6809939
0.6809939
0.6809939
0.6809939
0.6809939
0.6809939
0.6809939
0.6809939
0.6809939
0.6809939
0.6809939
0.6809939
0.6809939
0.6809939
0.6809939
0.6809939
0.6809939
0.6809939
0.6809939
0.6809939
0.6809939
0.6809939
0.6809939
0.6809939
0.6809939
0.6809939
0.6809939
0.6809939
0.6809939
0.6809939
0.6809939
0.6809939
0.6809939
0.6809939
0.6809939
0.6809939
0.6809939
0.6809939
0.6809939
0.6809939
0.6809939
0.6809939
0.6809939
0.6809939
0.6809939
0.6809939
0.6809939
0.6809939
0.6809939
0.6809939
0.6809939
0.6809939
0.6809939
0.68153346
0.68153346
0.68153346
0.68153346
0.68153346
0.68153346
0.68153346
0.68153346
0.68153346
0.68153346
0.68153346
0.68153346
0.68153346
0.68153346
0.68153346
0.68153346
0.68153346
0.68153346
0.68153346
0.68153346
0.68153346
0.68153346
0.68153346
0.68153346
0.68153346
0.68153346
0.68153346
0.68153346
0.68153346
0.68153346
0.68153346
0.68153346
0.68153346
0.68153346
0.68153346
0.68153346
0.68153346
0.68153346
0.68153346
0.68153346
0.68153346
0.68153346
0.68153346
0.68569076
0.68569076
0.68569076
0.68569076
0.68569076
0.68569076
0.68569076
0.68569076
0.68569076
0.68569076
0.68569076
0.68569076
0.68569076
0.68569076
0.68569076
0.68569076
0.68569076
0.6874348
0.6874348
0.6874348
0.6874348
0.6874348
0.6874348
0.6874348
0.6874348
0.6874348
0.6874348
0.6874348
0.6874348
0.6874348
0.6874348
0.6874348
0.6874348
0.6874348
0.6874348
0.6874348
0.6874348
0.6874348
0.6874348
0.6874348
0.6874348
0.6874348
0.6874348
0.6874348
0.6874348
0.6874348
0.6874348
0.6874348
0.6874348
0.6874348
0.6874348
0.6874348
0.6874348
0.6874348
0.6874348
0.6874348
0.6874348
0.6874348
0.6874348
0.6874348
0.6874348
0.6874348
0.6874348
0.6874348
0.6874348
0.6874348
0.68788666
0.68788666
0.68788666
0.68788666
0.68788666
0.68788666
0.68788666
0.68788666
0.68788666
0.68788666
0.68788666
0.68788666
0.68788666
0.68788666
0.68788666
0.68788666
0.68788666
0.68788666
0.68788666
0.68788666
0.68788666
0.68788666
0.68788666
0.68788666
0.68788666
0.68856823
0.68856823
0.68856823
0.68856823
0.68856823
0.68856823
0.68856823
0.68856823
0.68856823
0.68856823
0.68856823
0.68856823
0.68856823
0.68856823
0.68856823
0.68856823
0.68856823
0.68856823
0.68856823
0.68856823
0.68856823
0.68856823
0.68856823
0.68856823
0.68856823
0.68856823
0.68856823
0.68856823
0.68856823
0.68856823
0.68856823
0.6895909
0.6895909
0.6895909
0.6895909
0.6895909
0.6902978
0.6902978
0.6902978
0.6902978
0.6902978
0.6902978
0.6902978
0.6902978
0.6902978
0.6902978
0.6902978
0.6902978
0.6902978
0.6902978
0.6902978
0.6902978
0.6902978
0.6902978
0.6902978
0.6902978
0.6902978
0.6902978
0.6902978
0.6902978
0.6902978
0.6902978
0.6902978
0.6902978
0.6902978
0.6902978
0.6902978
0.6902978
0.6902978
0.6902978
0.6902978
0.6902978
0.6902978
0.6902978
0.6902978
0.6902978
0.6902978
0.6902978
0.6902978
0.6902978
0.6902978
0.6902978
0.6902978
0.6902978
0.6902978
0.6902978
0.6902978
0.6902978
0.6902978
0.6902978
0.6902978
0.6902978
0.6902978
0.6902978
0.6902978
0.6902978
0.6902978
0.6902978
0.69065994
0.69065994
0.69065994
0.69065994
0.69065994
0.69065994
0.69065994
0.6921414
0.6921414
0.6921414
0.6921414
0.6921414
0.6921414
0.6921414
0.6921414
0.6921414
0.6921414
0.6921414
0.6921414
0.6921414
0.6921414
0.6921414
0.6921414
0.6921414
0.6921414
0.6921414
0.6921414
0.6921414
0.6921414
0.6921414
0.6921414
0.6921414
0.6921414
0.6921414
0.6921414
0.6921414
0.6921414
0.6921414
0.6921414
0.6921414
0.6921414
0.6921414
0.6921414
0.6921414
0.6921414
0.6921414
0.6921414
0.6921414
0.6921414
0.6921414
0.6921414
0.6921414
0.6921414
0.6921414
0.6921414
0.6921414
0.6921414
0.6921414
0.6921414
0.6921414
0.6921414
0.6921414
0.6921414
0.6921414
0.6921414
0.6921414
0.6921414
0.6921414
0.6921414
0.6921414
0.6921414
0.6921414
0.6921414
0.6921414
0.6921414
0.6921414
0.6921414
0.6921414
0.6921414
0.6921414
0.6921414
0.6921414
0.6921414
0.6921414
0.6921414
0.6921414
0.6921414
0.6921414
0.6921414
0.6921414
0.6921414
0.6921414
0.6921414
0.6921414
0.6921414
0.6921414
0.6921414
0.6921414
0.6921414
0.6921414
0.6921414
0.6921414
0.6921414
0.6921414
0.6921414
0.6921414
0.6921414
0.6921414
0.6921414
0.6921414
0.6921414
0.6921414
0.6921414
0.6921414
0.6921414
0.6921414
0.6921414
0.6921414
0.6921414
0.6921414
0.6921414
0.6921414
0.6921414
0.6921414
0.6921414
0.6921414
0.6921414
0.6921414
0.6921414
0.6921414
0.6921414
0.6921414
0.6921414
0.6921414
0.6921414
0.6921414
0.6921414
0.6921414
0.6921414
0.6921414
0.6921414
0.6921414
0.6921414
0.6921414
0.6921414
0.6921414
0.69313216
0.69313216
0.69313216
0.69313216
0.69313216
0.69313216
0.69313216
0.69313216
0.69313216
0.69313216
0.69313216
0.69313216
0.69313216
0.69313216
0.69313216
0.69313216
0.69313216
0.69313216
0.69313216
0.69313216
0.69313216
0.69313216
0.69313216
0.69313216
0.69313216
0.69313216
0.69313216
0.69313216
0.69313216
0.69313216
0.69313216
0.69313216
0.69313216
0.69313216
0.69313216
0.69313216
0.69313216
0.69313216
0.69313216
0.69313216
0.69313216
0.69313216
0.69313216
0.69313216
0.69313216
0.69313216
0.69313216
0.69313216
0.69313216
0.69313216
0.69313216
0.69313216
0.69313216
0.69313216
0.69313216
0.69313216
0.69313216
0.69313216
0.69313216
0.69313216
0.69313216
0.69313216
0.69313216
0.69313216
0.69313216
0.69313216
0.69313216
0.69313216
0.69313216
0.69313216
0.69313216
0.69313216
0.69313216
0.69313216
0.69313216
0.69313216
0.69313216
0.69313216
0.69313216
0.69313216
0.69313216
0.69313216
0.69313216
0.69313216
0.69313216
0.69313216
0.69313216
0.69313216
0.69313216
0.69313216
0.69313216
0.69313216
0.69313216
0.69313216
0.69313216
0.69313216
0.69313216
0.69313216
0.69313216
0.69313216
0.69313216
0.69313216
0.69313216
0.69313216
0.69313216
0.69313216
0.69313216
0.69313216
0.69313216
0.69313216
0.69313216
0.69313216
0.69313216
0.69313216
0.69313216
0.69313216
0.69313216
0.69313216
0.69313216
0.69313216
0.69313216
0.69313216
0.69313216
0.69313216
0.69313216
0.69313216
0.69313216
0.69313216
0.69313216
0.69313216
0.69313216
0.69313216
0.69313216
0.69313216
0.69313216
0.69313216
0.69313216
0.69313216
0.69313216
0.69313216
0.69313216
0.69313216
0.69313216
0.69313216
0.69313216
0.69313216
0.69313216
0.69313216
0.69313216
0.69313216
0.69313216
0.69313216
0.69313216
0.69313216
0.69313216
0.69313216
0.69313216
0.69313216
0.69313216
0.69313216
0.69313216
0.69313216
0.69313216
0.69313216
0.69313216
0.69313216
0.69313216
0.69313216
0.69313216
0.69313216
0.69313216
0.69313216
0.69313216
0.69313216
0.69313216
0.69313216
0.69313216
0.69313216
0.69313216
0.69313216
0.69313216
0.69313216
0.69313216
0.69313216
0.69313216
0.69313216
0.69313216
0.69313216
0.69313216
0.69313216
0.69313216
0.69313216
0.69313216
0.69313216
0.69313216
0.69313216
0.69313216
0.69313216
0.69313216
0.69313216
0.69313216
0.69313216
0.69313216
0.69313216
0.69313216
0.69313216
0.69313216
0.69313216
0.69313216
0.69313216
0.69313216
0.69313216
0.69313216
0.69313216
0.69313216
0.69313216
0.69313216
0.69313216
0.69313216
0.69313216
0.69313216
0.69313216
0.69313216
0.69313216
0.69313216
0.69313216
0.69313216
0.69313216
0.69313216
0.69313216
0.69313216
0.69313216
0.69313216
0.69313216
0.69313216
0.69313216
0.69313216
0.69313216
0.69313216
0.69313216
0.69313216
0.69313216
0.69313216
0.69313216
0.69313216
0.69313216
0.69313216
0.69313216
0.69313216
0.69313216
0.69313216
0.69313216
0.69313216
0.69313216
0.69313216
0.69313216
0.69313216
0.69313216
0.69313216
0.69313216
0.69313216
0.69313216
0.69313216
0.69313216
0.69313216
0.69313216
0.69313216
0.69313216
0.69313216
0.69313216
0.69313216
0.69313216
0.69313216
0.69313216
0.69313216
0.69313216
0.69313216
0.69313216
0.69313216
0.69313216
0.69313216
0.69313216
0.69313216
0.69313216
0.69313216
0.69313216
0.69313216
0.69313216
0.69313216
0.69313216
0.69313216
0.69313216
0.69313216
0.69313216
0.69313216
0.69313216
0.69313216
0.69313216
0.69313216
0.69313216
0.69313216
0.69313216
0.69313216
0.69313216
0.69313216
0.69313216
0.69313216
0.69313216
0.69313216
0.69313216
0.69313216
0.69313216
0.69313216
0.69313216
0.69313216
0.69313216
0.69313216
0.69313216
0.69313216
0.69313216
0.69313216
0.69313216
0.69313216
0.69313216
0.69313216
0.69313216
0.69313216
0.69313216
0.69313216
0.69313216
0.69313216
0.69313216
0.69313216
0.69313216
0.69313216
0.69313216
0.69313216
0.69313216
0.69313216
0.69313216
0.69313216
0.69313216
0.69313216
0.69313216
0.69313216
0.69313216
0.69313216
0.69313216
0.69313216
0.69313216
0.69313216
0.69313216
0.69313216
0.69313216
0.69313216
0.69313216
0.69313216
0.69313216
0.69313216
0.69313216
0.69313216
0.69313216
0.69313216
0.69313216
0.69313216
0.69313216
0.69313216
0.69313216
0.69313216
0.69313216
0.69313216
0.69313216
0.69313216
0.69313216
0.69313216
0.69313216
0.69313216
0.69313216
0.69313216
0.69313216
0.69313216
0.69313216
0.69313216
0.69313216
0.69313216
0.69313216
0.69313216
0.69313216
0.69313216
0.69313216
0.69313216
0.69313216
0.69313216
0.69313216
0.69313216
0.69313216
0.69313216
0.69313216
0.69313216
0.6936394
0.6936394
0.6936394
0.6936394
0.6936394
0.6936394
0.6936394
0.6936394
0.6936394
0.6936394
0.6936394
0.6936394
0.6936394
0.6936394
0.6936394
0.6936394
0.6936394
0.6936394
0.6936394
0.6936394
0.6936394
0.6936394
0.6936394
0.6936394
0.6936394
0.6936394
0.6936394
0.6936394
0.6936394
0.6936394
0.6936394
0.6936394
0.6936394
0.6936394
0.6936394
0.6936394
0.6936394
0.6936394
0.6936394
0.6936394
0.6936394
0.6936394
0.6936394
0.6936394
0.6936394
0.6936394
0.6936394
0.6936394
0.6936394
0.6936394
0.6936394
0.6936394
0.6936394
0.6936394
0.6936394
0.6936394
0.6936394
0.6936394
0.6936394
0.6936394
0.6936394
0.6936394
0.6936394
0.6936394
0.6936394
0.6936394
0.6936394
0.6936394
0.6936394
0.6936394
0.6936394
0.6936394
0.6936394
0.6936394
0.6936394
0.6936394
0.6936394
0.6936394
0.69374526
0.69374526
0.69374526
0.69374526
0.69374526
0.69374526
0.69374526
0.69374526
0.69374526
0.69374526
0.69374526
0.69374526
0.69374526
0.69374526
0.69374526
0.69374526
0.69374526
0.69374526
0.69374526
0.69374526
0.69374526
0.69374526
0.69374526
0.69374526
0.69374526
0.69374526
0.69374526
0.69374526
0.69424385
0.69424385
0.69424385
0.69424385
0.69424385
0.69424385
0.69424385
0.69424385
0.69424385
0.69424385
0.69424385
0.69424385
0.69424385
0.69424385
0.69424385
0.69424385
0.69424385
0.69424385
0.69424385
0.69424385
0.69424385
0.69424385
0.69424385
0.69424385
0.69424385
0.69424385
0.6951114
0.6951114
0.6951114
0.6951114
0.6951114
0.6951114
0.6951114
0.6951114
0.6951114
0.6951114
0.6951114
0.6953933
0.6953933
0.6953933
0.6953933
0.6953933
0.6953933
0.6953933
0.6953933
0.6953933
0.6953933
0.6953933
0.6953933
0.6953933
0.6953933
0.6953933
0.6953933
0.6953933
0.6953933
0.6953933
0.6953933
0.6953933
0.6953933
0.6953933
0.6953933
0.6953933
0.6953933
0.6953933
0.6953933
0.6953933
0.6953933
0.6953933
0.6953933
0.6953933
0.6953933
0.6953933
0.6953933
0.6953933
0.6953933
0.6953933
0.6953933
0.6953933
0.6953933
0.6953933
0.6953933
0.6953933
0.6953933
0.6953933
0.6953933
0.6953933
0.6953933
0.6953933
0.6953933
0.6953933
0.6953933
0.6953933
0.6953933
0.6953933
0.6953933
0.6953933
0.6958377
0.6958377
0.6958377
0.6958377
0.6958377
0.6958377
0.6958377
0.6958377
0.6958377
0.6958377
0.6958377
0.6958377
0.6958377
0.6958377
0.6958377
0.6958377
0.6958377
0.6958377
0.6958377
0.6958377
0.6958377
0.6958377
0.6958377
0.6958377
0.6958377
0.6958377
0.6958377
0.6958377
0.6958377
0.6958377
0.6958377
0.6958377
0.6958377
0.6958377
0.6958377
0.6958377
0.6958377
0.6958377
0.6958377
0.6958377
0.6958377
0.6958377
0.6958377
0.6958377
0.6958377
0.6958377
0.6958377
0.6958377
0.6958377
0.6958377
0.6958377
0.6958377
0.6958377
0.6958377
0.6958377
0.6958377
0.6958377
0.6958377
0.6958377
0.6958377
0.6958377
0.6958377
0.6958377
0.6958377
0.6958377
0.6958377
0.6958377
0.6958377
0.6958377
0.6958377
0.6958377
0.6958377
0.6958377
0.6958377
0.6958377
0.6958377
0.6958377
0.6958377
0.6958377
0.6958377
0.6958377
0.6958377
0.6958377
0.6958377
0.6958377
0.6958377
0.6958377
0.6958377
0.6958377
0.6958377
0.6958377
