0.3094998
0.33285764
0.3355546
0.36102846
0.36102846
0.36102846
0.36102846
0.36102846
0.36102846
0.36102846
0.36102846
0.3623133
0.3623133
0.39591572
0.39591572
0.39591572
0.39591572
0.39591572
0.46994013
0.46994013
0.46994013
0.46995804
0.46995804
0.46995804
0.46995804
0.46995804
0.46995804
0.46995804
0.46995804
0.46995804
0.4735315
0.4735315
0.4737586
0.4737586
0.4737586
0.52145207
0.52145207
0.52145207
0.521902
0.521902
0.521902
0.521902
0.521902
0.521902
0.521902
0.521902
0.521902
0.521902
0.5340111
0.5340111
0.5340111
0.5396324
0.5396324
0.5396324
0.5427119
0.5427119
0.5427119
0.5427119
0.5427119
0.5427119
0.5427119
0.5427119
0.5427119
0.5427119
0.5427119
0.5427119
0.5427119
0.5427119
0.5427119
0.5427119
0.5427119
0.5427119
0.5427119
0.5427119
0.5427119
0.5427119
0.5723494
0.5723494
0.57473177
0.57473177
0.57473177
0.57473177
0.58170855
0.58767706
0.58767706
0.58767706
0.58767706
0.58767706
0.58767706
0.58767706
0.58767706
0.58767706
0.58767706
0.58767706
0.58767706
0.58767706
0.58767706
0.58767706
0.58767706
0.58869976
0.58869976
0.58869976
0.58869976
0.58869976
0.58869976
0.58869976
0.58869976
0.58869976
0.58869976
0.58869976
0.58869976
0.58869976
0.58927846
0.58927846
0.5974823
0.5974823
0.5974823
0.5974823
0.5974823
0.5974823
0.5974823
0.5974823
0.5974823
0.5974823
0.5974823
0.5974823
0.5979281
0.5979281
0.5979281
0.5979281
0.5979281
0.5979281
0.5979281
0.5979281
0.5979281
0.5979281
0.5979281
0.5979281
0.5979281
0.5979281
0.5979281
0.5979281
0.5979281
0.5979281
0.5979281
0.5979281
0.5979281
0.5979281
0.5979281
0.5979281
0.5979281
0.5979281
0.5979281
0.5979281
0.5979281
0.5979281
0.5979281
0.5979281
0.5979583
0.5979583
0.5979583
0.5979583
0.5979583
0.5979583
0.5979583
0.5979583
0.5979583
0.5979583
0.5979583
0.5979583
0.5979583
0.5979583
0.5979583
0.5979583
0.5979675
0.5979675
0.5979675
0.5979675
0.5979675
0.5979675
0.5979675
0.5979675
0.5979675
0.5979675
0.5979675
0.5979675
0.5979675
0.5979675
0.5979675
0.5979675
0.5980627
0.5980627
0.5980627
0.5980627
0.5980627
0.5981484
0.5981484
0.5981484
0.5981484
0.5981484
0.5981484
0.6058264
0.6058264
0.6058264
0.6058264
0.6067773
0.6067773
0.6067773
0.6067773
0.6067773
0.6067773
0.6067773
0.6067773
0.6067773
0.6067773
0.6067773
0.6067773
0.6067773
0.6067773
0.6067773
0.6067773
0.6067773
0.6067773
0.6067773
0.6067773
0.6067773
0.6067773
0.6067773
0.6067773
0.6067773
0.6067773
0.6067773
0.6067773
0.60787064
0.6081323
0.6081323
0.6081323
0.6081323
0.6081323
0.6081323
0.6081323
0.6081323
0.6081323
0.6081323
0.6081323
0.6081323
0.6081323
0.6081323
0.6081323
0.6081323
0.6081323
0.6081323
0.6081323
0.6081323
0.6086864
0.6086864
0.6086864
0.6086864
0.6086864
0.6086864
0.6086864
0.6086864
0.6086864
0.6086864
0.6086864
0.6086864
0.6086864
0.6086864
0.6086864
0.6086864
0.6086864
0.6086864
0.6086864
0.6086864
0.6086864
0.6086864
0.6086864
0.6086864
0.6086864
0.6086864
0.6086864
0.6086864
0.60931677
0.60931677
0.60931677
0.60931677
0.60931677
0.60931677
0.60931677
0.60931677
0.60931677
0.60931677
0.60931677
0.60931677
0.60931677
0.60931677
0.60931677
0.60931677
0.60931677
0.6102564
0.6102564
0.6102564
0.6102564
0.6102564
0.6102564
0.6102564
0.6102564
0.6102564
0.6102564
0.6102564
0.6102564
0.6102564
0.6102564
0.6102564
0.6102564
0.61314714
0.61314714
0.61314714
0.61314714
0.61314714
0.61314714
0.61314714
0.61314714
0.61314714
0.61314714
0.61314714
0.61314714
0.61314714
0.61314714
0.61314714
0.61314714
0.61314714
0.61314714
0.61314714
0.61314714
0.61314714
0.61314714
0.61314714
0.61314714
0.61314714
0.61314714
0.61314714
0.61314714
0.61314714
0.61314714
0.61314714
0.61314714
0.61314714
0.61314714
0.61314714
0.61314714
0.61314714
0.61314714
0.61314714
0.61314714
0.61314714
0.61314714
0.61314714
0.6135554
0.6135554
0.6135554
0.6135554
0.6135554
0.6135554
0.6135554
0.6135554
0.6135554
0.6135554
0.6135554
0.6135554
0.6135554
0.6135554
0.6135554
0.6135554
0.6135554
0.6135554
0.6135554
0.6135554
0.6135554
0.6135554
0.6135554
0.6135554
0.6135554
0.6135554
0.6135554
0.6135554
0.6135554
0.6135554
0.6135554
0.6135554
0.6135554
0.6135554
0.6135554
0.6135554
0.6135554
0.6135554
0.6135554
0.6135554
0.6135554
0.6135554
0.6135554
0.6135554
0.6150348
0.6150348
0.6150348
0.6150348
0.6150348
0.6150348
0.6150348
0.6150348
0.6150348
0.6150348
0.6150348
0.6150348
0.6150348
0.6150348
0.6150348
0.6150348
0.6150348
0.6150348
0.6150348
0.6150348
0.61596483
0.61596483
0.61596483
0.61596483
0.61596483
0.61596483
0.61596483
0.61596483
0.61596483
0.61596483
0.61596483
0.61596483
0.61596483
0.61596483
0.61596483
0.61596483
0.61596483
0.61596483
0.61596483
0.61596483
0.61596483
0.61596483
0.61596483
0.61596483
0.61596483
0.61596483
0.61596483
0.61596483
0.61596483
0.61596483
0.61596483
0.61596483
0.61596483
0.61596483
0.61596483
0.61596483
0.61596483
0.61596483
0.61596483
0.61596483
0.61596483
0.61596483
0.61596483
0.61596483
0.61596483
0.61596483
0.61596483
0.61596483
0.61596483
0.61596483
0.61596483
0.61596483
0.61596483
0.61596483
0.61596483
0.61596483
0.61596483
0.61596483
0.61596483
0.61596483
0.61596483
0.61596483
0.61596483
0.61596483
0.61596483
0.61596483
0.61596483
0.61596483
0.61596483
0.61596483
0.61596483
0.61596483
0.61596483
0.61596483
0.61596483
0.61596483
0.61596483
0.61596483
0.61596483
