1.18018
0.059008997
0.1068653
0.13908368
0.16056946
0.1763256
0.24383886
0.2405489
0.26263028
0.26504856
0.2773226
0.2720922
0.29935145
0.27485877
0.29724613
0.2983229
0.3229609
0.32943025
0.351633
0.31226572
0.37009242
0.37976173
0.34002787
0.3787983
0.395645
0.41773468
0.39931476
0.43061405
0.43039933
0.44237703
0.4049284
0.44997016
0.41782993
0.44900092
0.4120161
0.4312191
0.44398755
0.4294619
0.45447713
0.45947528
0.40264067
0.45015416
0.44727248
0.45246005
0.4584775
0.45455247
0.4420816
0.45097655
0.46305862
0.43559107
0.43059367
0.43867284
0.46110088
0.46664318
0.41219836
0.45964375
0.45516095
0.46332866
0.47603178
0.4350056
0.47474068
0.46974048
0.45530543
0.47824326
0.47653073
0.48909926
0.46394068
0.48335928
0.4885873
0.49033195
0.50013584
0.4787004
0.4935792
0.5056048
0.44759578
0.5041964
0.51235527
0.45429
0.48912033
0.522445
0.47423252
0.47124785
0.5008582
0.53609407
0.5282912
0.50346416
0.5131982
0.5422057
0.5311419
0.5361026
0.522407
0.51922035
0.54624695
0.4879776
0.51540625
0.526951
0.54701114
0.52746344
0.5346309
0.54510176
0.53774345
0.5396956
0.5527674
0.4838729
0.50080025
0.49781838
0.5252158
0.53772974
0.54870087
0.5478467
0.5045538
0.52236354
0.5556242
0.46940535
0.5401569
0.54665476
0.5606157
0.53754216
0.54469854
0.56515205
0.55979913
0.5705749
0.50706995
0.51159966
0.55832845
0.5773534
0.5542758
0.5591037
0.58344936
0.4869701
0.5028566
0.5402211
0.52747905
0.5190338
0.5689089
0.5211078
0.5792798
0.5731378
0.58183414
0.5762532
0.5858473
0.5708438
0.5636667
0.5870472
0.58326447
0.58462006
0.56236565
0.58914745
0.52571934
0.56423986
0.5529807
0.5734205
0.5806495
0.5831318
0.5872798
0.58627737
0.5910552
0.558221
0.563058
0.5883825
0.5173196
0.56783736
0.58296764
0.58451605
0.5833479
0.5779721
0.5605768
0.5823788
0.586738
0.57798994
0.59428304
0.56905115
0.5925308
0.5945658
0.58542335
0.57562935
0.59284955
0.5726506
0.5958334
0.54482615
0.5696434
0.55192107
0.56310225
0.5745126
0.5885399
0.563751
0.5894371
0.5972537
0.5458275
0.5908438
0.59726846
0.59467125
0.6044924
0.54047346
0.58777535
0.5710249
0.58454835
0.5873319
0.5812067
0.6009611
0.6150322
0.5600014
0.6222335
0.58279294
0.590361
0.6206991
0.5998206
0.5962682
0.6138442
0.62121665
0.6204702
0.62694526
0.5878635
0.62051576
0.6157545
0.6280314
0.54350615
0.6059145
0.61401856
0.61384225
0.6277398
0.6028129
0.5360458
0.62277126
0.6087916
0.59917265
0.6284926
0.6265892
0.5968344
0.624423
0.6239574
0.59860307
0.6288134
0.6162629
0.609832
0.61405295
0.6008311
0.62274283
0.6221486
0.6216698
0.61268467
0.6096684
0.61315763
0.6247086
0.62316215
0.6290816
0.6009505
0.6007965
0.6217968
0.6254076
0.5975524
0.61743283
0.6173372
0.6265258
0.63014853
0.5248413
0.59085244
0.6119621
0.5864226
0.5415052
0.61666554
0.6125471
0.62165827
0.5916898
0.57995427
0.6142005
0.59307516
0.5941176
0.6249384
0.52477145
0.60562736
0.60696656
0.6071658
0.6277265
0.60972756
0.62030274
0.6257349
0.6283089
0.60831606
0.6159754
0.6109222
0.630982
0.5321225
0.54301536
0.61349744
0.5818866
0.6115482
0.61451465
0.6273489
0.60108775
0.57107407
0.6165737
0.619205
0.57892114
0.62373555
0.6082868
0.6123779
0.60127676
0.6257682
0.6298154
0.587098
0.6214289
0.61942255
0.613154
0.6186292
0.6204185
0.6296117
0.6260601
0.61699593
0.626816
0.6220518
0.6309768
0.59468657
0.62008244
0.6193596
0.62671816
0.62819576
0.62297624
0.60442865
0.61292624
0.61687267
0.5697404
0.6211673
0.6269744
0.6086749
0.62260264
0.6158532
0.60753006
0.6098352
0.6318598
0.5595256
0.5933418
0.60610837
0.60669947
0.6207334
0.60723823
0.62821186
0.6307047
0.6154968
0.6089305
0.6131232
0.59962165
0.6081046
0.63236976
0.6215116
0.59482944
0.6251951
0.60836065
0.63242775
0.62949073
0.6340215
0.62066346
0.618941
0.62366486
0.6197892
0.62619585
0.5950781
0.6070359
0.6225817
0.63373506
0.5987087
0.6074234
0.61899865
0.5685662
0.62464947
0.6315296
0.62672174
0.6350965
0.5625303
0.583509
0.598719
0.5644727
0.56196386
0.610397
0.5714242
0.59498495
0.6130718
0.58557945
0.62891114
0.5687079
0.6014507
0.6312368
0.6182331
0.6168475
0.60779846
0.60761285
0.6154888
0.62937343
0.6281649
0.6329435
0.6109613
0.5983273
0.62661904
0.6014187
0.6239721
0.61863613
0.6193203
0.6350292
0.5897002
0.60478944
0.6133074
0.63131535
0.5116771
0.60652053
0.6315638
0.5962803
0.6287283
0.62645626
0.624315
0.569502
0.59733343
0.60288244
0.622501
0.6102803
0.61830914
0.6291127
0.62084514
0.5998896
0.63455725
0.6293827
0.6298709
0.6200595
0.58195245
0.61261046
0.62937135
0.6269411
0.624358
0.6298578
0.6237607
0.635742
0.60980755
0.58510506
0.5988332
0.6129317
0.61474955
0.62258494
0.6309956
0.61991495
0.6254408
0.63089025
0.63164234
0.6136038
0.61953557
0.63531256
0.5984971
0.597299
0.6308168
0.60211796
0.6323303
0.6325338
0.63481164
0.62130386
0.6062821
0.62583035
0.62966573
0.6280126
0.62335515
0.63703644
0.49575529
0.5705948
0.6191452
0.5948294
0.61452943
0.62024564
0.62764645
0.6162621
0.63059
0.62968814
0.63035023
0.62221944
0.6347175
0.6293606
0.6384077
0.6210377
0.6239663
0.6326021
0.6024134
0.5920207
0.59338474
0.61746526
0.63002264
0.629941
0.6392437
0.6089797
0.63431466
0.63324213
0.6289007
0.629458
0.6378988
0.60411704
0.6379187
0.61325365
0.63081074
0.6349223
0.6377176
0.63393754
0.6391156
0.6405744
0.6044092
0.5985057
0.6264759
0.5573205
0.60833037
0.61423546
0.6366529
0.6045348
0.61383843
0.57970876
0.60512495
0.6291124
0.63529325
0.63631046
0.6176438
0.6362968
0.627658
0.6369635
0.639794
0.6369759
0.6141659
0.60966
0.63979465
0.63832057
0.6107071
0.6417149
0.5111542
0.5858359
0.6019765
0.6082042
0.6369388
0.6062085
0.6062935
0.63685906
0.5985657
0.6293843
0.6200767
0.6082264
0.6298041
0.6214154
0.64008564
0.6157333
0.5881496
0.6374201
0.62497574
0.62746984
0.6388354
0.6313486
0.63159907
0.6428142
0.6202697
0.61960614
0.6227216
0.6339082
0.629573
0.6324161
0.6395074
0.6074637
0.6154758
0.63903046
0.6397397
0.640644
0.64042366
0.64329815
0.56407344
0.5781105
0.6100065
0.6059808
0.62958115
0.6275925
0.6357741
0.62202346
0.6174352
0.63130164
0.5963527
0.6350428
0.5983363
0.6339241
0.6427344
0.6063781
0.60866034
0.63787127
0.635766
0.64024585
0.60890377
0.64298
0.6123513
0.636634
0.61939746
0.58432204
0.62637055
0.640688
0.616052
0.6429175
0.59982264
0.6368651
0.64281934
0.64035773
0.62608683
0.6445676
0.60972255
0.6039933
0.62041116
0.61587983
0.6200023
0.640483
0.61546063
0.55577576
0.62665504
0.6054025
0.6385952
0.61476517
0.6217085
0.62724
0.6062272
0.6432549
0.6008616
0.6110474
0.6409905
0.59012616
0.62070686
0.6296386
0.6277452
0.63689333
0.63186425
0.6343889
0.6408822
0.6420158
0.6433455
0.63438433
0.6203746
0.6236755
0.62340057
0.64423704
0.6339594
0.63888973
0.61844456
0.6247908
0.6356662
0.64513665
0.5990027
0.62594396
0.6074061
0.6428331
0.60227716
0.63137555
0.6367746
0.63467395
0.6429114
0.6384905
0.6401695
0.634466
0.64164954
0.64497536
0.6140246
0.62703705
0.6220099
0.64399135
0.636869
0.6306695
0.63984114
0.6431818
0.64477843
0.6185642
0.6381987
0.6428134
0.63421
0.6144405
0.6290699
0.6259593
0.64531034
0.6127043
0.6099869
0.6371317
0.6068136
0.64029247
0.6200768
0.62060595
0.640876
0.63426054
0.62334174
0.6414789
0.64482486
0.6395318
0.619326
0.628521
0.63226616
0.6335429
0.6404081
0.6347068
0.64501935
0.64261764
0.64487016
0.6384921
0.64289856
0.6445268
0.6457863
0.5471698
0.58846027
0.6341748
0.643114
0.576703
0.61829656
0.6403993
0.57369506
0.6020959
0.6339716
0.577762
0.6436881
0.62842715
0.63711965
0.63896173
0.6390289
0.63480216
0.64069927
0.6212735
0.6361964
0.6295817
0.6399412
0.6429848
0.6379861
0.6256507
0.60841984
0.6238383
0.64258087
0.63328207
0.6381513
0.6153637
0.6417287
0.62852806
0.6379889
0.6383666
0.6368531
0.6286075
0.6451991
0.6314557
0.63892996
0.642076
0.6109492
0.638714
0.6227941
0.6080178
0.64241135
0.626226
0.61255264
0.64344025
0.6380168
0.61215675
0.64396244
0.6435639
0.6260064
0.6437848
0.61564064
0.641574
0.62909645
0.6416843
0.63957185
0.6137035
0.6453878
0.56980926
0.601647
0.64612985
0.5995015
0.6214107
0.63253313
0.6052126
0.613367
0.640763
0.6017571
0.6337307
0.6360142
0.6360882
0.6359585
0.6452441
0.5613371
0.63888586
0.61860627
0.640797
0.6363751
0.63728726
0.6448428
0.6364524
0.6328499
0.59130013
0.6266675
0.63506377
0.62489223
0.6307858
0.6396898
0.64118904
0.63609165
0.6304704
0.63637054
0.63405645
0.64572024
0.6122183
0.6415116
0.6321907
0.6415229
0.6458855
0.6332768
0.5910287
0.62071854
0.6166102
0.61753
0.6455992
0.6467587
0.6143631
0.62351245
0.634635
0.6111223
0.6158824
0.6166775
0.63870776
0.6395905
0.63853365
0.6132945
0.63349354
0.644963
0.61311704
0.6295132
0.6127251
0.64427644
0.6245519
0.6233713
0.6295452
0.63029325
0.63925123
0.5980838
0.6116148
0.610885
0.6437112
0.6380944
0.6009959
0.59113824
0.6291241
0.64361036
0.64521176
0.63182664
0.64575046
0.6410481
0.6420708
0.63026524
0.6239985
0.64236295
0.63992774
0.6357896
0.6467842
0.60368794
0.62294847
0.6367261
0.5985415
0.62828666
0.63309824
0.64421284
0.6397384
0.6347853
0.61368656
0.6364944
0.62327236
0.62943697
0.6466416
0.6352798
0.64184207
0.64428717
0.6224719
0.6134686
0.62574565
0.6409585
0.64695793
0.6261814
0.63106644
0.6446408
0.6468247
0.6303019
0.6428387
0.62656057
0.64030564
0.61605823
0.645459
0.6465495
0.6459593
0.6453714
0.6471503
0.62874895
0.63779664
0.6369455
0.61510813
0.63552964
0.6447648
0.6440699
0.63327515
0.64644754
0.64389676
0.6411018
0.6455029
0.6436905
0.6472323
0.628739
0.63156146
0.6352784
0.64498585
0.6234206
0.6375536
0.6459021
0.6299411
0.59794366
0.6357398
0.64654744
0.64216834
0.6466334
0.6448518
0.6472001
0.64541036
0.6446175
0.6471345
0.6406613
0.6362148
0.6446797
0.63679075
0.6379272
0.6306818
0.6422168
0.6469492
0.63475025
0.64676535
0.6413224
0.63445663
0.6469328
0.6467175
0.6420433
0.63218814
0.64691335
0.6399226
0.6366462
0.6151493
0.64294046
0.6466285
0.645564
0.6422336
0.6430408
0.634493
0.6151521
0.61800706
0.6471779
0.6463912
0.6466703
0.6420301
0.6454953
0.6473871
0.5471266
0.63083965
0.630513
0.6270583
0.62540233
0.6298707
0.62553895
0.63751614
0.6235439
0.6337987
0.639658
0.63040346
0.6391872
0.64480627
0.6134845
0.6324729
0.6387404
0.61766946
0.6408745
0.63250166
0.63029444
0.61121553
0.64426774
0.6452809
0.6327721
0.6453044
0.61327016
0.6446017
0.63863885
0.63263863
0.6319681
0.63874686
0.6297213
0.64245546
0.64683354
0.6286937
0.63791203
0.63523424
0.6449
0.58833873
0.6356236
0.64063674
0.64172184
0.6365334
0.64680874
0.633992
0.6346086
0.63917434
0.6423868
0.5992824
0.6275322
0.6401459
0.6405138
0.6432148
