0.21720079
0.29209948
0.29209948
0.29209948
0.29209948
0.29209948
0.29209948
0.29209948
0.34985563
0.34985563
0.35595307
0.35595307
0.35595307
0.37027767
0.37027767
0.37937388
0.37937388
0.4208829
0.4208829
0.44156045
0.44156045
0.46466824
0.46466824
0.46466824
0.46466824
0.46466824
0.46466824
0.46466824
0.46608296
0.46608296
0.46608296
0.4661495
0.4661495
0.46621138
0.46621138
0.46621138
0.46621138
0.46621138
0.46621138
0.46626568
0.46626568
0.46626568
0.46626568
0.46626568
0.46626568
0.46626568
0.46626568
0.46626568
0.46804905
0.46804905
0.46804905
0.4687838
0.50600046
0.50600046
0.50600046
0.50600046
0.50600046
0.50600046
0.50600046
0.50600046
0.50600046
0.50600046
0.50600046
0.50600046
0.50600046
0.51261455
0.51261455
0.51261455
0.51261455
0.54368687
0.54368687
0.54368687
0.54368687
0.54368687
0.54368687
0.54368687
0.5470737
0.5470737
0.54846954
0.5532476
0.5532476
0.5532476
0.5532476
0.5532476
0.55453557
0.55453557
0.58243185
0.58243185
0.58243185
0.58243185
0.58243185
0.58243185
0.58243185
0.58243185
0.58243185
0.58243185
0.58243185
0.58243185
0.58243185
0.58243185
0.58243185
0.58243185
0.58243185
0.58243185
0.58243185
0.58243185
0.58243185
0.58243185
0.58243185
0.58243185
0.58243185
0.58243185
0.5829675
0.58961284
0.58961284
0.58961284
0.58961284
0.58961284
0.58961284
0.58961284
0.58961284
0.58961284
0.58961284
0.58961284
0.58961284
0.594907
0.59574234
0.59574234
0.59574234
0.59649503
0.59649503
0.59649503
0.59649503
0.59649503
0.59649503
0.59649503
0.59831345
0.59831345
0.59831345
0.59831345
0.59831345
0.59831345
0.59899765
0.59899765
0.59899765
0.59899765
0.59899765
0.59899765
0.59899765
0.59899765
0.59899765
0.59899765
0.59899765
0.59899765
0.59899765
0.59899765
0.59899765
0.59899765
0.59899765
0.59899765
0.59899765
0.59899765
0.59899765
0.59899765
0.59899765
0.59899765
0.59899765
0.59899765
0.59899765
0.59899765
0.62858886
0.62858886
0.62858886
0.62858886
0.62858886
0.62858886
0.62858886
0.62858886
0.62858886
0.62858886
0.62858886
0.62858886
0.62858886
0.62858886
0.62858886
0.62858886
0.62858886
0.62931865
0.62931865
0.62931865
0.62931865
0.62931865
0.62931865
0.62931865
0.62931865
0.62931865
0.62931865
0.62931865
0.62931865
0.62931865
0.62931865
0.62931865
0.62931865
0.62931865
0.62931865
0.62931865
0.6295567
0.6295567
0.6295567
0.6295567
0.6295567
0.6295567
0.6308447
0.6308447
0.6308447
0.6308447
0.6308447
0.6346164
0.6346164
0.6346164
0.6346164
0.6346164
0.6346164
0.6346164
0.6346164
0.6346164
0.6346164
0.6346164
0.6346164
0.6346164
0.6346164
0.6346164
0.6346164
0.6346164
0.6346164
0.6346164
0.6346164
0.6346164
0.6346164
0.6346164
0.6346164
0.6346164
0.6346164
0.6346164
0.6346164
0.6346164
0.6346164
0.6346164
0.6346164
0.6346164
0.6346164
0.6346164
0.6346164
0.6346164
0.6346164
0.6346164
0.6346164
0.6346164
0.6346164
0.6346164
0.6346164
0.6346164
0.6346164
0.6346164
0.6346164
0.6346164
0.6346164
0.6346164
0.6346164
0.6346164
0.6346164
0.6346164
0.6346164
0.6346164
0.6346164
0.6346164
0.6346164
0.6346164
0.6346164
0.6346164
0.6346164
0.6346164
0.6346164
0.6346164
0.6346164
0.6346164
0.63589746
0.63589746
0.63589746
0.63589746
0.63589746
0.63589746
0.63589746
0.63589746
0.63589746
0.63589746
0.63589746
0.63589746
0.63589746
0.63589746
0.63589746
0.63589746
0.63589746
0.63589746
0.63589746
0.63589746
0.63589746
0.63589746
0.63589746
0.63589746
0.63589746
0.63589746
0.63589746
0.63589746
0.63589746
0.63589746
0.63589746
0.63589746
0.63589746
0.63589746
0.63589746
0.63589746
0.63589746
0.63589746
0.63589746
0.63589746
0.63589746
0.63589746
0.63589746
0.63589746
0.63589746
0.63589746
0.63589746
0.63589746
0.63589746
0.63589746
0.63589746
0.63589746
0.63589746
0.63589746
0.63589746
0.63589746
0.63589746
0.63589746
0.63589746
0.6396204
0.6396204
0.6396204
0.6396204
0.6396204
0.6396204
0.6396204
0.6396204
0.6396204
0.6396204
0.6396204
0.6396204
0.6396204
0.6396204
0.6396204
0.6396204
0.6396204
0.6396204
0.6396204
0.6396204
0.6396204
0.6396204
0.6396204
0.6396204
0.6396204
0.6396204
0.6396204
0.6396204
0.6396204
0.6396204
0.6396204
0.6396204
0.6396204
0.6396204
0.6396204
0.6396204
0.6396204
0.6396204
0.6396204
0.6396204
0.6396204
0.6396204
0.6396204
0.6396204
0.6396204
0.6396204
0.6396204
0.6396204
0.6396204
0.6396204
0.6396204
0.6396204
0.6396204
0.6396204
0.6396204
0.6396204
0.6396204
0.6396204
0.6396204
0.6396204
0.6396204
0.6396204
0.6396204
0.6396204
0.6396204
0.6396204
0.6396204
0.6396204
0.6396204
0.6396204
0.6396204
0.6396204
0.6396204
0.6396204
0.6396204
0.6396204
0.6396204
0.6396204
0.6396204
0.6396204
0.6396204
0.6396204
0.6396204
0.6396204
0.6396204
0.6396204
0.6396204
0.6396204
0.6396204
0.6396204
0.6396204
0.6396204
0.6396204
0.6396204
0.6396204
0.6396204
0.6396204
0.6396204
0.6396204
0.6396204
0.6396204
0.6396204
0.6396204
0.6396204
0.6396204
0.6396204
0.6396204
0.6396204
0.6396204
0.6396204
0.6396204
0.64089686
0.64089686
0.64089686
0.64089686
0.6430719
0.6430719
0.6430719
0.6430719
0.6430719
0.6430719
0.6430719
0.6430719
0.6430719
0.6430719
0.6430719
0.6430719
0.6430719
0.6430719
0.6430719
0.6430719
0.6430719
0.6430719
0.6430719
0.6430719
0.6430719
0.6430719
0.6430719
0.6430719
0.6430728
0.6430728
0.6430728
0.6430728
0.6430728
0.6430728
0.6430728
0.6430728
0.6430728
0.6430728
0.6430728
0.6430728
0.6430728
0.6430728
0.6430728
0.6461395
0.6461395
0.6461395
0.6461395
0.6461395
0.6461395
0.6461395
0.6461395
0.6461395
0.6461395
0.6461395
0.6461395
0.6461395
0.6461395
0.6461395
0.6461395
0.6461395
0.6461395
0.6461395
0.6461395
0.6461395
0.6461395
0.6461395
0.6461395
0.6461395
0.6461395
0.6461395
0.6461395
0.6461395
0.6461395
0.6461395
0.6461395
0.6461395
0.6461395
0.6461395
0.6461395
0.6461395
0.6461395
0.6461395
0.6461395
0.6461395
0.6461395
0.6461395
0.6461395
0.6461395
0.6461395
0.6461395
0.6461395
0.6461395
0.6461395
0.6461395
0.6461395
0.6461395
0.6461395
0.6461395
0.6461395
0.6461395
0.6461395
0.6461395
0.6461395
0.6461395
0.6461395
0.6461395
0.6461395
0.6461395
0.6461395
0.6461395
0.6461395
0.6461395
0.6461395
0.6461395
0.6461395
0.6461395
0.6461395
0.6461395
0.6461395
0.6461395
0.6461395
0.6461395
0.6461395
0.6461395
0.6461395
0.6461395
0.6461395
0.6461395
0.6463578
0.6463578
0.6463578
0.6463578
0.6463578
0.6463578
0.6463578
0.6463578
0.6463578
0.6463578
0.6463578
0.6463578
0.6463578
0.6463578
0.6463578
0.6463578
0.6463578
0.6463578
0.6463578
0.6463578
0.6463578
0.6463578
0.6463578
0.6463578
0.6463578
0.6463578
0.6463578
0.6463578
0.6463578
0.6463578
0.6463578
0.6463578
0.6463578
0.6463578
0.6463578
0.6463578
0.6463578
0.6463578
0.6463578
0.6463578
0.6463578
0.6463578
0.6463578
0.6463578
0.6463578
0.6463578
0.6463578
0.6463578
0.6463578
0.6463578
0.6463578
0.6463578
0.6463578
0.6463578
0.6463578
0.6463578
0.6463578
0.6463578
0.6463578
0.6463578
0.6463578
0.6463578
0.6463578
0.6463578
0.6463578
0.6463578
0.6463578
0.6463578
0.6463578
0.6463578
0.6463578
0.6463578
0.6463578
0.6463578
0.6463578
0.6463578
0.6463578
0.6463578
0.6463578
0.6463578
0.6463578
0.6463578
0.6463578
0.6463578
0.6463578
0.64730716
0.64730716
0.64730716
0.64730716
0.64730716
0.64730716
0.64730716
0.64730716
0.64730716
0.64730716
0.64730716
0.64730716
0.64730716
0.64730716
0.64730716
0.64730716
0.64763945
0.64763945
0.64763945
0.64763945
0.64763945
0.64763945
0.64763945
0.64763945
0.64763945
0.64763945
0.64763945
0.64763945
0.64763945
0.64763945
0.64763945
0.64763945
0.64763945
0.64763945
0.64763945
0.64763945
0.64763945
0.64763945
0.64763945
0.64763945
0.64763945
0.64763945
0.64763945
0.64763945
0.64763945
0.64763945
0.64763945
0.64763945
0.64763945
0.64763945
0.64763945
0.64763945
0.64763945
0.64763945
0.64763945
0.64763945
0.64763945
0.64763945
0.64763945
0.64763945
0.64763945
0.64763945
0.64763945
0.64763945
0.64763945
0.64763945
0.64763945
0.64763945
0.64763945
0.64763945
0.64763945
0.64763945
0.64763945
0.64763945
0.64763945
0.64763945
0.64763945
0.64763945
0.64763945
0.64763945
0.64763945
0.64763945
0.64763945
0.64763945
0.64763945
0.64763945
0.64763945
0.64763945
0.64763945
0.64763945
0.64763945
0.64763945
0.64763945
0.64763945
0.64763945
0.64763945
0.64763945
0.64763945
0.64763945
0.64763945
0.64763945
0.64763945
0.64763945
0.64763945
0.64763945
0.64763945
0.64763945
0.64763945
0.64763945
0.64763945
0.64763945
0.64763945
0.64763945
0.64763945
0.64763945
0.64763945
0.64763945
0.64763945
0.64763945
0.64763945
0.64763945
0.64763945
0.64763945
0.64763945
0.64763945
0.64763945
0.64763945
0.64763945
0.64763945
0.64763945
0.64763945
0.64763945
0.64763945
0.64763945
0.64763945
0.64763945
0.64763945
0.64763945
0.64763945
0.64763945
0.64763945
0.64763945
0.64763945
0.64763945
0.64763945
0.64763945
0.64763945
0.64763945
0.64763945
0.64763945
0.64763945
0.64763945
0.64763945
0.64763945
0.64763945
0.64763945
0.64763945
0.64763945
0.64763945
0.64763945
0.64763945
0.64763945
0.64763945
0.64763945
0.64763945
0.64763945
0.64763945
0.64763945
0.64763945
0.64763945
0.64763945
0.64763945
0.64763945
0.64763945
0.64763945
0.64763945
0.64763945
0.64763945
0.64763945
0.64763945
0.64763945
0.64763945
0.64763945
0.64763945
0.64763945
0.64763945
0.64763945
0.64763945
0.64763945
0.64763945
0.64763945
0.64763945
0.64763945
0.64763945
0.64763945
0.64763945
0.64763945
0.64763945
0.64763945
0.64763945
0.64763945
0.64763945
0.64763945
0.64763945
0.64763945
0.64763945
0.64763945
0.64763945
0.64763945
0.64763945
0.64763945
0.64763945
0.64763945
0.64763945
0.64763945
0.64763945
0.64763945
0.64763945
0.64763945
0.64763945
0.64763945
0.64763945
0.64763945
0.64763945
0.64763945
0.64763945
0.64763945
0.64763945
0.64763945
0.64763945
0.64763945
0.64763945
0.64763945
0.64763945
0.64763945
0.64763945
0.64763945
0.64763945
0.64763945
0.64763945
0.64763945
0.64763945
0.64763945
0.64763945
0.64763945
0.64763945
0.64763945
0.64763945
0.64763945
0.64763945
0.64763945
0.64763945
0.64763945
0.64763945
0.64763945
0.64763945
0.64763945
0.64763945
0.64763945
0.64763945
0.64763945
0.64763945
0.64763945
0.64763945
0.64763945
0.64763945
0.64763945
0.64763945
0.64763945
0.64763945
0.64763945
0.64763945
0.64763945
0.64763945
0.64763945
0.64763945
0.64763945
0.64763945
0.64763945
0.64763945
0.64763945
0.64763945
0.64763945
0.64763945
0.64763945
0.64763945
0.64763945
0.64763945
0.64763945
0.64763945
0.64763945
0.64763945
0.64763945
0.64763945
0.64763945
0.64763945
0.64763945
0.64763945
0.64763945
0.64763945
0.64763945
0.64763945
0.64763945
0.64763945
0.64763945
0.64763945
0.64763945
0.64763945
0.64763945
0.64763945
0.64763945
0.64763945
0.64763945
0.64763945
0.64763945
0.64763945
0.64763945
0.64763945
0.64763945
0.64763945
0.64763945
0.64763945
0.64763945
0.64763945
0.64763945
0.64763945
0.64763945
0.64763945
0.64763945
0.64763945
0.64763945
0.64763945
