0.32752565
0.33647567
0.3667672
0.3667672
0.44840825
0.44840825
0.45664337
0.45664337
0.45664337
0.45664337
0.45664337
0.45664337
0.4821431
0.4821431
0.4999127
0.4999127
0.5039577
0.5039577
0.5220152
0.5220152
0.5220152
0.5220152
0.5220152
0.5220152
0.5310966
0.5310966
0.5310966
0.54193944
0.54193944
0.54282784
0.54839545
0.54839545
0.54839545
0.54839545
0.5702594
0.5702594
0.5702594
0.5702594
0.5702594
0.5702594
0.5844719
0.5844719
0.5844719
0.5844719
0.5844719
0.5844719
0.5844719
0.5844719
0.5844719
0.58558303
0.58558303
0.58558303
0.60099125
0.60099125
0.60099125
0.6029154
0.6029154
0.6034647
0.6034647
0.61419183
0.61419183
0.61419183
0.61419183
0.61419183
0.61419183
0.61419183
0.61419183
0.61419183
0.61419183
0.61419183
0.61419183
0.61419183
0.61419183
0.61419183
0.61419183
0.619082
0.619082
0.619082
0.619082
0.619082
0.62592536
0.62592536
0.62592536
0.62592536
0.62592536
0.62592536
0.62592536
0.62592536
0.62592536
0.62592536
0.62592536
0.62592536
0.62592536
0.62592536
0.62592536
0.62592536
0.62592536
0.62592536
0.62592536
0.62592536
0.62592536
0.62592536
0.6265463
0.6265463
0.63080645
0.6335972
0.6344863
0.6344863
0.6344863
0.6344863
0.6344863
0.6344863
0.6344863
0.6344863
0.6344863
0.6344863
0.6344863
0.6344863
0.63790387
0.63790387
0.63790387
0.63790387
0.64225316
0.64225316
0.64225316
0.64225316
0.64225316
0.64225316
0.64225316
0.6470863
0.6470863
0.6470863
0.6470863
0.6470863
0.6706159
0.6706159
0.6706159
0.6706159
0.6706159
0.6706159
0.6706159
0.6706159
0.6706159
0.6706159
0.6706159
0.6706159
0.6706159
0.6706159
0.6706159
0.6706159
0.6706159
0.6706159
0.6706159
0.6706159
0.6706159
0.6706159
0.6706159
0.6706159
0.6706159
0.6706159
0.6706159
0.6706159
0.6706159
0.6706159
0.6706159
0.6706159
0.6706159
0.6706159
0.6706159
0.6706159
0.6706159
0.6706159
0.6706159
0.6706159
0.6706159
0.6706159
0.6706159
0.6706159
0.6706159
0.6706159
0.6706159
0.6706159
0.6706159
0.6706159
0.6706159
0.6706159
0.6706159
0.6706159
0.6706159
0.6706159
0.6706159
0.6706159
0.6706159
0.6706159
0.6706159
0.6706159
0.6706159
0.6706159
0.6706159
0.6706159
0.6706159
0.6706159
0.6706159
0.6706159
0.6706159
0.6706159
0.6706159
0.6706159
0.6706159
0.6706159
0.6706159
0.6706159
0.6706159
0.6706159
0.6706159
0.6706159
0.6706159
0.6706159
0.6706159
0.6706159
0.6706159
0.6706159
0.6706159
0.6706159
0.6706159
0.6706159
0.6706159
0.6706159
0.6706159
0.6706159
0.6706159
0.6706159
0.6706159
0.6706159
0.6706159
0.6706159
0.6706159
0.6706159
0.6706159
0.6706159
0.6706159
0.6706159
0.6706159
0.6706159
0.6706159
0.6706159
0.6706159
0.6706159
0.6706159
0.6706159
0.6706159
0.6706159
0.6706159
0.6706159
0.6706159
0.6706159
0.6706159
0.6706159
0.6706159
0.6706159
0.6706159
0.6706159
0.6706159
0.6706159
0.6706159
0.6706159
0.6708075
0.6708075
0.6708075
0.6708075
0.6708075
0.6708075
0.6708075
0.6708075
0.6708075
0.6708075
0.6708075
0.6708075
0.6708075
0.6708075
0.6708075
0.67303807
0.6731275
0.6731275
0.6731275
0.6731275
0.6731275
0.6731275
0.6731275
0.6731275
0.6731275
0.6731275
0.6731275
0.6731275
0.6731275
0.6731275
0.6731275
0.6731275
0.6731275
0.6731275
0.6731275
0.6731275
0.6731275
0.6731275
0.6731275
0.6731275
0.6731275
0.6731275
0.6731275
0.6731275
0.6731275
0.6731275
0.6731275
0.6731275
0.6731275
0.6731275
0.6731275
0.6731275
0.6731275
0.6731275
0.6731275
0.6731275
0.6731275
0.6731275
0.6731275
0.6731275
0.6731275
0.6731275
0.6731275
0.6731275
0.6731275
0.6731275
0.6731275
0.6731275
0.6731275
0.6731275
0.6731275
0.6731275
0.6731275
0.6731275
0.6731275
0.6731275
0.6731275
0.6731275
0.6731275
0.673196
0.673196
0.673196
0.673196
0.673196
0.673196
0.673196
0.673196
0.673196
0.673196
0.673196
0.673196
0.673196
0.673196
0.673196
0.673196
0.673196
0.673196
0.673196
0.6732084
0.6732084
0.6738127
0.6738127
0.6738127
0.6738127
0.6738127
0.6738127
0.6738127
0.6738127
0.6738127
0.6738127
0.6738127
0.6738127
0.6738127
0.6738127
0.6738127
0.6738127
0.6738127
0.6738127
0.6738127
0.6738127
0.6738127
0.6738127
0.67694926
0.67694926
0.67694926
0.67694926
0.67694926
0.67694926
0.67694926
0.67694926
0.67694926
0.67694926
0.67902654
0.67902654
0.67902654
0.67902654
0.67902654
0.67902654
0.67902654
0.67902654
0.67902654
0.67902654
0.67902654
0.67902654
0.67902654
0.67902654
0.67902654
0.67902654
0.67902654
0.67902654
0.67902654
0.67902654
0.67902654
0.67902654
0.67902654
0.67902654
0.67902654
0.67902654
0.6799149
0.6799149
0.6799149
0.6799149
0.6799149
0.6799149
0.6799149
0.6799149
0.6799149
0.6799149
0.6799149
0.6799149
0.6799149
0.6799149
0.6799149
0.6799149
0.6802743
0.6802743
0.6802743
0.6802743
0.6802743
0.6802743
0.6802743
0.6802743
0.6802743
0.6802743
0.6866088
0.6866088
0.6866088
0.6866088
0.6866088
0.6866088
0.6866088
0.6866088
0.6866088
0.6866088
0.6866088
0.6866088
0.6866088
0.6866088
0.6866088
0.6866088
0.6866088
0.6866088
0.6866088
0.6866088
0.6866088
0.6866088
0.6866088
0.6866088
0.6866088
0.6866088
0.6866088
0.6866088
0.6866088
0.6866088
0.6866088
0.6866088
0.6866088
0.6866088
0.6866088
0.6866088
0.6866088
0.6866088
0.6866088
0.6872548
0.6872548
0.6872548
0.6872548
0.6872548
0.6872548
0.6872548
0.6872548
0.6872548
0.6872548
0.6872548
0.6872548
