1.9249753
0.09624876
0.16497687
0.23883009
0.27875477
0.29220945
0.31842762
0.3359674
0.3513773
0.36699942
0.3707729
0.3741851
0.39075285
0.38921815
0.40538007
0.41834265
0.39515182
0.41079187
0.4268311
0.3936262
0.39112827
0.42467093
0.4458584
0.4169043
0.45164728
0.41318947
0.4248411
0.45544344
0.46791744
0.4309226
0.44787902
0.4428563
0.46445513
0.45397362
0.47586125
0.45769024
0.41660684
0.45590252
0.47165853
0.45978418
0.457115
0.47907382
0.48102468
0.45837966
0.46931133
0.48927742
0.4189937
0.4806046
0.46843657
0.49251074
0.4956901
0.49793258
0.4539419
0.48132023
0.4865846
0.50994605
0.4740642
0.51261073
0.4940123
0.500599
0.5036708
0.5131003
0.5001473
0.5030862
0.48920196
0.50858897
0.49982136
0.491934
0.50545865
0.5117906
0.5127907
0.5158717
0.45110258
0.504119
0.51410854
0.48636156
0.49728188
0.48734483
0.50173265
0.499571
0.50646055
0.5031285
0.51587945
0.5011401
0.5205578
0.4945282
0.50617236
0.5204575
0.5203481
0.52171564
0.500548
0.48545447
0.5047418
0.52003676
0.49342388
0.5083784
0.51987606
0.51887804
0.52354425
0.451572
0.4993948
0.504583
0.5079755
0.5227698
0.50463504
0.51645553
0.5105732
0.50468117
0.5059494
0.51264393
0.5198832
0.4937058
0.5230964
0.4842469
0.5201248
0.5240479
0.52075374
0.51252407
0.5222076
0.51516527
0.5252618
0.4872345
0.5073532
0.5141737
0.52538526
0.4855253
0.50088406
0.5244313
0.5315248
0.47077376
0.51689065
0.47462326
0.53193724
0.47809497
0.524228
0.5258441
0.51230395
0.53726256
0.49477774
0.5275153
0.5055593
0.5313272
0.4848268
0.5077871
0.5086686
0.5202664
0.5198533
0.5450533
0.44676194
0.52142423
0.52746356
0.5292586
0.5210806
0.5323331
0.54460114
0.5430102
0.4904034
0.53439945
0.53262013
0.534518
0.5379887
0.5492452
0.46432716
0.5168203
0.5198976
0.53784835
0.54233867
0.54715586
0.53133255
0.54982996
0.47651988
0.5141827
0.53338325
0.51372534
0.5444481
0.514489
0.51441133
0.53462493
0.5470395
0.5478022
0.5270497
0.54935944
0.51045763
0.5452395
0.55037916
0.5239054
0.55193645
0.4833788
0.53764415
0.5460637
0.5451223
0.53024393
0.54226094
0.5431744
0.52727693
0.55162233
0.4925894
0.55209994
0.485918
0.5328821
0.545369
0.5463363
0.51638204
0.5323359
0.5496448
0.53153694
0.549269
0.5531472
0.52050346
0.5010569
0.52621156
0.53309786
0.5470029
0.5522752
0.5413899
0.53783405
0.5534173
0.5502741
0.52145374
0.5533317
0.5438625
0.55402786
0.5482138
0.5547439
0.55654514
0.51390755
0.54852295
0.5390118
0.5564062
0.54575074
0.53188103
0.55945987
0.5049758
0.5134653
0.5254147
0.53291804
0.5485831
0.5279045
0.54749453
0.5313345
0.54387325
0.5490066
0.5591816
0.4777329
0.5150932
0.521242
0.5335926
0.506455
0.5521542
0.535145
0.55547005
0.5512935
0.5341601
0.5581545
0.5356431
0.5608594
0.53548
0.5403914
0.53306925
0.5623745
0.5085442
0.515399
0.5526612
0.51448846
0.5474334
0.5491634
0.5336039
0.5649826
0.52458274
0.49841827
0.53474605
0.5586157
0.5136425
0.55572987
0.5665964
0.5406903
0.48957962
0.5341641
0.54396486
0.5117481
0.5540838
0.52546966
0.5677438
0.5050406
0.54087466
0.5339143
0.55988437
0.55533874
0.5539071
0.5556596
0.53841114
0.53847486
0.5691899
0.5150828
0.56153476
0.56817067
0.5727713
0.5394496
0.5243461
0.544662
0.55994564
0.5642469
0.5621616
0.54059553
0.5704006
0.5693365
0.5736826
0.561618
0.5467944
0.56846994
0.5392886
0.5697374
0.5635932
0.55609024
0.56589425
0.5532896
0.5663272
0.57271725
0.5688329
0.569605
0.5773134
0.46850973
0.53336596
0.53901446
0.5503651
0.56781393
0.553128
0.5585043
0.5170859
0.56935894
0.57823765
0.5360371
0.5583924
0.5778534
0.5817751
0.50903547
0.5072603
0.57394314
0.5301161
0.56333286
0.5860748
0.5630655
0.59030914
0.44721943
0.5473243
0.55112165
0.5707683
0.54927504
0.5644134
0.58327186
0.57669
0.580556
0.5595126
0.55803853
0.5842081
0.58935744
0.5678829
0.58626026
0.5699642
0.5829657
0.5585975
0.5709694
0.5939535
0.52530897
0.5403738
0.58787024
0.59283954
0.59359574
0.5983263
0.5333682
0.5429269
0.58264244
0.56635493
0.5951526
0.56558144
0.5936668
0.587192
0.5961385
0.6031629
0.55766654
0.56891704
0.59828347
0.6068133
0.5600866
0.5963537
0.60837686
0.5673745
0.59529227
0.59977865
0.61237276
0.58130014
0.56005985
0.5854348
0.587719
0.61445427
0.57247865
0.5998471
0.60816914
0.61973965
0.5850481
0.60349494
0.6045849
0.6041235
0.6082896
0.57388324
0.6150602
0.5945837
0.59467715
0.6139966
0.58699524
0.6218139
0.5750607
0.59440696
0.6048559
0.61120284
0.61698174
0.59234655
0.5876814
0.62092847
0.6097581
0.6136424
0.6244017
0.59116304
0.58705306
0.5730828
0.6064524
0.58779615
0.5937115
0.61234903
0.6107203
0.57890266
0.5934648
0.62453014
0.5656065
0.60961807
0.6038787
0.57176286
0.60184366
0.6216885
0.5871452
0.6109277
0.59087086
0.6000209
0.61435574
0.62465584
0.61637986
0.6198031
0.6254028
0.58033365
0.61974055
0.61787707
0.60105175
0.61729133
0.6291865
0.573264
0.580649
0.6196531
0.55324584
0.5851768
0.5858319
0.625687
0.6053932
0.53153026
0.56810755
0.62447125
0.5846274
0.5983066
0.60570985
0.6292504
0.60836804
0.61210287
0.6020479
0.59860307
0.62840766
0.5947381
0.62640315
0.6254196
0.6212618
0.61295784
0.6033498
0.6256479
0.6003523
0.63131744
0.51801956
0.6035471
0.60423434
0.6039598
0.6206035
0.58816504
0.5800932
0.61371344
0.6175986
0.60595495
0.6075863
0.6297243
0.5963024
0.61493206
0.5896805
0.6231242
0.61443245
0.59816116
0.56808364
0.6273288
0.6313842
0.6322862
0.60363686
0.61087716
0.61037093
0.6309332
0.6342585
0.56824774
0.6124379
0.6021319
0.61142576
0.61999315
0.58958036
0.627329
0.5903189
0.6260723
0.62288094
0.6328275
0.6264154
0.6267276
0.62239194
0.62019485
0.6308611
0.63562554
0.6180782
0.6095444
0.60395795
0.6273865
0.59664065
0.5901508
0.6009799
0.6315369
0.6351882
0.63293844
0.6408539
0.5672461
0.6266135
0.59895295
0.62624496
0.60695946
0.5824185
0.6251323
0.6420825
0.58103836
0.6332693
0.59095997
0.62385136
0.65409935
0.6177416
0.5825736
0.5960597
0.6432189
0.5985617
0.65036386
0.61941046
0.63249934
0.6533184
0.6537669
0.65537536
0.65206945
0.6566203
0.63663214
0.6531836
0.64392555
0.6508783
0.655085
0.6578373
0.60698867
0.6329078
0.6491651
0.6288239
0.6558121
0.63947994
0.6365421
0.657838
0.6558875
0.6231454
0.6439627
0.61678374
0.61236924
0.6328414
0.6553158
0.6613515
0.57529366
0.61404
0.6217418
0.6481938
0.62642926
0.644801
0.64401877
0.65946287
0.6335791
0.632202
0.6562072
0.6253574
0.6541945
0.6243348
0.6387651
0.6509074
0.6260815
0.65973413
0.65150183
0.65733665
0.66452485
0.5658072
0.6373385
0.60125196
0.6398765
0.6147478
0.6280038
0.6493133
0.6322859
0.65999466
0.6456108
0.6433951
0.625891
0.6479912
0.6545888
0.6565353
0.6485592
0.6556712
0.65457654
0.6649027
0.5877212
0.6309892
0.6473124
0.6404231
0.65582883
0.6319904
0.61190146
0.6438395
0.62186617
0.6318546
0.6547473
0.6223912
0.63705325
0.64365387
0.64814204
0.6552267
0.611791
0.656448
0.65963995
0.65073335
0.6510143
0.6339553
0.66438824
0.62834823
0.6287083
0.62092507
0.6402353
0.6521966
0.66063553
0.6653949
0.6527029
0.619443
0.6393492
0.64958394
0.6545752
0.6566572
0.6596177
0.661456
0.66733927
0.560486
0.64511496
0.6428761
0.6534269
0.65282047
0.634405
0.6664734
0.6404441
0.65174496
0.63918537
0.650224
0.6546294
0.6222213
0.658357
0.646343
0.6611793
0.6348195
0.6683954
0.6356526
0.62910235
0.6628359
0.65125424
0.64980423
0.6369121
0.6524475
0.65248907
0.6588365
0.65692264
0.6486657
0.6602028
0.6493989
0.66967714
0.64462376
0.63438076
0.63795763
0.65965164
0.6526504
0.6053084
0.6545228
0.6698705
0.65160346
0.64299023
0.6527977
0.6333258
0.6549159
0.6477691
0.6455937
0.67037797
0.6548261
0.6569704
0.6475688
0.66655666
0.67017156
0.6445817
0.6653475
0.666045
0.6590014
0.6568527
0.6608039
0.6724254
0.5991041
0.61893755
0.6396855
0.6594366
0.6567743
0.65791214
0.64959985
0.6649641
0.6146058
0.6596646
0.64489585
0.65957266
0.6417804
0.6687726
0.6535621
0.66632056
0.64833397
0.65331024
0.6320763
0.6580535
0.65266234
0.63100463
0.6632699
0.65922177
0.66900945
0.66756487
0.6685663
0.6725244
0.6294756
0.65532255
0.6133317
0.6576077
0.6593865
0.6453605
0.66233367
0.6678959
0.6480859
0.66395843
0.64244527
0.6403738
0.6560163
0.652664
0.66299814
0.67272246
0.66624033
0.6461285
0.66956407
0.6436807
0.64405245
0.673453
0.6423632
0.6655096
0.6496209
0.66612303
0.67382526
0.6421002
0.6504471
0.66024894
0.6254773
0.65854657
0.6093539
0.6717684
0.6087119
0.6609661
0.66248363
0.66359633
0.662964
0.66154015
0.66618973
0.6683822
0.67067796
0.66882783
0.66536343
0.65026927
0.6691775
0.6615575
0.6669339
0.6728679
0.6746181
0.6352929
0.6239227
0.6574668
0.6564419
0.61317575
0.66367185
0.6041376
0.6407102
0.6345099
0.67059195
0.6501401
0.6392575
0.6707102
0.6593802
0.6504512
0.67504936
0.63339984
0.6394445
0.6483675
0.6379255
0.6089122
0.6386059
0.67085075
0.6225371
0.6196333
0.6607719
0.6659065
0.66520125
0.6647321
0.6487742
0.6644264
0.6704968
0.6608257
0.6722563
0.65786535
0.65507424
0.66510403
0.6696883
0.6701523
0.667264
0.63763124
0.6717098
0.6568215
0.6700622
0.67186666
0.6447195
0.671347
0.64568216
0.6753548
0.6431404
0.65543896
0.6635099
0.64478445
0.6744915
0.6295149
0.66291076
0.6744146
0.6200669
0.6370855
0.67318666
0.64129984
0.6702032
0.6737064
0.67252076
0.66547763
0.6518266
0.6534626
0.67589504
0.6101179
0.5830004
0.62684083
0.6219632
0.6519564
0.658115
0.6445493
0.6671319
0.6376042
0.60808766
0.67035383
0.66454
0.6763616
0.6018581
0.5870226
0.62288815
0.6568721
0.66506416
0.66665095
0.67475915
0.6308473
0.6372495
0.65083015
0.6674338
0.6388983
0.6576659
0.64952666
0.67340356
0.6470675
0.59247786
0.66905516
0.6700289
0.6603792
0.6763152
0.6714682
0.646937
0.67030776
0.6737708
0.67806226
0.6492668
0.6297147
0.6701323
0.670383
0.64983934
0.64402837
0.67265296
0.6752026
0.649511
0.62724316
0.6741437
0.6529535
0.6668924
0.63000953
0.66194296
0.6679927
0.67617226
0.66553885
0.66993684
0.67902994
0.6150259
0.67075336
0.67804223
0.6255591
0.674309
0.6690791
0.6776016
0.6320177
0.66788965
0.6744498
0.6672604
0.6663745
0.6754929
0.6788767
0.67874104
0.6728871
0.66682744
0.6789541
0.6791135
0.66253436
0.6780658
0.6748744
0.66692275
0.66736984
0.6612367
0.67522806
0.677182
0.67223537
0.64605373
0.67341745
0.6788255
0.6794238
0.66447306
0.6559613
0.63176614
0.67109597
0.6414542
0.6700215
0.6348534
0.6499147
0.6665467
0.66244715
0.65858495
0.6769479
0.66472006
0.64886034
0.67142624
0.66833246
0.67904866
0.65732414
0.67454267
0.6772416
0.6462501
0.6762315
0.65474474
0.6768719
0.67218524
0.6729006
0.68007135
0.6586157
0.66486186
0.67569286
0.65898985
0.6779216
0.6076212
0.66053313
0.67565
0.6605069
0.6504528
0.660135
0.6747644
0.6632043
0.67514706
0.67685837
0.67990303
0.65579206
0.6625247
0.6513413
0.6293219
0.6695717
0.6611965
0.6607276
0.6470092
0.64505494
0.65904313
0.66037035
0.6602197
0.6741474
0.6468498
0.68016446
0.64833105
0.6625122
0.6338444
0.6532692
0.66638285
0.66672635
0.66464865
0.67607963
0.62520397
0.66552794
0.67297846
0.67584616
0.6728642
0.67948294
0.64919263
0.67995274
0.66676074
0.64142
0.6622327
0.6262491
0.6684381
0.6754648
0.6705729
0.6551417
0.67841375
0.6663004
0.6787875
0.669614
0.67904955
0.6540121
0.66980326
0.6751715
0.64571327
0.6751835
0.6740945
0.67578304
0.67191017
0.6473048
0.6811338
0.6012762
0.621942
0.6242657
0.6671215
0.6253326
0.6578214
0.6084076
0.62703264
0.65260947
0.6348152
0.6652585
0.62641084
0.612402
0.63262296
0.6592182
0.6514635
0.6642703
0.6393203
0.67343414
0.6599346
0.6718823
0.6677966
0.67404675
0.65929204
0.6783333
0.67256516
0.64345133
0.66671765
0.68167263
0.6048027
0.65734255
0.6381992
0.6303059
0.64883506
0.6676761
0.64842534
0.62708414
0.6760395
0.6537307
0.6725988
0.6820233
0.6535373
0.67371
0.6457103
0.68431103
0.58294666
0.63436794
0.6664701
0.66784555
0.6686002
0.6762419
0.6419393
0.6702601
0.6769441
0.6551312
0.6768847
0.6508281
0.680337
0.6447802
0.6633956
0.6749592
0.648452
0.64084107
0.68079895
0.6345054
0.67198783
0.6726087
0.6654351
0.67494094
0.6790978
0.67675734
0.68479615
0.6255079
0.66787344
0.6703445
0.6462723
0.6431252
0.67489564
0.61147696
0.6756223
0.64412934
0.6537643
0.6362303
0.6837283
0.6488334
0.6097971
0.65491205
0.6791957
0.670115
0.6843282
0.6731106
0.6502213
0.67932874
0.6655642
0.682237
0.68587816
0.6053448
0.6677922
0.65821666
0.6610195
0.64384764
0.6747231
0.6716734
0.68215674
0.6345722
0.66462696
0.64294827
0.664158
0.678586
0.63598025
0.66626835
0.64464957
0.68086874
0.6801772
0.68402386
0.6735537
0.6619575
0.6560155
0.6865438
0.6529356
0.65382427
0.66383046
0.6820518
0.64959985
0.65026087
0.67671114
0.6810277
0.63891435
0.6397293
0.67718923
0.6762823
0.6684175
0.67318404
0.6736824
0.6830229
0.68000525
0.68361354
0.6281482
0.6564706
0.6446737
0.6772801
0.66547644
0.67726684
0.65445054
0.67538875
0.6860556
0.67298496
0.6306583
0.6686212
0.68748015
0.59154147
0.6430601
0.6413542
0.65840435
0.6694752
0.6580464
0.6719099
0.6406909
0.6834871
0.65696687
0.6791183
0.657519
0.6757645
0.6501929
0.67949647
0.6742967
0.6757224
0.65382034
0.682855
0.66544867
0.6546346
0.6778468
0.6635157
0.6822651
0.67082196
0.67923737
0.68483365
0.64327496
0.6769245
0.67430246
0.6670278
0.66890186
0.6775253
0.6874392
0.6650156
0.6669005
0.674946
0.6688233
0.65290993
0.6586838
0.65983784
0.6848026
0.6857786
0.67077935
0.6564366
0.6765379
0.666532
0.68354696
0.68266535
0.6732276
0.6586177
0.67454135
0.68131554
0.6545671
0.68191594
0.6671019
0.6881833
0.67498714
0.6551114
0.6648684
0.67200243
0.68305063
0.68480194
0.6843909
0.6844417
0.6878806
0.66719085
0.6347903
0.6758514
0.64461255
0.64523304
0.67215145
0.65415704
0.6771511
0.674237
0.6835494
0.64826435
0.6607251
0.6379
0.6638143
0.67033046
0.67259365
0.6859502
0.63118416
0.64262134
0.6718606
0.63781893
0.66327703
0.6737317
0.6632969
0.67080736
0.67077476
0.68669426
0.6457145
0.671021
0.6473118
0.64235574
0.64208615
0.64113575
0.66263074
0.68355435
0.6818973
0.6356863
0.6835636
0.6822891
0.68689233
0.6520061
0.6814493
0.66739285
0.6846935
0.6602577
0.68730485
0.6688303
0.6879107
0.67295533
0.68943036
0.6576132
0.67918515
0.68805385
0.6620072
0.6803576
0.65859
0.6849824
0.6549184
0.67664987
0.6822723
0.6866378
0.68208486
0.65529776
0.652758
0.6666154
0.6798767
0.68320256
0.69053745
0.59685147
0.62301403
0.67497444
0.6637354
0.6590157
0.66941494
0.67483103
0.65793216
0.68597203
0.59983677
0.66289884
0.6555055
0.6289924
0.67099214
0.6512682
0.6783118
0.6650015
0.67725855
0.6606575
0.67552745
0.6692155
0.6842025
0.66610825
0.655125
0.6745079
0.68739116
0.67726785
0.6411985
0.643018
0.6783189
0.67281747
0.6556954
0.6799987
0.67553306
0.67160654
0.66871274
0.6561903
0.67734736
0.68397635
0.6880239
0.61649215
0.65593946
0.6698687
0.63436985
0.67518723
0.6817227
0.68721163
0.64282787
0.6760799
0.6768287
0.6710765
0.6739086
0.6882492
0.6197917
0.68200815
0.65804815
0.67410123
0.6847785
0.6465764
0.65389574
0.6861862
0.6734805
0.6399497
0.6807339
0.6816901
0.6889927
0.673954
0.65475875
0.6796182
0.6693143
0.667061
0.6656324
0.6883577
0.63013077
0.6745909
0.67427784
0.6611194
0.66552377
0.65364206
0.6638247
0.67852074
0.679556
0.6876497
0.68308675
0.6798454
0.67130876
0.67883825
0.66559464
0.6640901
0.68316156
0.67472714
0.6804346
0.6755104
0.67558813
0.68706244
0.6470947
0.6842426
0.681521
0.6477469
0.68252647
0.67484796
0.6887839
0.68377876
0.65629333
0.6695485
0.6907881
0.6083367
0.6506376
0.65793973
0.6820289
0.6437888
0.6764906
0.6316573
0.66621506
0.6520398
0.6779405
0.6742397
0.6830405
0.6605202
0.66837275
0.642247
0.67875445
0.67568934
0.6668737
0.6857962
0.5859389
0.65783846
0.68207747
0.68758404
0.68334824
0.64807856
0.6874327
0.65964204
0.6637622
0.68198335
0.68972677
0.6361766
0.6550247
0.6747925
0.6759068
0.68411386
0.68248767
0.6719687
0.6827017
0.6909136
0.6416585
0.64287746
0.6671399
0.65260994
0.65287787
0.6822324
0.6390422
0.65061295
0.67808455
0.685715
0.6878892
0.679458
0.68228996
0.6866421
0.686607
0.68908775
0.6792723
0.67524064
0.68785036
0.65373373
0.68951946
0.643736
0.67065877
0.6830711
0.6899637
0.6828476
0.6884383
0.68325865
0.652316
0.6678277
0.6840924
0.6906938
0.6714398
0.6830581
0.67574275
0.68131745
0.67900836
0.6876339
0.6767062
0.68590724
0.6543162
0.68520105
0.68654644
0.6630231
0.663209
0.6907297
0.66852623
0.68797123
0.6751867
0.6696432
0.6910502
0.6529449
0.68763036
0.68332267
0.6802235
0.6712732
0.6828269
0.6689403
0.66714066
0.6845474
0.6636973
0.6886727
0.6299261
0.66531956
0.6822239
0.65312684
0.68932974
0.6577767
0.6835361
0.6759974
0.6879717
0.681749
0.668911
0.6889556
0.6889717
0.69041014
0.67758626
0.6853761
0.67037356
0.6752132
0.68493754
0.68875134
0.669984
0.6829464
0.68524206
0.67667997
0.68663466
0.65819347
0.66287076
0.6685757
0.69006735
0.64516747
0.6763912
0.6838762
0.66609174
0.6839584
0.652375
0.67105633
0.6627687
0.6903265
0.68197346
0.685316
0.6913789
0.6024316
0.6472241
0.62364185
0.63354975
0.6159405
0.6735004
0.5964452
0.6772289
0.6439382
0.6713704
0.65582204
0.6598494
0.6849896
0.6454285
0.64769167
0.66635954
0.66604674
0.6480781
0.67425287
0.6428689
0.665197
0.68548477
0.6426696
0.66705304
0.6575426
0.67520964
0.6667158
0.6556028
0.68632066
0.6645145
0.63023263
0.63977164
0.6741066
0.66592395
0.6687736
0.6306399
0.66387933
0.6745938
0.68072003
0.6234125
0.68249196
0.6736812
0.6853317
0.66888773
0.66093373
0.6738796
0.6875206
0.66188157
0.674686
0.68101805
0.6678853
0.68688846
0.6649753
0.69001234
0.6564425
0.64092505
0.65469015
0.6774944
0.6600958
0.6814206
0.67925006
0.687286
0.66078365
0.6525855
0.6784378
0.6506404
0.6851514
0.6753248
0.6728485
0.6793903
0.6746135
0.65049946
0.62350094
0.66514146
0.6673175
0.6500366
0.6547748
0.67959756
0.68024534
0.6770362
0.6784068
0.6842025
0.67840207
0.6888616
0.6764997
0.685793
0.68341917
0.6763378
0.656288
0.6882739
0.68086976
0.68419737
0.68007255
0.6897739
0.6845342
0.66014063
0.6897695
0.68191636
0.6587074
0.6847364
0.68561363
0.6848255
0.6756337
0.690931
0.6567166
0.65487176
0.6838966
0.6253193
0.68472135
0.6635908
0.6796558
0.6867717
0.6885804
0.68338525
0.6777197
0.67894876
0.6885742
0.6854042
0.65839416
0.6918405
0.66787183
0.6673709
0.66802293
0.6882875
0.6348289
0.6837137
0.6662507
0.6827443
0.6890186
0.6842518
0.67592585
0.65763164
0.68004644
0.6816757
0.68212575
0.6852413
0.6911794
0.6899123
0.6829816
0.677693
0.6830112
0.6746208
0.675928
0.67482114
0.6891983
0.68211573
0.68136084
0.6670591
0.68880576
0.683746
0.6801515
0.6912555
0.69247353
0.66386276
0.62092525
0.6713375
0.6787786
0.64098966
0.6845869
0.6628989
0.676689
0.653953
0.6843611
0.6894158
0.6475767
0.6870556
0.6739491
0.66124487
0.67215765
0.68607545
0.675273
0.68556845
0.66714984
0.69072306
0.66677237
0.6687419
0.6845471
0.661443
0.67820555
0.68334675
0.6922635
0.6205098
0.68119144
0.68318427
0.6508971
0.677849
0.6777569
0.6824969
0.6641588
0.69073504
0.6796809
0.6889843
0.66885704
0.68921196
0.67333955
0.6494327
0.6722291
0.6667698
0.67908204
0.68072164
0.6605171
0.68506575
0.68527585
0.6886831
0.69141877
0.6544486
0.68749905
0.674063
0.6806321
0.68564683
0.667595
0.6913172
0.6841455
0.6868455
0.6659584
0.6917787
0.68778425
0.68251735
0.6905483
0.69203436
0.6691697
0.6847869
0.6926838
0.6515228
0.66767967
0.6548809
0.6774691
0.6489101
0.6792903
0.6762544
0.68881166
0.6262001
0.68313324
0.65251875
0.6749216
0.681013
0.6593678
0.6759153
0.6832823
0.6673791
0.6840418
0.68756455
0.6389781
0.6774479
0.6748645
0.66841614
0.6908587
0.63451004
0.6744403
0.6750132
0.6653225
0.68563014
0.6764358
0.64763767
0.6312468
0.68973184
0.6605253
0.6656496
0.6847024
0.6149307
0.6859654
0.666142
0.621914
0.6422014
0.67664105
0.68334484
0.6680028
0.68605566
0.67794746
0.6853821
0.6845461
0.67215043
0.68446493
0.6918545
0.65149313
0.6478597
0.6746708
0.69247454
0.6916292
0.6712732
0.6932882
0.67589957
0.6609512
0.68741196
0.6476901
0.6675744
0.67737156
0.67780006
0.6729766
0.6839852
0.6561705
0.68483627
0.675284
0.674821
0.69195306
0.67848265
0.676666
0.6918282
0.67444414
0.69108266
0.63287055
0.6787323
0.6807719
0.688346
0.6665529
0.6819601
0.6717527
0.6859621
0.6692695
0.66951346
0.69334036
0.6588999
0.6716062
0.6870016
0.6265212
0.6795843
0.6833718
0.6880492
0.6732954
0.6565178
0.6616624
0.6739658
0.66577333
0.6817749
0.6508787
0.6793616
0.6923594
0.68011117
0.68910617
0.64974797
0.6891917
0.6811086
0.66394734
0.6685066
0.6813703
0.6909288
0.6665009
0.6870477
0.68625534
0.67585886
0.67949903
0.66309273
0.6854466
0.6639563
0.67790926
0.6792108
0.6609832
0.6712646
0.684289
0.6807384
0.6895909
0.68896383
0.68728644
0.69356257
0.6642544
0.67629516
0.6697276
0.67554057
0.64356214
0.6578475
0.65894234
0.6587379
0.6902762
0.658402
0.68231434
0.6784214
0.6529149
0.69273233
0.6812091
0.6877143
0.6837638
0.6933845
0.68279994
0.67837393
0.68341774
0.6915557
0.6602701
0.66615456
0.69182646
0.66709894
0.6878848
0.6944407
0.6444972
0.6644764
0.6356276
0.658381
0.6611322
0.68163085
0.6437599
0.67070234
0.68106264
0.66720724
0.6827521
0.66362464
0.6762789
0.6821963
0.6873839
0.6440649
0.67145354
0.67447037
0.64234936
0.68528205
0.6409632
0.67595345
0.67266214
0.67948323
0.68629754
0.6752027
0.6689462
0.6765696
