0.24300371
0.24715842
0.39052778
0.39355445
0.39423713
0.4128284
0.4128284
0.4128284
0.4128284
0.4128284
0.4128284
0.4128284
0.4128284
0.4128284
0.4128284
0.4128284
0.4128284
0.48788616
0.48788616
0.48788616
0.48788616
0.48788616
0.48788616
0.48798373
0.48798373
0.48798373
0.48798373
0.48798373
0.48798373
0.48798373
0.48798373
0.49655482
0.49655482
0.49655482
0.49655482
0.49655482
0.5097616
0.5097616
0.55871105
0.55871105
0.55871105
0.55871105
0.55871105
0.55871105
0.55871105
0.55871105
0.55871105
0.55871105
0.55871105
0.55871105
0.55871105
0.55871105
0.55871105
0.55871105
0.55871105
0.5587171
0.5587171
0.5587171
0.5587171
0.5587171
0.5587171
0.5587171
0.5587171
0.5587171
0.5587171
0.55874074
0.55874074
0.55874074
0.55874074
0.6323048
0.6323048
0.6323048
0.6323048
0.6323048
0.6323048
0.6323048
0.6323048
0.6323048
0.6323048
0.6323048
0.6323048
0.6323048
0.6323048
0.6323048
0.6323048
0.6323048
0.6323048
0.6323048
0.6323048
0.6323048
0.6323048
0.6323048
0.6323048
0.6323048
0.6323048
0.6323048
0.6323048
0.6323048
0.6323048
0.6323048
0.6323048
0.6323048
0.6323048
0.6323048
0.6323048
0.6323048
0.6323048
0.6323048
0.6323048
0.6323048
0.6323112
0.6323112
0.6323112
0.6323112
0.6323112
0.6323112
0.6323112
0.6323112
0.6323112
0.6323112
0.6323112
0.6323112
0.6323112
0.6323112
0.6323112
0.6323112
0.6323112
0.63535786
0.63535786
0.63535786
0.63535786
0.63535786
0.63535786
0.63535786
0.63535786
0.63535786
0.63535786
0.63535786
0.63535786
0.63535786
0.63535786
0.63535786
0.63535786
0.63535786
0.63535786
0.63535786
0.63535786
0.63535786
0.63784236
0.63784236
0.63784236
0.63784236
0.63784236
0.63784236
0.63784236
0.63784236
0.63784236
0.63784236
0.63784236
0.63784236
0.6385322
0.6385322
0.6385322
0.6385322
0.64114064
0.64114064
0.64114064
0.64114064
0.6712908
0.6712908
0.6712908
0.6712908
0.6712908
0.6712908
0.6712908
0.6712908
0.6712908
0.6712908
0.6712908
0.6712908
0.6712908
0.6712908
0.6712908
0.6712908
0.6712908
0.6712908
0.6712908
0.6712908
0.6712908
0.6712908
0.6712908
0.6712908
0.6712908
0.6712908
0.6712908
0.6712908
0.6712908
0.6712908
0.6712908
0.6712908
0.6712908
0.6712908
0.6712908
0.6712908
0.6712908
0.6712908
0.6712908
0.6712908
0.6712908
0.6712908
0.6712908
0.6712908
0.6712908
0.6712908
0.6809351
0.6809351
0.6809351
0.6809351
0.6809351
0.6809351
0.6809351
0.6809351
0.6809351
0.6809351
0.6809351
0.6809351
0.6809351
0.6809351
0.6809351
0.6809351
0.6809351
0.6809351
0.6809351
0.6809351
0.6809351
0.6809351
0.6809351
0.6809351
0.6809351
0.6809351
0.6809351
0.6809351
0.6809351
0.6809351
0.6809351
0.6809351
0.6809351
0.6809351
0.6809351
0.6809351
0.6809351
0.6809351
0.6809351
0.6809351
0.6809351
0.6809351
0.6809351
0.68561286
0.68561286
0.68561286
0.68561286
0.68561286
0.68561286
0.68561286
0.6877873
0.6877873
0.6877873
0.6877873
0.6877873
0.6877873
0.6877873
0.6877873
0.6877873
0.6877873
0.6877873
0.6877873
0.6877873
0.6877873
0.6877873
0.6877873
0.6877873
0.6877873
0.6877873
0.6877873
0.6877873
0.6877873
0.6877873
0.6877873
0.6877873
0.6877873
0.6877873
0.6877873
0.6877873
0.6877873
0.6877873
0.6880802
0.6880802
0.6880802
0.6880802
0.6880802
0.6880802
0.6880802
0.6880802
0.6880802
0.6880802
0.6880802
0.6880802
0.6880802
0.6880802
0.6880802
0.6880802
0.6880802
0.6880802
0.6982638
0.7005775
0.7005775
0.7005775
0.7005775
0.7005775
0.7005775
0.7005775
0.7005775
0.7005775
0.7005775
0.7005775
0.7005775
0.7005775
0.7005775
0.7005775
0.7005775
0.7005775
0.7005775
0.7005775
0.7005775
0.7005775
0.7005775
0.7005775
0.7005775
0.7005775
0.7005775
0.7005775
0.7005775
0.7005775
0.7005775
0.7005775
0.7005775
0.7005775
0.7005775
0.7005775
0.7005775
0.7005775
0.7005775
0.7005775
0.7005775
0.7005775
0.7005775
0.7005775
0.7005775
0.7005775
0.7005775
0.70194376
0.70194376
0.70194376
0.70194376
0.70194376
0.70194376
0.70194376
0.70194376
0.70194376
0.70194376
0.70194376
0.70194376
0.70194376
0.70194376
0.70194376
0.70194376
0.70194376
0.70194376
0.70194376
0.70194376
0.70194376
0.70194376
0.70194376
0.70194376
0.70194376
0.70194376
0.70194376
0.70194376
0.70194376
0.70194376
0.70194376
0.70194376
0.70194376
0.70194376
0.70194376
0.70194376
0.70194376
0.70194376
0.70194376
0.70194376
0.70194376
0.70476145
0.70476145
0.70476145
0.7062193
0.7062193
0.7062193
0.7062193
0.7062193
0.7062193
0.7062193
0.7062193
0.7062193
0.7062193
0.7062193
0.7062193
0.7062193
0.7124771
0.7124771
0.7124771
0.7124771
0.7124771
0.7124771
0.7124771
0.7124771
0.7124771
0.7124771
0.7124771
0.7124771
0.7124771
0.7124771
0.7124771
0.7124771
0.7124771
0.7124771
0.7124771
0.7124771
0.7124771
0.7124771
0.7124771
0.7124771
0.7124771
0.7124771
0.7124771
0.7124771
0.7124771
0.7124771
0.7124771
0.7124771
0.7124771
0.7124771
0.7124771
0.7124771
0.7124771
0.7124771
0.7124771
0.7124771
0.7124771
0.7124771
0.7124771
0.7124771
0.7124771
0.7124771
0.7124771
0.7124771
0.7124771
0.7124771
0.7124771
0.7124771
0.7124771
0.7124771
0.7124771
0.7124771
0.7124771
0.7124771
0.7124771
0.7124771
0.7124771
0.7124771
0.7124771
0.7124771
0.7124771
0.7124771
0.7124771
0.7124771
0.7124771
0.7124771
0.7124771
0.7124771
0.7124771
0.7124771
0.7124771
0.7124771
0.7124771
0.7124771
0.7124771
0.7124771
0.7124771
0.7124771
0.7124771
0.7124771
