0.36108115
0.036108114
0.076074705
0.12341817
0.12055127
0.1279313
0.15373378
0.14346793
0.15825737
0.1550252
0.15868711
0.15181023
0.18096764
0.21431215
0.23379362
0.26701593
0.2491155
0.24513999
0.26488787
0.28887624
0.28008857
0.3042584
0.26119375
0.3078497
0.2185663
0.28557223
0.30844936
0.27027217
0.28689355
0.31126767
0.26303703
0.30831763
0.31853145
0.23345537
0.31787893
0.29994768
0.30136272
0.32541394
0.27403218
0.2805312
0.29782328
0.2947058
0.3002757
0.3212766
0.2686723
0.32358086
0.31195778
0.32774132
0.30502835
0.3295236
0.32043228
0.3276806
0.30792293
0.3332323
0.29665008
0.27344123
0.32447362
0.2823684
0.28681642
0.32257324
0.30437857
0.31553155
0.31530473
0.33413258
0.30106384
0.30100906
0.32711327
0.3111158
0.2845223
0.32434317
0.28649563
0.29391548
0.32183886
0.33053622
0.29794437
0.320362
0.32225272
0.34725824
0.30699772
0.3320175
0.35020176
0.33691168
0.36074343
0.31041723
0.36005908
0.34998816
0.37601918
0.35448354
0.34140056
0.3710749
0.37942916
0.3613345
0.3782177
0.37384173
0.3784969
0.37189123
0.35208106
0.38205642
0.32662994
0.34104255
0.375656
0.34464237
0.34297568
0.35665837
0.37243783
0.3253883
0.35902148
0.38086653
0.38123548
0.36816406
0.33856854
0.36373252
0.37418324
0.35552633
0.35172066
0.3333282
0.37882036
0.3736418
0.3487449
0.3818291
0.3817714
0.37326115
0.38468945
0.30502257
0.35723248
0.33329493
0.38149786
0.3488915
0.3518865
0.38117433
0.34575158
0.37842324
0.30709726
0.3733987
0.336478
0.35485408
0.3688553
0.38307804
0.38259688
0.3593239
0.38305527
0.38480908
0.36058238
0.3367363
0.32298112
0.35039127
0.34292358
0.37679568
0.32288018
0.34909636
0.34245223
0.3428529
0.34694389
0.37569106
0.35404384
0.3578815
0.37936693
0.36278236
0.3772265
0.36325023
0.3816775
0.37559927
0.3608517
0.35742873
0.36426896
0.3779123
0.37630323
0.36028
0.36044037
0.37539235
0.37013784
0.38438675
0.37538758
0.38546923
0.30835316
0.31309256
0.36218613
0.3621645
0.35596102
0.36720413
0.33322302
0.37349078
0.35901412
0.3139916
0.34806818
0.32885963
0.36863545
0.35786062
0.35644907
0.36137986
0.382261
0.29972774
0.37627524
0.35029078
0.38166943
0.38109148
0.35572487
0.38387325
0.3862131
0.32899097
0.34836045
0.37341994
0.3361273
0.37987897
0.33511966
0.3782197
0.386601
0.35547924
0.3694938
0.37785274
0.35509074
0.36215132
0.3660963
0.38303924
0.3578747
0.3573719
0.38141805
0.3552936
0.3735116
0.37632847
0.35126305
0.37756616
0.35606748
0.3611511
0.37077138
0.35071427
0.36995023
0.3842795
0.3580674
0.38021857
0.3856121
0.38200223
0.34823376
0.37692887
0.37122586
0.3563816
0.35700008
0.3670625
0.38553825
0.33990958
0.37958318
0.38557917
0.38642174
0.3821965
0.38711065
0.33422598
0.3822412
0.38052607
0.36206338
0.33729902
0.35362214
0.3631367
0.38367158
0.3717173
0.35686326
0.38765404
0.3638907
0.37483555
0.32842815
0.37602058
0.37886184
0.339881
0.3547194
0.38611332
0.34517962
0.37250552
0.37522373
0.35939002
0.37811086
0.3653541
0.3629767
0.37568516
0.38781446
0.34055364
0.38400403
0.3542843
0.36038452
0.3820607
0.3868565
0.3680672
0.38178423
0.38822594
0.357912
0.3887902
0.36217347
0.32578912
0.3722426
0.3247378
0.32564148
0.37542313
0.35706574
0.37958977
0.31036925
0.3476203
0.3373648
0.3340673
0.34805006
0.37572497
0.3776594
0.3419888
0.35199326
0.36320955
0.34837598
0.37966192
0.34857565
0.33093446
0.37734327
0.35577255
0.35694206
0.38763553
0.35693562
0.38012835
0.32929948
0.3723554
0.3590148
0.3822282
0.3797865
0.3587688
0.3837542
0.38547727
0.36262825
0.38733372
0.38689458
0.38268024
0.38922983
0.33647877
0.3651166
0.35619992
0.35905358
0.35966566
0.37693152
0.38749033
0.34198767
0.37312385
0.37333363
0.38427025
0.37499824
0.35520637
0.38509545
0.36346215
0.38751164
0.3802474
0.38823992
0.35296932
0.38305447
0.36729816
0.38564155
0.38679314
0.38668436
0.36392328
0.38783035
0.35566217
0.37313586
0.38323337
0.35608286
0.3716337
0.38943824
0.35925427
0.33798617
0.3607801
0.38675654
0.32540673
0.34451908
0.36413383
0.33608738
0.34849954
0.38207212
0.3833683
0.38555124
0.35529947
0.37013873
0.38837874
0.38604808
0.38946784
0.3722227
0.36558136
0.35325822
0.34819245
0.35855237
0.37454182
0.3863222
0.3709088
0.38573438
0.36290473
0.3771631
0.38279486
0.37138146
0.36551508
0.35863408
0.38725826
0.3820088
0.3622051
0.3820088
0.39016294
0.32613713
0.35772055
0.37951118
0.37424722
0.38873774
0.38923818
0.3902654
0.36284643
0.39017275
0.38413233
0.38543412
0.3609029
0.38771775
0.39115936
0.33066258
0.37720442
0.36635488
0.3426841
0.3723476
0.36387452
0.39206952
0.31312117
0.34368038
0.35584205
0.3527766
0.37374008
0.34779936
0.37347475
0.35692027
0.3791719
0.33604053
0.38029832
0.3322453
0.3363739
0.3295906
0.3581834
0.37883526
0.3567377
0.36073014
0.38240412
0.3751982
0.36575842
0.38644877
0.36822903
0.38131997
0.334956
0.34055507
0.3736785
0.3844749
0.3158411
0.3416891
0.36288828
0.36898914
0.38773733
0.37600204
0.35318547
0.38313556
0.3854979
0.38956162
0.36255997
0.38898507
0.37020674
0.36959368
0.34559262
0.35186458
0.36174732
0.3625031
0.38856
0.36158806
0.37122256
0.3806014
0.3657124
0.3630627
0.37183845
0.3641766
0.38832492
0.35766014
0.36765668
0.39149308
0.32851738
0.3450797
0.38069603
0.34323123
0.3414573
0.38548425
0.3778041
0.3460785
0.34977996
0.36401823
0.36765262
0.38458616
0.36230728
0.35876998
0.35514337
0.35310742
0.3870547
0.36083317
0.3655411
0.38569608
0.37272963
0.3880456
0.3722792
0.38723844
0.36889523
0.38593727
0.36684597
0.39313588
0.33191973
