1.0776231
0.053881157
0.097309306
0.1234534
0.14019655
0.1547528
0.1741401
0.1850467
0.20082645
0.17390165
0.19438258
0.20297685
0.20438786
0.19699284
0.20399392
0.20089622
0.22295165
0.19552933
0.21835756
0.22442476
0.22106342
0.22980878
0.24036594
0.2394937
0.25629723
0.29392132
0.3020758
0.30290157
0.28796402
0.304945
0.30388123
0.29500994
0.32002896
0.28451684
0.29916707
0.28929335
0.31626052
0.3026184
0.33071202
0.3062612
0.3052662
0.33045512
0.31794587
0.29752272
0.32597628
0.31323794
0.3181896
0.32148066
0.31952727
0.32165152
0.33303207
0.26799068
0.27989453
0.3178767
0.3273929
0.32274756
0.33133417
0.29751796
0.33743003
0.24572957
0.28137705
0.30892706
0.30505255
0.31747964
0.28531927
0.33188376
0.31227145
0.3230957
0.33933577
0.3025275
0.32493237
0.34069186
0.296205
0.329567
0.33196473
0.33562696
0.3368625
0.3470907
0.29187277
0.31745273
0.33835682
0.32283682
0.34532776
0.3251484
0.32118464
0.3411211
0.34129757
0.34175527
0.33567342
0.34557742
0.35497183
0.33024567
0.33295912
0.3473292
0.35132515
0.35877115
0.34672412
0.34908688
0.34997877
0.33605963
0.35727355
0.3340856
0.34651226
0.3613381
0.32409438
0.32049096
0.36052796
0.35673663
0.36281508
0.3023982
0.31760693
0.32507402
0.330746
0.3171491
0.35082003
0.3383531
0.33731157
0.3393282
0.353127
0.34762928
0.36455303
0.34628126
0.3632074
0.36000878
0.35383457
0.3669082
0.36199528
0.36644763
0.35296527
0.35981175
0.3502693
0.36655897
0.3552899
0.3679431
0.3458225
0.33121407
0.33755174
0.3609303
0.3571968
0.36468345
0.35418624
0.34863046
0.36625373
0.37029824
0.3198098
0.36610085
0.34443074
0.35461995
0.371952
0.32781702
0.33805054
0.35736853
0.369922
0.35424998
0.34297302
0.36386102
0.34378913
0.36019725
0.3607289
0.3615369
0.36947587
0.36900762
0.37124914
0.3608821
0.34652922
0.36031115
0.36096308
0.37275517
0.26555204
0.31051663
0.3196206
0.32979667
0.31546152
0.3418642
0.3652457
0.33403558
0.34147388
0.33969653
0.36536843
0.35664108
0.36178127
0.35605794
0.36172134
0.3471619
0.35465786
0.373007
0.35354686
0.34426552
0.34761924
0.37234595
0.34080428
0.3465976
0.3612021
0.35827416
0.3714225
0.3574168
0.35510308
0.3593341
0.36155704
0.3708591
0.3610943
0.36552235
0.36220154
0.37523258
0.30120656
0.35081562
0.3516178
0.3565945
0.3447605
0.36009103
0.3610588
0.36014783
0.3607468
0.37262914
0.33521047
0.33502012
0.33321828
0.34833428
0.3336634
0.3588978
0.34843796
0.35821792
0.35649
0.3743768
0.35667318
0.35721156
0.37425584
0.3440237
0.34531835
0.3315941
0.3587024
0.37348372
0.37183338
0.35848966
0.36304176
0.34839743
0.37600857
0.3599407
0.34141508
0.36860946
0.33426803
0.34703693
0.35248274
0.36455983
0.35108274
0.35497415
0.37664396
0.3775225
0.35861364
0.36444917
0.35566455
0.35824573
0.36946973
0.37425062
0.34229553
0.3666709
0.35294172
0.36117366
0.36098826
0.37780097
0.37522167
0.3547149
0.36679736
0.36004308
0.3784064
0.34788504
0.37330145
0.3659014
0.37286982
0.36620066
0.36387676
0.36660498
0.37860677
0.3638499
0.37959665
0.3511411
0.33761606
0.33509597
0.3651569
0.32927895
0.3339152
0.33177167
0.35509884
0.3725503
0.32875374
0.36429852
0.36351055
0.3587379
0.36348408
0.37560886
0.34163585
0.3822559
0.3354885
0.36285007
0.36780614
0.365262
0.38024515
0.31117547
0.3252521
0.35469368
0.370983
0.34048575
0.37132055
0.36294785
0.33442253
0.3410209
0.3565183
0.36814857
0.3789612
0.3423039
0.37051886
0.34662595
0.37662843
0.34987217
0.3457434
0.34777403
0.36476937
0.37083173
0.37408203
0.38294703
0.33086365
0.34867114
0.36714885
0.36660188
0.36874694
0.3766158
0.37846455
0.35737145
0.36455184
0.36820182
0.36419052
0.37954766
0.36893004
0.38171297
0.36368716
0.37299967
0.35438707
0.36414486
0.3738628
0.36648613
0.351865
0.3724591
0.38148287
0.3707712
0.38211557
0.3706746
0.38450375
0.34810022
0.3276749
0.35359153
0.35541752
0.35770944
0.36095175
0.3630238
0.36407617
0.37632817
0.3364352
0.36374664
0.34809896
0.36417907
0.3631062
0.34176818
0.35562155
0.37172687
0.3788427
0.3706017
0.3666866
0.34533527
0.37113005
0.37415782
0.3650365
0.3781863
0.37875965
0.36772054
0.35937202
0.38036647
0.36154062
0.37196934
0.3800928
0.38303256
0.37129575
0.3700393
0.38461754
0.3475452
0.3442766
0.36944932
0.37569603
0.37870267
0.3737234
0.3731659
0.38394454
0.38112488
0.38389152
0.38647956
0.3469614
0.3801394
0.36503255
0.36094606
0.38822064
0.38104874
0.35555243
0.36765906
0.37161025
0.38708106
0.36744696
0.35843968
0.38019288
0.3691429
0.38299793
0.38551253
0.3438966
0.36952227
0.3765377
0.3599822
0.3728029
0.38842756
0.34769252
0.36051482
0.38301486
0.38592342
0.36662322
0.37371475
0.35765928
0.36977848
0.3663543
0.36319402
0.37653726
0.36993027
0.3863171
0.374682
0.3746092
0.38943994
0.34598908
0.36018425
0.36846465
0.37608546
0.3594504
0.37571242
0.36303806
0.3775915
0.3737275
0.38010058
0.36016124
0.37238503
0.38366634
0.34488034
0.37936118
0.38451764
0.36166933
0.37348983
0.37299353
0.38547236
0.3779176
0.36375812
0.37511063
0.3849938
0.3748138
0.37613156
0.38793725
0.38596636
0.364814
0.37607038
0.38909182
0.3522663
0.3688374
0.3726482
0.38379768
0.38375488
0.36202452
0.37642324
0.37814212
0.3897701
0.33161116
0.36695948
0.36010182
0.37314323
0.37027794
0.38382474
0.35795996
0.36918756
0.38450006
0.366411
0.3579282
0.38358292
0.36758417
0.3717927
0.37013254
0.3679847
0.37533242
0.38678995
0.36080372
0.3771268
0.37159473
0.3771595
0.38732007
0.3650076
0.38340837
0.3846532
0.36415583
0.3485048
0.35307735
0.3712297
