0.1631015
0.1631015
0.1631015
0.1631015
0.1631015
0.1631015
0.1631015
0.24647135
0.2565244
0.2565244
0.30567595
0.30567595
0.30567595
0.30567595
0.30567595
0.31192178
0.31192178
0.31192178
0.31192178
0.31192178
0.31192178
0.31192178
0.31192178
0.312001
0.32076964
0.32076964
0.32076964
0.32076964
0.32076964
0.3305082
0.3305082
0.33694273
0.33694273
0.33694273
0.33694273
0.33694273
0.33694273
0.33694273
0.33694273
0.33694273
0.33694273
0.33694273
0.33694273
0.33694273
0.33694273
0.33694273
0.33694273
0.33694273
0.33694273
0.33694273
0.33694273
0.36799222
0.36799222
0.36799222
0.36799222
0.36799222
0.36799222
0.36799222
0.36799222
0.36799222
0.36799222
0.36799222
0.36799222
0.36799222
0.36799222
0.36799222
0.36799222
0.36799222
0.36799222
0.36799222
0.36799222
0.37967572
0.37967572
0.37967572
0.37967572
0.37967572
0.37967572
0.37967572
0.37967572
0.37967572
0.37967572
0.37967572
0.3848057
0.3848057
0.3848057
0.38573766
0.38573766
0.38573766
0.38573766
0.38573766
0.38573766
0.38573766
0.38573766
0.38573766
0.38573766
0.38573766
0.38573766
0.38573766
0.38573766
0.38573766
0.38573766
0.38573766
0.38573766
0.38573766
0.38573766
0.38573766
0.38573766
0.38573766
0.38573766
0.38573766
0.38573766
0.38573766
0.38573766
0.38573766
0.38573766
0.38573766
0.38573766
0.38573766
0.38736814
0.38736814
0.38736814
0.38736814
0.38736814
0.38736814
0.38736814
0.38736814
0.38736814
0.38736814
0.38736814
0.38736814
0.38736814
0.38736814
0.38736814
0.38736814
0.38736814
0.38736814
0.38736814
0.38736814
0.38736814
0.38736814
0.38736814
0.38736814
0.38736814
0.38736814
0.38736814
0.38736814
0.38736814
0.38736814
0.38736814
0.38736814
0.38736814
0.38736814
0.38736814
0.38736814
0.38736814
0.38736814
0.38736814
0.38736814
0.38736814
0.38736814
0.38736814
0.38736814
0.38736814
0.38736814
0.38736814
0.38736814
0.38736814
0.38736814
0.38736814
0.38736814
0.38736814
0.38736814
0.38736814
0.38736814
0.38736814
0.38736814
0.38736814
0.38736814
0.38736814
0.38736814
0.38736814
0.38736814
0.38736814
0.38736814
0.38767904
0.38767904
0.38767904
0.38767904
0.38767904
0.38767904
0.38767904
0.38767904
0.38767904
0.38767904
0.38767904
0.38767904
0.38767904
0.38767904
0.38767904
0.38767904
0.38767904
0.38767904
0.38767904
0.38767904
0.38767904
0.38955656
0.38955656
0.38955656
0.38955656
0.38955656
0.38955656
0.38955656
0.38955656
0.38955656
0.38955656
0.38955656
0.38955656
0.38955656
0.38955656
0.38955656
0.38955656
0.38955656
0.38955656
0.38955656
0.38955656
0.38955656
0.38955656
0.38955656
0.38955656
0.38955656
0.38955656
0.38955656
0.38955656
0.38955656
0.38955656
0.38955656
0.38955656
0.38955656
0.38955656
0.38955656
0.38955656
0.38955656
0.38955656
0.38955656
0.38955656
0.38955656
0.38955656
0.38955656
0.38955656
0.38955656
0.38955656
0.38955656
0.38955656
0.38955656
0.38955656
0.38955656
0.38955656
0.38955656
0.38955656
0.38955656
0.38955656
0.38955656
0.38955656
0.38955656
0.38955656
0.38955656
0.38955656
0.38955656
0.38955656
0.38955656
0.38955656
0.38955656
0.38955656
0.38955656
0.38955656
0.38955656
0.38955656
0.38955656
0.38955656
0.38955656
0.38955656
0.38955656
0.38955656
0.38955656
0.38955656
0.38955656
0.38955656
0.38955656
0.38955656
0.38955656
0.38955656
0.38955656
0.38955656
0.38955656
0.38955656
0.38955656
0.38955656
0.38955656
0.38955656
0.38955656
0.38955656
0.38955656
0.38955656
0.38955656
0.38955656
0.38955656
0.38955656
0.38955656
0.38955656
0.38955656
0.38955656
0.38955656
0.38955656
0.39197224
0.39197224
0.39197224
0.39197224
0.39197224
0.39197224
0.39197224
0.39197224
0.39197224
0.39197224
0.39197224
0.39197224
0.39197224
0.39197224
0.39197224
0.39197224
0.39197224
0.39197224
0.39197224
0.39197224
0.39197224
0.39197224
0.39197224
0.39197224
0.39197224
0.39197224
0.39197224
0.39197224
0.39197224
0.39197224
0.39197224
0.39197224
0.39197224
0.39197224
0.39197224
0.39197224
0.39197224
0.39197224
0.39197224
0.39197224
0.39197224
0.39197224
0.39197224
0.39197224
0.39197224
0.39197224
0.39197224
0.39197224
0.39197224
0.39197224
0.39197224
0.39197224
0.39197224
0.39197224
0.39197224
0.39197224
0.39197224
0.39197224
0.39197224
0.39197224
0.39197224
0.39197224
0.39197224
0.39197224
0.39197224
0.39197224
0.39197224
0.39197224
0.39197224
0.39197224
0.39197224
0.39197224
0.39197224
0.39197224
0.39197224
0.39197224
0.39197224
0.39197224
0.39197224
0.39197224
0.39197224
0.39197224
0.39197224
0.39197224
0.39197224
0.39197224
0.39197224
0.39200464
0.39200464
0.39200464
0.39200464
0.39200464
0.39200464
0.39200464
0.39473465
0.39473465
0.39473465
0.39473465
0.39473465
0.39473465
0.39473465
0.39473465
0.39473465
0.39473465
0.39473465
0.39473465
0.39473465
0.39473465
0.39473465
0.39473465
0.39473465
0.39473465
0.39473465
0.39473465
0.39473465
0.39473465
0.39473465
0.39473465
0.39473465
0.39473465
0.39473465
0.39473465
0.39473465
0.39473465
0.39473465
0.39473465
0.39473465
0.39473465
0.39473465
0.39473465
0.39473465
0.39473465
0.39473465
0.39473465
0.39473465
0.39473465
0.39473465
0.39473465
0.39473465
0.39473465
0.39473465
0.39473465
0.39473465
0.39473465
0.39473465
0.39473465
0.39473465
0.39473465
0.39473465
0.39473465
0.39473465
0.39473465
0.39473465
0.39473465
0.39473465
0.39473465
0.39473465
0.39473465
0.39473465
0.39473465
0.39473465
0.39473465
0.39473465
0.39473465
0.39473465
0.39473465
0.39473465
0.39473465
0.39473465
0.39473465
0.39473465
0.39473465
0.39473465
0.39473465
0.39473465
0.39473465
0.39473465
0.39473465
0.39473465
0.39473465
0.39473465
0.39473465
0.39473465
0.39473465
0.39473465
0.39473465
0.39473465
0.39473465
