1.3300594
0.06650297
0.09621698
0.1327602
0.17383958
0.22830477
0.24518108
0.2689345
0.25961557
0.29186335
0.26019678
0.28436
0.30386606
0.2962402
0.29650825
0.30705732
0.3094452
0.31842008
0.31033427
0.30119014
0.31336752
0.3295732
0.30262846
0.32047087
0.31175923
0.3097766
0.3156651
0.30745682
0.32277924
0.31871444
0.31817728
0.33119884
0.34136167
0.34017342
0.32144615
0.33323565
0.33295465
0.32381266
0.34711486
0.3344008
0.33830768
0.3261145
0.33870196
0.3376979
0.3446009
0.34158868
0.339916
0.35151935
0.3351639
0.3389643
0.31128523
0.34078556
0.3426865
0.3547222
0.3118077
0.3221323
0.33542308
0.293606
0.33769464
0.34105217
0.35436743
0.31779718
0.32743695
0.3429404
0.3545178
0.35502973
0.35487306
0.3541208
0.34564298
0.3576506
0.33801657
0.3382784
0.3358746
0.34307262
0.35567173
0.34678352
0.3514828
0.35814404
0.3330246
0.3424396
0.34870058
0.32582864
0.3194885
0.3614745
0.28087384
0.30475304
0.3296898
0.31513482
0.3329265
0.34268132
0.32659227
0.3406203
0.34297043
0.3477657
0.35330194
0.3588019
0.35934788
0.36382988
0.30598986
0.32458487
0.33483836
0.319003
0.34348157
0.32869643
0.35798025
0.33037192
0.36236852
0.34679186
0.3250433
0.35631722
0.3402409
0.36857656
0.3293808
0.3419546
0.34633708
0.33366108
0.34360513
0.3327538
0.3720755
0.31249002
0.33536285
0.3406414
0.3565526
0.3419004
0.3571427
0.35100585
0.36834416
0.3675156
0.37097007
0.34494013
0.37061673
0.35083622
0.34950265
0.38126436
0.36056572
0.36216795
0.37453
0.36216336
0.38031998
0.3694375
0.372019
0.3606921
0.37515095
0.36202917
0.37989563
0.3735814
0.39060923
0.37529132
0.36492607
0.37186918
0.3724164
0.3628213
0.3781152
0.36365837
0.39123115
0.3357136
0.38201743
0.37104598
0.38734397
0.38041726
0.37594953
0.38091236
0.39413312
0.30847806
0.36298952
0.37090686
0.38440743
0.36517113
0.38560963
0.39346355
0.3663265
0.38997263
0.38030803
0.37988222
0.3959276
0.38229507
0.39941943
0.3258651
0.34100324
0.34109977
0.3458974
0.35103735
0.35448962
0.3453507
0.33720934
0.36766595
0.36201054
0.3787545
0.3833095
0.36743563
0.37183014
0.38223284
0.3875506
0.3757563
0.38029033
0.38285378
0.39475927
0.35261872
0.3629536
0.36736655
0.37822312
0.3945493
0.3982064
0.37584192
0.3918393
0.38211197
0.38095254
0.37911528
0.38363737
0.3843818
0.39798623
0.38214943
0.40001115
0.37162423
0.35108042
0.38552755
0.3787252
0.39623392
0.3752737
0.386957
0.3848682
0.3911577
0.3700242
0.36947122
0.3807773
0.3691073
0.39692536
0.3833837
0.38100865
0.39755222
0.38526347
0.37287876
0.39987105
0.40251192
0.31117588
0.3746137
0.33402088
0.36368456
0.37548098
0.37698725
0.39568686
0.39068797
0.3869307
0.3814797
0.37895426
0.34781373
0.373899
0.3781444
0.35588768
0.39342207
0.3901068
0.39180738
0.3987886
0.3828001
0.3898348
0.38653702
0.3882286
0.40029278
0.3819576
0.3485478
0.3862656
0.38289028
0.39498115
0.39909428
0.38280803
0.37923533
0.3766644
0.3876938
0.3835703
0.37435955
0.38956955
0.3863288
0.38528848
0.3988939
0.3769385
0.38611147
0.3744327
0.38530713
0.3781158
0.40268987
0.3641352
0.39352575
0.37413082
0.3831486
0.39921406
0.3896246
0.3735617
0.39530307
0.38112405
0.3813432
0.38093135
0.39326793
0.39997134
0.39621347
0.390142
0.39075476
0.39908278
0.39763886
0.40090108
0.40312243
0.3792649
0.3635974
0.39591935
0.37652305
0.37346476
0.38717192
0.36338788
0.36140978
0.38441196
0.38438228
0.39919987
0.3742394
0.36939484
0.3837645
0.37520522
0.38015348
0.3985179
0.38708538
0.3818906
0.36203527
0.38722414
0.37281194
0.37963095
0.38551491
0.39641124
0.3953508
0.38602802
0.38075078
0.3833652
0.39496392
0.4016474
0.40154982
0.40369278
0.3729542
0.38450444
0.39036027
0.3860566
0.37714234
0.39668292
0.38718918
0.39123762
0.38426358
0.38247123
0.3811964
0.38895968
0.39847642
0.38540903
0.40002698
0.38440716
0.39670298
0.36089104
0.39150444
0.38737926
0.3903833
0.39385432
0.399305
0.4013669
0.38868028
0.39697897
0.40557623
0.35377848
0.38008153
0.3720266
0.39237937
0.37899816
0.35494637
0.36909646
0.38250977
0.39012632
0.38524255
0.39867216
0.39723235
0.38028938
0.36514038
0.39830878
0.3862253
0.40149003
0.3737718
0.38649768
0.38067743
0.39453685
0.39515218
0.4019608
0.3742053
0.3834734
0.3907481
0.37036374
0.4001144
0.39034155
0.40175086
0.40408963
0.39482996
0.37382546
0.3872857
0.40229884
0.37742105
0.3847279
0.40355697
0.384941
0.38847703
0.39760223
0.38529688
0.38742357
0.38881606
0.40162858
0.39594606
0.39254114
0.39150435
0.38758618
0.39428487
0.39506486
0.39643407
0.40438858
0.40092343
0.4035
0.39544523
0.40743175
0.37559098
0.3644691
0.37543073
0.37731233
0.38549522
0.40259546
0.36259454
0.3825888
0.36051366
0.3578862
0.38922346
0.3948411
0.38437068
0.37819463
0.37930983
0.40176114
0.3732884
0.3875781
0.40414023
0.39211673
0.40488657
0.39633644
0.38945973
0.39665213
0.37761384
0.3881397
0.38774398
0.40324196
0.40849406
0.34018463
0.35181722
0.3608002
0.3437703
0.3569217
0.37757337
0.3507948
0.36804911
0.35862672
0.38636997
0.37679857
0.36108404
0.37787914
0.38441163
0.39071256
0.39570898
0.38357735
0.39198217
0.39274773
0.39235482
0.38507274
0.38978446
0.38906357
0.39061484
0.3894777
0.403812
0.3350326
0.33004573
0.37274545
0.38838065
0.38169283
0.38925788
0.3981936
0.37740615
0.36742324
0.36853755
0.38438964
0.38703236
0.39398232
0.3826223
0.38861018
0.4003516
0.3526731
0.3397456
0.3482212
0.3789797
0.35510832
0.38297307
0.37689614
0.38376105
0.38906866
0.39931482
0.40480608
0.37052828
0.36828154
0.38636494
0.36771446
0.37285155
0.37967932
0.3797471
0.40005368
0.39011154
0.37108237
0.36742064
0.3780803
0.37776825
0.38178793
0.38538408
0.38086575
0.39539558
0.4005434
0.40612444
0.38037854
0.3890521
0.3872501
0.37323394
0.37302804
0.38337463
0.39317945
0.40027755
0.38396263
0.37772316
0.40766373
0.4021697
0.3696089
0.39206144
0.40345708
0.4049293
0.37015897
0.39282933
0.36439374
0.39626274
0.38906765
0.39291945
0.40584302
0.39580074
0.4081741
0.39596912
0.39799404
0.40418282
0.40768352
0.39505458
0.392285
0.4045376
0.38845986
0.40426737
0.3803835
0.3821153
0.39510524
0.4078141
0.3962887
0.40979904
0.34476358
0.3948255
0.3476134
0.39263833
0.38748044
0.38914102
0.4034237
0.3859802
0.39181215
0.39734173
0.40969124
0.38643494
0.37480038
0.39517686
0.38323528
0.39395943
0.3904533
0.39381677
0.39760774
0.40693521
0.36942625
0.39243668
0.3790111
0.37971947
0.40505806
0.39135867
0.4083875
0.38977116
0.39838713
0.39106146
0.38781542
0.40354767
0.3887816
0.39203995
0.37831137
0.39387518
0.39478844
0.39318123
0.39299542
0.4101662
0.37013736
0.37353182
0.38820642
0.3763328
0.3928526
0.3964339
0.3830123
0.38858554
0.39823118
0.38330412
0.39917704
0.40365356
0.4042941
0.37686825
0.37261885
0.37844044
0.3859894
0.40527186
0.39994615
0.3890403
0.40547046
0.3810635
0.40504465
0.37876073
0.3915609
0.39329273
0.4010343
0.3950647
0.38822007
0.4015091
0.40019292
0.40347236
0.402673
0.3889712
0.3968355
0.40024608
0.3904383
0.39434507
0.40815488
0.3606318
0.3885677
0.37455234
0.39919204
0.39602232
0.37634835
0.37510931
0.39290065
0.39974886
0.40352187
0.39447394
0.4005476
0.38842255
0.36602423
0.38293606
0.3887522
0.40761882
0.4032193
0.39047155
0.39778724
0.39124888
0.41074643
0.35582063
0.37472084
0.38587305
0.39597648
0.3933628
0.39376882
0.39553306
0.39378306
0.40647322
0.38076955
0.37843636
0.40608343
0.3789684
0.38170004
0.3821367
0.38948563
0.40352362
0.39016744
0.37863946
0.41022784
0.39746708
0.39860967
0.38627127
0.41043067
0.38362783
0.4057068
0.39043754
0.40622377
0.3797331
0.38476068
0.3790782
0.40200895
0.3955649
0.41051197
0.39466292
0.40192598
0.37552506
0.40811977
0.39657697
0.39894098
0.39649206
0.39943388
0.40673032
0.38518733
0.39885533
0.41019583
0.38590914
0.40484175
0.39569288
0.41160995
0.34832156
0.3681735
0.38991696
0.37989238
0.3854042
0.40237957
0.33021384
0.3812224
0.38599932
0.3798311
0.38068882
0.38769013
0.39975938
0.40033144
0.401833
0.39231604
0.38677743
0.38228557
0.40237242
0.37929362
0.40634507
0.34817517
0.37041685
0.37118566
0.38422698
0.3681106
0.3945153
0.3382849
0.3824338
0.386113
0.39949122
0.36450377
0.38552496
0.39673254
0.373967
0.3827978
0.3692506
0.40390596
0.3863838
0.38337418
0.37882048
0.40743876
0.3729609
0.40121508
0.4022233
0.38292345
0.40044674
0.40585375
0.401159
0.40057683
0.40876478
0.3955184
0.39458087
0.40036544
0.4081429
0.39303726
0.39218864
0.4046418
0.4059597
0.41081673
0.39214253
0.3907
0.39238027
0.3857502
0.39537182
0.39433718
0.40492916
0.37685502
0.38705772
0.38507253
0.40580702
0.36728793
0.37733477
0.39122108
0.40118566
0.40435496
0.40619317
0.40028104
0.40349466
0.40341887
0.40361324
0.4067881
0.40088406
0.40387076
0.3972781
0.40428764
0.41110477
0.38261086
0.3760274
0.36915404
0.39195305
0.3800529
0.38695875
0.38714033
0.3988738
0.403495
0.4060042
0.40369385
0.40002665
0.39128962
0.40568024
0.39804667
0.41069373
0.37526974
0.38235193
0.4041961
0.40457845
0.39195424
0.38183513
0.39046982
0.36784425
0.40269122
0.3952927
0.39810008
0.39809138
0.39623597
0.40457782
0.4007915
0.4081669
0.40181717
0.3933463
0.39849773
0.3989121
0.3963627
0.38020322
0.38158736
0.40395793
0.39652938
0.39578414
0.40807924
0.39398056
0.41108847
0.38781327
0.40227613
0.40797177
0.39530033
0.40460005
0.40026826
0.39653078
0.39888567
0.3856268
0.39175066
0.38439482
0.38968536
0.37103677
0.39428696
0.3950128
0.38901275
0.39469048
0.40722972
0.40693527
0.38390675
0.40759888
0.4056447
0.39595675
0.39348966
0.4078032
0.38869613
0.4011988
0.40994167
0.4006022
0.41159993
0.36656222
0.38486904
0.38795787
0.40284428
0.3920059
0.39292222
0.39722294
0.39294252
0.40333113
0.40998283
0.38150102
0.40609568
0.38348958
0.39205974
0.39098558
0.39399257
0.39708248
0.39879605
0.38052544
0.37992278
0.39336976
0.40477005
0.40814242
0.39007005
0.38691276
0.402682
0.39452726
0.38753092
0.40325445
0.41161752
0.4072186
0.3802036
0.39696997
0.39370632
0.41117033
0.39369428
0.3961217
0.39437813
0.3991919
0.4094267
0.4044922
0.40427247
0.40772772
0.40667516
0.38186306
0.40533772
0.40469843
0.41151685
0.4111479
0.40834707
0.3991841
0.40825716
0.41227508
0.32410005
0.34412813
0.36595327
0.37081695
0.36082277
0.38132745
0.36168593
0.37357432
0.37705898
0.3855393
0.4018646
0.36986342
0.37698692
0.38822097
0.38795558
0.39393878
0.39338133
0.3963926
0.3903194
0.39800414
0.4048966
0.33107853
0.39698082
0.35878083
0.38269398
0.38224906
0.39354488
0.3822448
0.40385866
0.38150325
0.3763711
0.39302796
0.38371354
0.39698654
0.40050882
0.40501833
0.40363604
0.4059495
0.38698432
0.38483757
0.40804356
0.36295557
0.37009853
0.38178486
0.38548675
0.37538868
0.37813824
0.40181327
0.38484147
0.3604688
0.37572798
0.3745196
0.3968591
0.39948374
0.3837655
0.3855905
0.3925113
0.4069963
0.40265018
0.3789495
0.3909554
0.39759523
0.3974096
0.3903531
0.39410096
0.40319285
0.4045751
0.3979414
0.38671765
0.3912775
0.3961495
0.3979314
0.3848673
0.3954678
0.37763283
0.40232348
0.40493017
0.39068466
