0.25784028
0.25784028
0.31141433
0.31141433
0.32302883
0.3427659
0.3427659
0.37653533
0.37653533
0.37653533
0.37653533
0.37653533
0.37653533
0.37653533
0.37653533
0.37653533
0.37653533
0.37653533
0.37653533
0.37653533
0.37653533
0.37653533
0.38131642
0.38387188
0.38387188
0.38387188
0.38387188
0.38387188
0.38387188
0.38387188
0.38387188
0.38387188
0.38387188
0.38387188
0.38387188
0.38387188
0.38855323
0.38855323
0.38867345
0.38867345
0.38867345
0.38867345
0.38867345
0.38867345
0.38867345
0.38867345
0.38867345
0.38867345
0.38867345
0.38867345
0.38867345
0.38867345
0.38867345
0.38867345
0.38867345
0.38867345
0.38867345
0.38867345
0.38867345
0.38867345
0.38867345
0.38867345
0.38867345
0.38867345
0.38867345
0.38867345
0.38867345
0.38867345
0.3906333
0.3906333
0.3906333
0.3906333
0.3906333
0.3906333
0.3906333
0.3906333
0.3906333
0.3906333
0.3906333
0.3906333
0.3906333
0.3906333
0.3906333
0.3906333
0.3906333
0.3906333
0.3906333
0.3906333
0.3906333
0.3906333
0.3906333
0.3906333
0.3906333
0.3906333
0.3906333
0.3906333
0.3906333
0.3906333
0.3906333
0.3906333
0.3906333
0.3906333
0.3906333
0.3906333
0.3906333
0.3906333
0.3906333
0.3906333
0.3906333
0.3906333
0.3906333
0.392255
0.392255
0.392255
0.392255
0.392255
0.392255
0.392255
0.392255
0.392255
0.392255
0.392255
0.392255
0.392255
0.392255
0.392255
0.392255
0.392255
0.392255
0.392255
0.392255
0.392255
0.3923867
0.3923867
0.3923867
0.3923867
0.3923867
0.3923867
0.3923867
0.3923867
0.3923867
0.3923867
0.3923867
0.3923867
0.3923867
0.3923867
0.3923867
0.3923867
0.3923867
0.3923867
0.3923867
0.3923867
0.3923867
0.3923867
0.3923867
0.3923867
0.3923867
0.3923867
0.3923867
0.3923867
0.3923867
0.3923867
0.3923867
0.3923867
0.3923867
0.3923867
0.3923867
0.3923867
0.3923867
0.3923867
0.3923867
0.3923867
0.3923867
0.3923867
0.3923867
0.3923867
0.3923867
0.3923867
0.3923867
0.3923867
0.3923867
0.3923867
0.3923867
0.3923867
0.3923867
0.3923867
0.3923867
0.3923867
0.3923867
0.3923867
0.3923867
0.3923867
0.3923867
0.3923867
0.3923867
0.3923867
0.3923867
0.39291933
0.3970439
0.3970439
0.3970439
0.3970439
0.3970439
0.3970439
0.3970439
0.3970439
0.3970439
0.3970439
0.3970439
0.3970439
0.3970439
0.3970439
0.3970439
0.3970439
0.3970439
0.40049532
0.40049532
0.40061036
0.40061036
0.40061036
0.40061036
0.40061036
0.40061036
0.40061036
0.40061036
0.40061036
0.40061036
0.40061036
0.40061036
0.40061036
0.40061036
0.40061036
0.40061036
0.40061036
0.40061036
0.40061036
0.40061036
0.40061036
0.40061036
0.40061036
0.40061036
0.40061036
0.40061036
0.40061036
0.40061036
0.40061036
0.40061036
0.40061036
0.40061036
0.40061036
0.40061036
0.40061036
0.40061036
0.40061036
0.40061036
0.40061036
0.40061036
0.40061036
0.40061036
0.40061036
0.40061036
0.40061036
0.40061036
0.40061036
0.40061036
0.40061036
0.40061036
0.40061036
0.40061036
0.40061036
0.40061036
0.40061036
0.40061036
0.40061036
0.40061036
0.40061036
0.40061036
0.40061036
0.40061036
0.40061036
0.40061036
0.40061036
0.40061036
0.40061036
0.40061036
0.40061036
0.40302932
0.40302932
0.40302932
0.40302932
0.40302932
0.40302932
0.40302932
0.40302932
0.40302932
0.40302932
0.40302932
0.40302932
0.40302932
0.40302932
0.40302932
0.40302932
0.40302932
0.40302932
0.40302932
0.40302932
0.40302932
0.40302932
0.40302932
0.40302932
0.40302932
0.40302932
0.40302932
0.40302932
0.40302932
0.40302932
0.40302932
0.40302932
0.40302932
0.40302932
0.40302932
0.40302932
0.40302932
0.40302932
0.40302932
0.40302932
0.40302932
0.40302932
0.40302932
0.40302932
0.40302932
0.40302932
0.40302932
0.40302932
0.40302932
0.40302932
0.40302932
0.40302932
0.40302932
0.40302932
0.40302932
0.40302932
0.40302932
0.40302932
0.40302932
0.40302932
0.40302932
0.40302932
0.40302932
0.40302932
0.40302932
0.40302932
0.40302932
0.40302932
0.40302932
0.40302932
0.40302932
0.40302932
0.40302932
0.40302932
0.40302932
0.40302932
0.40302932
0.40302932
0.40302932
0.40302932
0.40302932
0.40302932
0.40302932
0.40302932
0.40302932
0.40302932
0.40302932
0.40302932
0.40302932
0.40302932
0.40302932
0.40302932
0.40302932
0.40302932
0.40302932
0.40302932
0.40302932
0.40302932
0.40302932
0.40302932
0.40302932
0.40302932
0.40302932
0.40302932
0.40302932
0.40302932
0.40302932
0.40302932
0.40302932
0.40302932
0.40302932
0.40302932
0.40302932
0.40302932
0.40302932
0.40302932
0.40302932
0.40302932
0.40302932
0.40302932
0.40302932
0.40302932
0.40302932
0.40302932
0.40302932
0.40302932
0.40302932
0.40302932
0.40302932
0.40302932
0.40302932
0.40302932
0.40302932
0.40302932
0.40302932
0.40302932
0.40302932
0.40302932
0.40302932
0.40302932
0.40302932
0.40302932
0.40302932
0.40302932
0.40302932
0.40302932
0.40302932
0.40302932
0.40302932
0.40302932
0.40302932
0.40302932
0.40302932
0.40302932
0.40302932
0.40302932
0.40302932
0.40302932
0.40302932
0.40302932
0.40302932
0.40302932
0.40302932
0.40302932
0.40302932
0.40302932
0.40302932
0.40302932
0.40302932
0.40302932
0.40302932
0.40302932
0.40302932
0.40302932
0.40302932
0.40302932
0.40302932
0.40302932
0.40302932
0.40302932
0.40302932
0.40302932
0.40302932
0.40302932
0.40302932
0.40302932
0.40302932
0.40302932
0.40302932
0.40302932
0.40302932
0.40302932
0.40302932
0.40302932
0.40302932
0.40302932
0.40302932
0.40302932
0.40302932
0.40302932
0.40302932
0.40302932
0.40302932
0.40302932
0.40302932
0.40302932
0.40302932
0.40302932
0.40302932
0.40302932
0.40302932
0.40302932
0.40302932
0.40302932
0.40302932
