0.17803766
0.17803766
0.21032049
0.2255113
0.2255113
0.2255113
0.2255113
0.2255113
0.22959173
0.23094337
0.23094337
0.23094337
0.23094337
0.30396798
0.30396798
0.3213808
0.3213808
0.3213808
0.32139933
0.32139933
0.3306011
0.3306011
0.3359435
0.3359435
0.3359435
0.3359435
0.3359435
0.3359435
0.3359435
0.3359435
0.3359435
0.34145904
0.34145904
0.34145904
0.34145904
0.34145904
0.34145904
0.34145904
0.34145904
0.34145904
0.34145904
0.34145904
0.34145904
0.34145904
0.34145904
0.34145904
0.34145904
0.34145904
0.34145904
0.34145904
0.34145904
0.34145904
0.34149143
0.34149143
0.34149143
0.34149143
0.34149143
0.36163053
0.36163053
0.36163053
0.36163053
0.36163053
0.36163053
0.36163053
0.36163053
0.36163053
0.36163053
0.36163053
0.36163053
0.36163053
0.36163053
0.36261925
0.36508524
0.36508524
0.36508524
0.36508524
0.36508524
0.36508524
0.36508524
0.37180257
0.37180257
0.37180257
0.37180257
0.37180257
0.37180257
0.37180257
0.37180257
0.37180257
0.37180257
0.37180257
0.37180257
0.37180257
0.37180257
0.37180257
0.37180257
0.37180257
0.37180257
0.37180257
0.37180257
0.37180257
0.37180257
0.37180257
0.37180257
0.37180257
0.37180257
0.37180257
0.37180257
0.37221804
0.37221804
0.37221804
0.37221804
0.37221804
0.37221804
0.37221804
0.37234402
0.37234402
0.37234402
0.37234402
0.37234402
0.37234402
0.37234402
0.37753665
0.37753665
0.37753665
0.37753665
0.37753665
0.37753665
0.37753665
0.37753665
0.37753665
0.37753665
0.37753665
0.37753665
0.37753665
0.37753665
0.37753665
0.37753665
0.37753665
0.37753665
0.37753665
0.37753665
0.37753665
0.37753665
0.37753665
0.3794221
0.3794221
0.3794221
0.3794221
0.3794221
0.3794221
0.3794221
0.3794221
0.3794221
0.3794221
0.3794221
0.3794221
0.3794221
0.3794221
0.3794221
0.3794221
0.3794221
0.3794221
0.3794221
0.3794221
0.3794221
0.3794221
0.3794221
0.3794221
0.3794221
0.3794221
0.3794221
0.3794221
0.3794221
0.3794221
0.3794221
0.3794221
0.3794221
0.3794221
0.3794221
0.3794221
0.3794221
0.3794221
0.3794221
0.3794221
0.3794221
0.3794221
0.3794221
0.3794221
0.3794221
0.3794221
0.3794221
0.3794221
0.3794221
0.3794221
0.3794221
0.3794221
0.3794221
0.3794221
0.3794221
0.3794221
0.3794221
0.3794221
0.3794221
0.3794221
0.37951317
0.37951317
0.37951317
0.37951317
0.37951317
0.37951317
0.37951317
0.37951317
0.37951317
0.37951317
0.37951317
0.37951317
0.37951317
0.37951317
0.37951317
0.37951317
0.37951317
0.37951317
0.37951317
0.37951317
0.37951317
0.37951317
0.37951317
0.37951317
0.37951317
0.37951317
0.37951317
0.37951317
0.37971154
0.37971154
0.37971154
0.37971154
0.37971154
0.3837533
0.3837533
0.3837533
0.3837533
0.3837533
0.3837533
0.3837533
0.3837533
0.3837533
0.3837533
0.3837533
0.3837533
0.3837533
0.3837533
0.3837533
0.3837533
0.3837533
0.3837533
0.3837533
0.3837533
0.3837533
0.3837533
0.3837533
0.3837533
0.3837533
0.3837533
0.3837533
0.3837533
0.3837533
0.3837533
0.3837533
0.3837533
0.3837533
0.3837533
0.3837533
0.3837533
0.3857564
0.3857564
0.3857564
0.3857564
0.3857564
0.3857564
0.3857564
0.3857564
0.3857564
0.3857564
0.3857564
0.3857564
0.3857564
0.3857564
0.3857564
0.3857564
0.3857564
0.3857564
0.3857564
0.3857564
0.3857564
0.3857564
0.3857564
0.3857564
0.3857564
0.3857564
0.38951346
0.38951346
0.38951346
0.38951346
0.38951346
0.38951346
0.38951346
0.38951346
0.38951346
0.38951346
0.38951346
0.38951346
0.38951346
0.38951346
0.38951346
0.38951346
0.38951346
0.38951346
0.38951346
0.38951346
0.38951346
0.38951346
0.38951346
0.38951346
0.38951346
0.38951346
0.38951346
0.38951346
0.38951346
0.38951346
0.38951346
0.38951346
0.38951346
0.38951346
0.38951346
0.38951346
0.38951346
0.38951346
0.38951346
0.38951346
0.38951346
0.38951346
0.38951346
0.38951346
0.38951346
0.38951346
0.38951346
0.38951346
0.38951346
0.38951346
0.38951346
0.38951346
0.38951346
0.38951346
0.38951346
0.38951346
0.38951346
0.38951346
0.38951346
0.38951346
0.38951346
0.38951346
0.39011157
0.39011157
0.39011157
0.39011157
0.39011157
0.39011157
0.39011157
0.39011157
0.39011157
0.39011157
0.39011157
0.39011157
0.39011157
0.39011157
0.39011157
0.39011157
0.39011157
0.39011157
0.39011157
0.39011157
0.39011157
0.39011157
0.39011157
0.39011157
0.39011157
0.39011157
0.39011157
0.39011157
0.39011157
0.39011157
0.39011157
0.39011157
0.3907563
0.3907563
0.39271706
0.39271706
0.39271706
0.39271706
0.39271706
0.39271706
0.39271706
0.39271706
0.39271706
0.39271706
0.39271706
0.39271706
0.39271706
0.39271706
0.39271706
0.39271706
0.39271706
0.39271706
0.39271706
0.39271706
0.39271706
0.39271706
0.39271706
0.39271706
0.39271706
0.39271706
0.39271706
0.39271706
0.39271706
0.39271706
0.39271706
0.39271706
0.39271706
0.39271706
0.39271706
0.39271706
0.39271706
0.39271706
0.39271706
0.39271706
0.39271706
0.39271706
0.39271706
0.39271706
0.39271706
0.39271706
0.39271706
0.39271706
0.39271706
0.39271706
0.3929181
0.3929181
0.3929181
0.3929181
0.3929181
0.3929181
0.3929181
0.3929181
0.3929181
0.3929181
0.3929181
0.3929181
0.3929181
0.3929181
0.3929181
0.3929181
0.3929181
0.3929181
0.3929181
0.3929181
0.3929181
0.3929181
0.3929181
0.3929181
0.3929181
0.3929181
0.3929181
0.3929181
0.39447367
0.39447367
0.39447367
0.39447367
0.39447367
0.39447367
0.39447367
0.39447367
0.39447367
0.39447367
0.39447367
0.39447367
0.39447367
0.39447367
0.39447367
0.39447367
0.39447367
0.39447367
0.39447367
0.39447367
0.39447367
0.39447367
0.39447367
0.39447367
0.39447367
0.39447367
0.39447367
0.39447367
