0.24749455
0.24913575
0.24913575
0.29624966
0.33093187
0.33093187
0.33093187
0.35302994
0.35302994
0.354501
0.354501
0.354501
0.35748792
0.35748792
0.35748792
0.35748792
0.35748792
0.35748792
0.35748792
0.35748792
0.35748792
0.3575677
0.3575677
0.3575677
0.3575677
0.3575677
0.3575677
0.3575677
0.3575677
0.3575677
0.3575677
0.3575677
0.3575677
0.3575677
0.3575677
0.3575677
0.3575677
0.3575677
0.3575677
0.3575677
0.3575677
0.3590531
0.3590531
0.3590531
0.3590531
0.3590531
0.3590531
0.3590531
0.3590531
0.3590531
0.36605924
0.36605924
0.36605924
0.36605924
0.36605924
0.36605924
0.36605924
0.36605924
0.36605924
0.36605924
0.36605924
0.36605924
0.36605924
0.36605924
0.36605924
0.36605924
0.36657122
0.36657122
0.36657122
0.36657122
0.36657122
0.36657122
0.36657122
0.36657122
0.36657122
0.36657122
0.36657122
0.37130257
0.37130257
0.37130257
0.37130257
0.37130257
0.39172453
0.39172453
0.39172453
0.39172453
0.39172453
0.39172453
0.39172453
0.39172453
0.39172453
0.39172453
0.39172453
0.39172453
0.39172453
0.39172453
0.39172453
0.39172453
0.39172453
0.39172453
0.39172453
0.39172453
0.39172453
0.39172453
0.39172453
0.39172453
0.39172453
0.39172453
0.39172453
0.39172453
0.39172453
0.39172453
0.3969636
0.3969636
0.3969636
0.3969636
0.3969636
0.3969636
0.40284663
0.40284663
0.40284663
0.40284663
0.40284663
0.40284663
0.40284663
0.40284663
0.40284663
0.40284663
0.40284663
0.40284663
0.40284663
0.40284663
0.40284663
0.40284663
0.40284663
0.40284663
0.40284663
0.40284663
0.40284663
0.40284663
0.40284663
0.40284663
0.40284663
0.40284663
0.40284663
0.40284663
0.4030576
0.4030576
0.4030576
0.4030576
0.4030576
0.4030576
0.4030576
0.4030576
0.4030576
0.4030576
0.4030576
0.4030576
0.4030576
0.4030576
0.4030576
0.4030576
0.4030576
0.4030576
0.4030576
0.4030576
0.4030576
0.4030576
0.40337235
0.40337235
0.40337235
0.40337235
0.40337235
0.40337235
0.40337235
0.40507174
0.40507174
0.40507174
0.40507174
0.40507174
0.40507174
0.40507174
0.40507174
0.40507174
0.40507174
0.40507174
0.40797594
0.40797594
0.40797594
0.40797594
0.40797594
0.40797594
0.40797594
0.40797594
0.40797594
0.40797594
0.40797594
0.40797594
0.40797594
0.40797594
0.40797594
0.40797594
0.40797594
0.40803978
0.40803978
0.40803978
0.40803978
0.40803978
0.40803978
0.40803978
0.40803978
0.40803978
0.40803978
0.40803978
0.40803978
0.40803978
0.40803978
0.40803978
0.40803978
0.40803978
0.40803978
0.40803978
0.40803978
0.40803978
0.40803978
0.40803978
0.40803978
0.40803978
0.40803978
0.40803978
0.40803978
0.40803978
0.40803978
0.40803978
0.40803978
0.40803978
0.40803978
0.40803978
0.40803978
0.40803978
0.40803978
0.40803978
0.40803978
0.40803978
0.40803978
0.40803978
0.40803978
0.40803978
0.40803978
0.40803978
0.40803978
0.40803978
0.40803978
0.40803978
0.40803978
0.40803978
0.40803978
0.40803978
0.40803978
0.40803978
0.40803978
0.40803978
0.40803978
0.40803978
0.40803978
0.40803978
0.40803978
0.40803978
0.40803978
0.40803978
0.40803978
0.40803978
0.40803978
0.40803978
0.40803978
0.40803978
0.40803978
0.40803978
0.40803978
0.40803978
0.40803978
0.40803978
0.40803978
0.40803978
0.40803978
0.40803978
0.40803978
0.40803978
0.40803978
0.40803978
0.40803978
0.40803978
0.40803978
0.40803978
0.40803978
0.40803978
0.40803978
0.40844098
0.40844098
0.40844098
0.40844098
0.40844098
0.40844098
0.40844098
0.40844098
0.40844098
0.40844098
0.40844098
0.40844098
0.40844098
0.40844098
0.40844098
0.40844098
0.40844098
0.40844098
0.40844098
0.40844098
0.40844098
0.40844098
0.40844098
0.40844098
0.40844098
0.40844098
0.40844098
0.40844098
0.40844098
0.40844098
0.40844098
0.40844098
0.40844098
0.40844098
0.40844098
0.40844098
0.40844098
0.40844098
0.40844098
0.40844098
0.40844098
0.40844098
0.40844098
0.40844098
0.40844098
0.40844098
0.40844098
0.40844098
0.40844098
0.40887818
0.40887818
0.40887818
0.40887818
0.40887818
0.40997678
0.40997678
0.40997678
0.40997678
0.40997678
0.40997678
0.40997678
0.40997678
0.40997678
0.4106644
0.4106644
0.4106644
0.4106644
0.4106644
0.4106644
0.4106644
0.4106644
0.4106644
0.4106644
0.4106644
0.4106644
0.4106644
0.4106644
0.4106644
0.4106644
0.4106644
0.4106644
0.4106644
0.4106644
0.4106644
0.4106644
0.4106644
0.4106644
0.4106644
0.4106644
0.4106644
0.4106644
0.4106644
0.4106644
0.4106644
0.4106644
0.4106644
0.4106644
0.4106644
0.4106644
0.4106644
0.4106644
0.4106644
0.4106644
0.4106644
0.4106644
0.4106644
0.4106644
0.4106644
0.4106644
0.4106644
0.4106644
0.4106644
0.4106644
0.4106644
0.4106644
0.4106644
0.4106644
0.4106644
0.4106644
0.4106644
0.4106644
0.4106644
0.4106644
0.4106644
0.4106644
0.4106644
0.4106644
0.4106644
0.4106644
0.4106644
0.4106644
0.4106644
0.4106644
0.4106644
0.4106644
0.4106644
0.4114518
0.4114518
0.4114518
0.4114518
0.4114518
0.4114518
0.4114518
0.4114518
0.4114518
0.4114518
0.4114518
0.4114518
0.4114518
0.4114518
0.4114518
0.4114518
0.4114518
0.4114518
0.4114518
0.4114518
0.4114518
0.4114518
0.4114518
0.4114518
0.4114518
0.4114518
0.4114518
0.4114518
0.4114518
0.4114518
0.4114518
0.4114518
0.4114518
0.4114518
0.4114518
0.4114518
0.4114518
0.4114518
0.4114518
0.4114518
0.4114518
0.4114518
0.4114518
0.4114518
0.4114518
0.4114518
0.4114518
0.4114518
0.4114518
0.4114518
0.4114518
0.4114518
0.4114518
0.4114518
0.4114518
0.4114518
0.4114518
0.4114518
0.4114518
0.4114518
0.4118357
0.4118357
0.4118357
0.4118357
0.4118357
0.4118357
0.4118357
0.4118357
0.4118357
0.4118357
0.4118357
0.4118357
0.4118357
0.4118357
0.4118357
0.4118357
0.4118357
0.4118357
0.4118357
0.4118357
0.4118357
0.4118357
0.4118357
0.4118357
0.4118357
0.4118357
0.4118357
0.4118357
0.4118357
0.4118357
0.4118357
0.41214564
0.41214564
0.41214564
0.41214564
0.41214564
0.41214564
0.41214564
0.41214564
0.41214564
0.41214564
0.41214564
0.41214564
0.41214564
0.41214564
0.41214564
0.41214564
0.41214564
0.41214564
0.41214564
0.41214564
0.41214564
0.41214564
0.41214564
0.41214564
0.41214564
0.41214564
0.41214564
0.41214564
0.41214564
0.41214564
0.41214564
0.41214564
0.41214564
0.41214564
0.41244468
0.41244468
0.41244468
0.41244468
0.41244468
0.41244468
0.41244468
0.41244468
0.41244468
0.41244468
0.41244468
0.41244468
0.41244468
0.41244468
0.41244468
0.41244468
0.41244468
0.41244468
0.41244468
0.41244468
0.41244468
0.41244468
0.41244468
0.41244468
0.41244468
0.41244468
0.41244468
0.41244468
0.41244468
0.41244468
0.41244468
0.41244468
0.41244468
0.41244468
0.41244468
0.41244468
0.41244468
0.41244468
0.41244468
0.41244468
0.41244468
0.41244468
0.41244468
0.41244468
0.41244468
0.41244468
0.41244468
0.41244468
0.41244468
0.41244468
0.41244468
0.41244468
0.41244468
0.41244468
0.41244468
0.41244468
0.41244468
0.41244468
0.41244468
0.41244468
0.41244468
0.41244468
0.41244468
0.41244468
0.41244468
0.41244468
0.41244468
0.41244468
0.41244468
0.41244468
0.41244468
0.41244468
0.41244468
0.41244468
0.41244468
0.41244468
0.41244468
0.41244468
0.41244468
0.41244468
0.41244468
0.41244468
0.41244468
0.41244468
0.41244468
0.41244468
0.41244468
0.41244468
0.41244468
0.41244468
0.41244468
0.41244468
0.41244468
0.41244468
0.41244468
0.41244468
0.41244468
0.41244468
0.41244468
0.41305748
0.41305748
0.41305748
0.41305748
0.41305748
0.41305748
0.41305748
0.41305748
0.41305748
0.41305748
0.41305748
0.41305748
0.41305748
0.41305748
0.41305748
0.41305748
0.41305748
0.41305748
0.41305748
0.41305748
0.41305748
0.41305748
0.41305748
0.41305748
0.41305748
0.41305748
0.41305748
0.41305748
0.41305748
0.41305748
0.41305748
0.41305748
0.41305748
0.41305748
0.41305748
0.41305748
0.41305748
0.41305748
0.41305748
0.41305748
0.41305748
0.41305748
0.41305748
0.41305748
0.41305748
0.41305748
0.41305748
0.41305748
0.41305748
0.41305748
0.41305748
0.41305748
0.41305748
0.41305748
0.41305748
0.41305748
0.41305748
0.41305748
0.41305748
0.41305748
0.41305748
0.41305748
0.41305748
0.41305748
0.41305748
0.41305748
0.41305748
0.41305748
0.41305748
0.41305748
0.41305748
0.41305748
0.41305748
0.41305748
0.41305748
0.41305748
0.41305748
0.41305748
0.41305748
0.41305748
0.41305748
0.41305748
0.41305748
0.41305748
0.41305748
0.41305748
0.41305748
0.41305748
0.41305748
0.41305748
0.41305748
0.41305748
0.41305748
0.41305748
0.41305748
0.41305748
0.41305748
0.41305748
0.41305748
0.41305748
0.41305748
0.41305748
0.41305748
0.41305748
0.41305748
0.41305748
0.41305748
0.41305748
0.41305748
0.41305748
0.41305748
0.41305748
0.41305748
0.41305748
0.41305748
0.41305748
0.41305748
0.41305748
0.41305748
0.41305748
0.41305748
0.41305748
0.41305748
0.41305748
0.41305748
0.41305748
0.41305748
0.41305748
0.41305748
0.41305748
0.41305748
0.41305748
0.41305748
0.41305748
0.41305748
0.41305748
0.41305748
0.41305748
0.41305748
0.41305748
0.41305748
0.41305748
0.41305748
0.41305748
0.41305748
0.41305748
0.41305748
0.41305748
0.41305748
0.41305748
0.41305748
0.41305748
0.41305748
0.41305748
0.41305748
0.41305748
0.41305748
0.41305748
0.41305748
0.41305748
0.41305748
0.41305748
0.41305748
0.41305748
0.41305748
0.41305748
0.41305748
0.41305748
0.41305748
0.41305748
0.41305748
0.41305748
0.41305748
0.41305748
0.41305748
0.41305748
0.41305748
0.41305748
0.41305748
0.41305748
0.41305748
0.41305748
0.41305748
0.41305748
0.41305748
0.41305748
0.41305748
0.41305748
0.41305748
0.41305748
0.41305748
0.41305748
0.41305748
0.41305748
0.41305748
0.41305748
0.41305748
0.41305748
0.41305748
0.41305748
0.41305748
0.41305748
0.41305748
0.41305748
0.41305748
0.41305748
0.41305748
0.41305748
0.41305748
0.41305748
0.41305748
0.41305748
0.41305748
0.41305748
0.41305748
0.41305748
0.41305748
0.41305748
0.41305748
0.41305748
0.41305748
0.41305748
0.41305748
0.41305748
0.41305748
0.41305748
0.41305748
0.41305748
0.41305748
0.41305748
0.41305748
0.41305748
0.41305748
0.41305748
0.41305748
0.41305748
0.41305748
0.41305748
0.41305748
0.41305748
0.41305748
0.41305748
0.41305748
0.41305748
0.41305748
0.41305748
0.41305748
0.41305748
0.41305748
0.41305748
0.41305748
0.41305748
0.41305748
0.41305748
0.41305748
0.41305748
0.41305748
0.41305748
0.41305748
0.41305748
0.41305748
0.41305748
0.41305748
0.41305748
0.41305748
0.41305748
0.41305748
0.41305748
0.41305748
0.41305748
0.41305748
0.41305748
0.41305748
0.41305748
0.41305748
0.41305748
0.41305748
0.41305748
0.41305748
0.41305748
0.41305748
0.41305748
0.41305748
0.41305748
0.41305748
0.41305748
0.41387442
0.41387442
0.41387442
0.41387442
0.41387442
0.41387442
0.41387442
0.41387442
0.41387442
0.41387442
0.41387442
0.41387442
0.41387442
0.41387442
0.41387442
0.41387442
0.41387442
0.41387442
0.41387442
0.41387442
0.41387442
0.41387442
0.41387442
0.41387442
0.41387442
0.41387442
0.41387442
0.41387442
0.41387442
0.41387442
0.41387442
0.41387442
0.41387442
0.41387442
0.41387442
0.41387442
0.41387442
0.41387442
0.41387442
0.41387442
0.41387442
0.41387442
0.41387442
0.41387442
0.41387442
0.41387442
0.41387442
0.41387442
0.41387442
0.41387442
0.41387442
0.41387442
0.41387442
0.41387442
0.41387442
0.41387442
0.41387442
0.41387442
