5.8664427
0.058664426
0.09129312
0.11907309
0.14070071
0.16106498
0.18219687
0.20907778
0.22447096
0.23990262
0.24911875
0.23923828
0.26764888
0.24868251
0.2755453
0.26220655
0.27798727
0.28831452
0.28934252
0.30923662
0.2743916
0.30352134
0.29749724
0.31634083
0.28918386
0.30591446
0.32099327
0.30932605
0.3182506
0.32162994
0.31982917
0.31927773
0.32934535
0.32002413
0.3225871
0.33172843
0.32235128
0.33713254
0.32988918
0.3323187
0.33972484
0.34341216
0.3188409
0.33208552
0.35240203
0.32208797
0.33301246
0.3423803
0.34213662
0.35275272
0.35039452
0.35244358
0.35679808
0.36174366
0.3513605
0.3575037
0.35780337
0.36327446
0.36454123
0.3602938
0.36287484
0.3641633
0.36754695
0.35182968
0.35772598
0.36686623
0.36684555
0.36658502
0.37226215
0.32561454
0.34647095
0.34349057
0.35407135
0.35312146
0.36406076
0.3627551
0.36540654
0.3650583
0.36848965
0.36986664
0.36161405
0.36935544
0.36376262
0.3628997
0.37476605
0.3307639
0.35457855
0.35808784
0.35978976
0.36177626
0.3589375
0.3695564
0.36323762
0.36451963
0.37166598
0.3651585
0.37457168
0.36219606
0.36512595
0.368382
0.37088653
0.37468088
0.37531048
0.37037694
0.3694052
0.37167633
0.37396201
0.37174025
0.37426215
0.37816536
0.32769176
0.3468898
0.3452041
0.35920277
0.361984
0.3738961
0.3577983
0.35725808
0.3670555
0.3677359
0.37322354
0.37316734
0.3757857
0.3764887
0.37087074
0.37079784
0.37370107
0.3814583
0.34118298
0.35446316
0.35096538
0.35965148
0.36192703
0.35923737
0.36834392
0.36042598
0.36992782
0.36772633
0.37780476
0.36748108
0.36911485
0.3719823
0.37415877
0.38299155
0.35511383
0.36405808
0.36631465
0.37713578
0.36113966
0.37215793
0.37237033
0.3737251
0.37976554
0.36455926
0.36972132
0.37204856
0.37504724
0.38040608
0.3724082
0.37335658
0.37769267
0.38117406
0.36240384
0.37666717
0.37123188
0.3764027
0.38403296
0.3468553
0.35418254
0.3577591
0.37588212
0.35092166
0.36422527
0.37396538
0.38073674
0.36374483
0.37238148
0.37802324
0.37685117
0.37534732
0.37635916
0.37804422
0.3822898
0.36995685
0.3713447
0.37372166
0.37522522
0.38355583
0.3806554
0.3748556
0.36572292
0.3731078
0.3790139
0.38073543
0.3827481
0.3824968
0.3835689
0.38628876
0.33400849
0.34434864
0.36526343
0.35240197
0.36058512
0.36645457
0.3627103
0.36736238
0.37940857
0.35348183
0.3583069
0.35487285
0.3662889
0.37016648
0.35776287
0.36773685
0.3750085
0.37666112
0.38042808
0.3801669
0.37909088
0.38330364
0.37168276
0.36863586
0.37289155
0.37393293
0.3809231
0.36910543
0.37579525
0.36839134
0.37839055
0.37405673
0.3740886
0.37455937
0.37912762
0.37867084
0.3806293
0.3744041
0.37222853
0.3755766
0.38044357
0.3829986
0.37493083
0.37537178
0.3810287
0.3820648
0.38202542
0.38036975
0.38319775
0.37646183
0.38186425
0.38308728
0.38467747
0.37161258
0.37721172
0.38424665
0.3852128
0.3784954
0.38228714
0.3815137
0.38241023
0.38246784
0.38728413
0.32956
0.36185363
0.35771847
0.36622962
0.37090534
0.3725292
0.36333707
0.37117395
0.37599644
0.36834013
0.3774516
0.37566388
0.37826908
0.37779236
0.37889537
0.3785925
0.3839634
0.36927342
0.358669
0.36766696
0.37165818
0.37591094
0.37121895
0.3722206
0.37679327
0.37529424
0.3825151
0.37848374
0.38180134
0.3834103
0.38383335
0.38037097
0.389384
0.3230754
0.34507504
0.34985816
0.36511093
0.3679908
0.37567642
0.3647217
0.37267917
0.3760005
0.3789674
0.37294963
0.3713887
0.37549835
0.38021973
0.3724823
0.37513775
0.37640858
0.38219175
0.36079976
0.37014046
0.37751457
0.3773301
0.38285065
0.37626415
0.37081155
0.3856874
0.381487
0.37678868
0.37736487
0.38019437
0.38106483
0.3835783
0.38209522
0.3835801
0.38325354
0.38287163
0.3894587
0.36186707
0.37289584
0.37115845
0.38042435
0.38066003
0.38232815
0.3812091
0.38523456
0.3787299
0.38500777
0.3816361
0.38741195
0.38400367
0.38867906
0.38630214
0.38504598
0.38700867
0.38417327
0.38853386
0.38864586
0.39068642
0.36342624
0.36842576
0.36876988
0.374067
0.3791504
0.37729394
0.3788737
0.37584975
0.37618315
0.37261927
0.37762877
0.38155308
0.3811671
0.38074625
0.38661343
0.38294265
0.38411498
0.38441715
0.38993683
0.37044808
0.3818312
0.3790239
0.37371713
0.38027632
0.37774032
0.38429794
0.38568905
0.38131455
0.38717976
0.38401344
0.38316554
0.38786727
0.38573074
0.38295284
0.3909843
0.38319096
0.37039292
0.38325742
0.38323838
0.3908622
0.3824663
0.38181096
0.3874024
0.3870926
0.38461685
0.3881042
0.3857295
0.39223933
0.3674857
0.36228687
0.36562335
0.37702194
0.37562504
0.37189984
0.38192984
0.38529217
0.38935754
0.37357304
0.3813843
0.38142917
0.38007867
0.3835371
0.38511902
0.3851013
0.38437554
0.38165936
0.38834125
0.37888443
0.38667294
0.38877594
0.38588578
0.38871306
0.3858019
0.38908792
0.38760525
0.3910358
0.38903657
0.39298478
0.35957143
0.37231034
0.37424764
0.3775474
0.37304744
0.3872927
0.36546254
0.37864143
0.38161513
0.38886204
0.38845852
0.38762096
0.38791752
0.38735154
0.3920269
0.3871088
0.3858895
0.3936555
0.3844813
0.3881157
0.38507652
0.3895704
0.38674545
0.38266152
0.384834
0.3817389
0.38660216
0.38851905
0.39319214
0.38433698
0.3917813
0.39019546
0.39468324
0.3597656
0.3739125
0.37448874
0.38789544
0.37806237
0.3778836
0.386124
0.38931575
0.38690796
0.38614026
0.39013717
0.3882649
0.38927183
0.3849739
0.39221734
0.38671243
0.3881966
0.38869274
0.38993084
0.39162037
0.38866273
0.39145443
0.38907334
0.3899805
0.393653
0.38083816
0.38836357
0.3879914
0.38776463
0.3921774
0.3809222
0.38730836
0.38197058
0.3902954
0.39090148
0.39490342
0.38255256
0.3861177
0.38731524
