1.7221187
0.086105935
0.14547242
0.15613507
0.1540986
0.16965872
0.17789206
0.18523619
0.1877158
0.2116315
0.18998924
0.19896303
0.22411506
0.20443943
0.2166429
0.21750502
0.23519385
0.23413017
0.24064627
0.25151575
0.2802232
0.24438974
0.29571572
0.31379884
0.32710144
0.3287155
0.32802296
0.32397896
0.3353934
0.32765025
0.31598455
0.34265608
0.33655873
0.35217375
0.33346814
0.3559343
0.33509105
0.36412773
0.3381174
0.32802242
0.3316812
0.34145528
0.3407022
0.33157322
0.36764058
0.27674717
0.32133344
0.34251255
0.35636842
0.34476057
0.3611697
0.32854453
0.35013098
0.3659514
0.35671073
0.37112886
0.2754821
0.3235678
0.31444678
0.36287507
0.32059512
0.3291904
0.3554146
0.3540891
0.3427046
0.35520276
0.3506672
0.36781368
0.3511249
0.35995367
0.37166083
0.34626013
0.35681832
0.36114773
0.3566115
0.35459995
0.3333504
0.36973706
0.37807724
0.3417348
0.34288627
0.35626537
0.36705518
0.349299
0.35470742
0.36872864
0.35076737
0.367526
0.36400592
0.3667824
0.3653625
0.36795953
0.37557638
0.3692423
0.377569
0.3782444
0.36603698
0.37283364
0.38081923
0.29863644
0.33963683
0.3273549
0.35856473
0.3545481
0.3509944
0.35163805
0.3620749
0.3629404
0.3601293
0.3766689
0.37580115
0.35934883
0.36008477
0.3798969
0.35591596
0.36414304
0.37500626
0.3846719
0.33300367
0.33016524
0.3294414
0.36338764
0.3585483
0.35505787
0.3583195
0.37149858
0.35775575
0.38598067
0.307913
0.3376891
0.35538167
0.37670127
0.3618114
0.35814655
0.3537029
0.37006584
0.36458075
0.37028286
0.37019855
0.37646884
0.35508013
0.36698765
0.3831249
0.35721928
0.36534187
0.3594202
0.3830694
0.37732238
0.37561235
0.3805682
0.37369877
0.3877121
0.36563843
0.35646552
0.37788254
0.37359053
0.35646424
0.3890338
0.28202367
0.33166638
0.34918004
0.34344038
0.34723634
0.35977226
0.3484668
0.3511746
0.37686437
0.32210022
0.3489426
0.37931648
0.3429018
0.3809172
0.36035973
0.35312903
0.37041274
0.36682373
0.37129495
0.38540196
0.331542
0.34969944
0.33057138
0.3736369
0.36409324
0.3600269
0.3750052
0.3871743
0.35351843
0.3785812
0.38009998
0.36618167
0.37665004
0.35930595
0.37313983
0.36947605
0.37327844
0.37462208
0.3847334
0.37391
0.37300074
0.3882124
0.33742142
0.3737368
0.3751925
0.37588337
0.3881633
0.3727582
0.3772225
0.3734578
0.37328848
0.39006788
0.3259706
0.33155224
0.37581652
0.35962486
0.3757508
0.38865128
0.36439443
0.3893544
0.37681422
0.37808675
0.37555864
0.37510812
0.38988572
0.365632
0.39279047
0.31655085
0.34720075
0.34895375
0.31992346
0.37088093
0.35569865
0.36318934
0.38329497
0.3564517
0.3871795
0.35779536
0.3787993
0.37834024
0.38712886
0.3583692
0.3646282
0.38053423
0.39092374
0.3680074
0.38003892
0.37651274
0.37292865
0.37351364
0.37926084
0.36364204
0.3752719
0.38990003
0.37793154
0.3734823
0.3792302
0.38709286
0.38248816
0.37962633
0.37822908
0.37795827
0.3925714
0.3781265
0.3896861
0.3716895
0.37976238
0.37691313
0.38721457
0.38539082
0.378815
0.39184925
0.39382643
0.36634263
0.35317984
0.36382014
0.38126513
0.37619755
0.38137347
0.39141566
0.38399988
0.38413566
0.3889426
0.39152703
0.3957814
0.33291337
0.35974026
0.34307957
0.36696213
0.3589354
0.3862416
0.36696124
0.38164145
0.33950838
0.3739168
0.38897705
0.36902946
0.3466796
0.36305422
0.36526087
0.3797807
0.3903854
0.3590103
0.37573713
0.35004237
0.37484813
0.38828674
0.3820359
0.38278893
0.3958368
0.33036956
0.3789696
0.36162814
0.3904103
0.34846145
0.387597
0.38928482
0.39199895
0.369618
0.37303597
0.3801034
0.39573887
0.38607967
0.38438424
0.3915096
0.3869662
0.3842016
0.37782744
0.39464903
0.385375
0.37803325
0.39498943
0.39280927
0.3987987
0.30920896
0.31220087
0.3693954
0.3608076
0.37008157
0.36984617
0.3929264
0.35939106
0.37625137
0.34398043
0.3912909
0.3855687
0.3788775
0.38445562
0.38752052
0.37519342
0.3954219
0.35767227
0.34944347
0.36181563
0.3554037
0.3575935
0.38116193
0.34697434
0.37477276
0.3575928
0.39085576
0.39351457
0.3884608
0.39885446
0.3584373
0.37771225
0.37792423
0.39595348
0.37796122
0.37122244
0.36850873
0.382766
0.38400233
0.3977822
0.3900406
0.37466723
0.37476903
0.38246983
0.39600295
0.3949362
0.392012
0.38861215
0.38540187
0.38738346
0.40153718
0.38133246
0.35887635
0.38430056
0.3947825
0.38584453
0.3822618
0.3842451
0.38633496
0.39661002
0.39645788
0.39009884
0.38994986
0.39006454
0.38297558
0.39469793
0.3823317
0.39025974
0.39834544
0.3672199
0.39246798
0.37582266
0.396173
0.38588458
0.40099472
0.3817678
0.39853525
0.38945276
0.3988698
0.39986148
0.3907816
0.39684588
0.40303072
0.3527276
0.3899141
0.3836903
0.39518848
0.38929528
0.4012924
0.39386544
0.38164634
0.38877064
0.38657132
0.40237647
0.384355
0.39313638
0.37107682
0.37241882
0.38334447
0.3913523
0.38963142
0.39600122
0.39036363
0.39797238
0.3986308
0.38215905
0.39832816
0.38460574
0.38797113
0.37681243
0.3796081
0.40231785
0.38872367
0.39157194
0.39139786
0.40398282
0.3621815
0.37752992
0.37384382
0.36458486
0.3653323
0.37455255
0.37167135
0.3755436
0.3938039
0.37248492
0.39796036
0.3734799
0.3681903
0.39098078
0.37586874
0.3754339
0.38780347
0.39070618
0.37325507
0.38510457
0.40303436
0.37022692
0.39116734
0.39784378
0.3949563
0.38645476
0.38824835
0.4003923
0.3917761
0.39147568
0.39274704
0.38691106
0.40016097
0.39336365
0.39185226
0.40406245
0.3964303
0.39561713
0.3885587
0.39185113
0.39862671
0.3904223
0.3918898
0.40395206
0.39176863
0.40064892
0.38910145
0.40445265
0.29390696
0.37020358
0.35078144
0.37108672
0.37277466
0.3934211
0.35343656
0.3767804
0.35831687
0.39464146
0.3527622
0.3539369
0.3644629
0.36938706
0.38605055
0.3575626
0.39622113
0.38298213
0.38600907
0.3727935
0.37437993
0.372809
0.3783239
0.38221294
0.3845512
0.39550543
0.40079126
0.3548457
0.3809194
0.390264
0.38598943
0.35275298
0.36923814
0.37915125
0.38629568
0.39830512
0.37635222
0.38034138
0.39531893
0.39985985
0.39634407
0.38502663
0.38364512
0.3948602
0.3988342
0.4002524
0.38996527
0.3893166
0.39886996
0.4042201
0.36078244
0.37887627
0.39875242
0.37497598
0.3937661
0.3859282
0.38171515
0.38336295
0.3966828
0.3987624
0.39557555
0.4000338
0.369775
0.37940732
0.3884235
0.39405817
0.37358898
0.39567608
0.3931299
0.373742
0.4029765
0.40015182
0.3817406
0.3911535
0.38644603
0.37210777
0.39367557
0.37850004
0.39807883
0.38842723
0.39761674
0.40306258
0.39726615
0.38837028
0.40098444
0.38987893
0.38960704
0.39090374
0.40422744
0.36765426
0.3743604
0.37524647
0.3998387
0.3835991
0.39947927
0.38001832
0.38443148
0.39612135
0.39221093
0.40248737
0.4005782
0.39939824
0.40118456
0.39452115
0.4003358
0.40281177
0.40411386
0.39792815
0.38268685
0.38928694
0.3853189
0.38941398
0.40251812
0.38954616
0.38854688
0.4034788
0.37459117
0.37894633
0.38910788
0.39412776
0.39093065
0.40281802
0.37801033
0.40051907
0.39098316
0.40187415
0.39517334
0.3890384
0.3979538
0.404601
0.3534565
0.36649722
0.36431068
0.36609882
0.3691333
0.3682501
0.38097593
0.38298455
0.39219525
0.35625234
0.35512513
0.3866746
0.38398987
0.35619837
0.3845994
0.38140112
0.38896126
0.36113977
0.36629525
0.39858788
0.38631415
0.3678758
0.3756126
0.39553657
0.40107092
0.37410587
0.39087766
0.39880642
0.4013028
0.38672286
0.40454036
0.3780211
0.38868186
0.37735194
0.38474643
0.39729965
0.37568253
0.38502127
0.38634753
0.3923434
0.38802043
0.40448493
0.3939154
0.38821882
0.39236718
0.37577084
0.37720627
0.37937978
0.38500297
0.38576943
0.3851362
0.40282673
0.38515082
0.39372712
0.38313836
0.37664717
0.379703
0.3787603
0.39797917
0.37615424
0.39954746
0.40242267
0.40484434
0.3795941
0.3460032
0.3724598
0.38506493
0.39685506
0.39601153
0.38743204
0.3920311
0.4010315
0.3766846
0.36872795
0.38408035
0.38220495
0.3834482
0.35926706
0.39987054
0.38727382
0.3925403
0.38847333
0.40335408
0.4017787
0.38856027
0.387039
0.38692874
0.4035999
0.37324774
0.39968795
0.40511584
0.38034907
0.38717324
0.40069842
0.3902032
0.39590153
0.3573014
0.39870924
0.38058466
0.4003933
0.40054607
0.39309636
0.40404558
0.38787088
0.38252836
0.39949563
0.3865623
0.399607
0.38715643
0.40401387
0.39496297
0.3759808
0.3755656
0.38725966
0.38682625
0.38578352
0.37774095
0.4040053
0.39314607
0.3878956
0.39185625
0.39989287
0.38380918
0.39065996
0.3813755
0.40296412
0.3945666
0.39502588
0.39766476
0.39109486
0.39804184
0.390374
0.38522047
0.39363486
0.39004347
0.39175645
0.40108785
0.40551844
0.35555893
0.38324076
0.38786656
0.38162476
0.39427748
0.36928254
0.39648545
0.38086116
0.3914476
0.39572334
0.4000419
0.36933374
0.37018514
0.38098085
0.38390517
0.36667648
0.40500656
0.38757658
0.40459138
0.37735835
0.39766955
0.38761473
0.387504
0.38990977
0.38855177
0.38665742
0.39230323
0.40548676
0.373952
0.38294235
0.38715342
0.38343355
0.389234
0.39972553
0.4036169
0.38147575
0.39841345
0.39166206
0.39578655
0.37612325
0.39025095
0.3930499
0.37678948
0.39259067
0.39956445
0.397752
0.39549005
0.40331006
0.38299087
0.3929599
0.40559953
0.38285318
0.38133642
0.3723914
0.38153607
0.40386325
0.35905558
0.38526994
0.40459204
0.39207822
0.391067
0.3911838
0.40393224
0.39164636
0.39977968
0.40624171
0.363325
0.36741382
0.3845011
0.3716323
0.38345096
0.38701826
0.37781698
0.37316453
0.39557937
0.3624217
0.35447812
0.3857544
0.37215987
0.36863908
0.40195185
0.38143116
0.38935995
0.37814283
0.38837337
0.3809405
0.3916995
0.39183006
0.40305847
0.39165932
0.38359353
0.39763016
0.39488423
0.38269672
0.38275927
0.38613266
0.37530735
0.38579226
0.37575024
0.3853679
0.40228182
0.3932949
0.40322518
0.40373725
0.40311056
0.3975377
0.391766
0.39325812
0.3901804
0.40431532
0.39175835
0.38555488
0.40243608
0.3877191
0.40252218
0.40150696
0.3941759
0.39099726
0.39355052
0.4027072
0.39315227
0.39199963
0.38932592
0.39615503
0.40458584
0.36098602
0.38623258
0.38482195
0.3808022
0.3861197
0.37707347
0.40049833
0.39770824
0.36910915
0.38775134
0.37222078
0.40184182
0.39105266
0.38304782
0.38483322
0.40024227
0.395583
0.39007276
0.3882053
0.3803992
0.39461857
0.39705577
0.39346853
0.40213957
0.38908607
0.3895296
0.39122948
0.39306587
0.40336967
0.40168396
0.40465108
0.39179748
0.40327692
0.38991052
0.4027571
0.39431715
0.40015346
0.39033616
0.4019445
0.40581807
0.36927027
0.38303345
0.38764432
0.38848904
0.37122974
0.39678574
0.38505977
0.40113235
0.37592226
0.36497808
0.36502257
0.38540503
0.37812138
0.3833617
0.4002687
0.37614098
0.39285642
0.3906487
0.39567748
0.3988572
0.38665226
0.39676285
0.38350612
0.39645743
0.39090663
0.40103808
0.40236378
0.37625325
0.39751744
0.3904479
0.40232474
0.4026053
0.37706682
0.39010414
0.39345497
0.40489236
0.35155657
0.3824058
0.3897603
0.39636976
0.3697157
0.38171634
0.38143134
0.39316177
0.4022995
0.38577285
0.3664474
0.38777152
0.36836833
0.3728181
0.3804031
0.35907814
0.39647415
0.36111003
0.4030076
0.40113765
0.40170437
0.4031797
0.393999
0.40644994
0.3528579
0.39453036
0.3812555
0.38820553
0.37729904
0.3913401
0.4028325
0.37151647
0.38318235
0.3917904
0.39395818
0.35840866
0.38971135
0.3792017
0.39829043
0.39750925
0.3891188
0.38710305
0.38973013
0.39672017
0.39347494
0.39999843
0.38646126
0.37645474
0.39254117
0.40225568
0.392929
0.39287198
0.40116683
0.4018329
0.38975886
0.4013713
0.39048922
0.393855
0.4025671
0.39140174
0.3734974
0.39399403
0.38966817
0.38018095
0.40204057
0.40215015
0.38847128
0.40499038
0.39927602
0.4029122
0.38910726
0.38995177
0.40236458
0.400391
0.39823186
0.398403
0.39489213
0.39115587
0.4063162
0.38677013
0.37376928
0.39113337
0.40493783
0.38949054
0.40083775
0.37165895
0.39266726
0.39962772
0.39965397
0.38224757
0.3936894
0.391954
0.4009928
0.38997608
0.38527447
0.4008208
0.38320237
0.40208068
0.39864093
0.4066198
0.39435482
0.40378308
0.40128073
0.39083806
0.3730823
0.3917802
0.4059686
0.40299454
0.39285678
0.4013875
0.40327278
0.39764225
0.39364865
0.39422023
0.40143552
0.40287733
0.40610862
0.39246577
0.39109832
0.38852108
0.38563973
0.4036004
0.39663157
0.39177805
0.40526253
0.40234533
0.40238348
0.3934297
0.40115446
0.39397565
0.40455192
0.4035588
0.4060247
0.3916945
0.40531868
0.4059871
0.40343133
0.38954827
0.390863
0.3951244
0.4065929
0.3952015
0.3894444
0.39484355
0.40463406
0.39919335
0.37608454
0.3876866
0.37938786
0.40320557
0.39943933
0.39089608
0.40361595
0.40335995
0.40198883
0.3932854
0.3989112
0.4058551
0.38903573
0.39279848
0.40069062
0.38775828
0.38317588
0.39061937
0.400824
0.39596406
0.40215763
0.40272483
0.40428042
0.40705317
0.34828827
0.3552888
0.364232
0.3671153
0.3650926
0.387887
0.36193004
0.37773153
0.37935695
0.39927015
0.3417923
0.36491993
0.36640766
0.38184416
0.36195546
0.37117025
0.36706263
0.3954557
0.38238305
0.3905797
0.38628855
0.4010616
0.37156108
0.39356482
0.38275367
0.38304728
0.38254678
0.3766876
0.38798755
0.3859596
0.39086393
0.4004392
0.35839593
0.38492352
0.3850571
0.371411
0.39956158
0.38270253
0.38612488
0.3904348
0.389676
0.3874226
0.38489255
0.3939475
0.39591375
0.39710572
0.40261364
0.38525558
0.38421237
0.38360384
0.39833537
0.40468067
0.3753449
0.3725764
0.3934694
0.38769573
0.39314827
0.38258415
0.38039428
0.38834107
0.3781896
0.39479178
0.40281677
0.40274605
0.3907556
0.39544323
0.40124354
0.37696412
0.40366393
0.39370477
0.4049608
0.40278625
0.39195073
0.40285063
0.40501466
0.39171702
0.40263063
0.40312943
0.3930369
0.39132077
0.39896345
0.3959055
0.3941959
0.40525922
0.4025383
0.39340177
0.39987442
0.4058807
0.37786153
0.3799612
0.39960536
0.3915476
0.39030597
0.40226537
0.39992568
0.3993744
0.38906664
0.40611824
0.3852207
0.40003842
0.4005862
0.38571304
0.39951497
0.40604648
0.37926066
0.38147703
0.3951003
0.3970947
0.39881033
0.3903311
0.3909715
0.40312606
0.39508134
0.40101376
0.3880453
0.39655638
0.40293917
0.40453896
0.40679064
0.352423
0.36350137
0.35436153
0.38643152
0.38133425
0.3969054
0.37596902
0.33374208
0.36526868
0.3886265
0.3915089
0.383381
0.3896867
0.37296718
0.38076138
0.3981065
0.38208905
0.39666337
0.3921384
0.4010459
0.36356324
0.3730373
0.37849355
0.39379063
0.3833246
0.3822144
0.36351594
0.35543224
0.39898396
0.36776072
0.39467305
0.39402214
0.36717406
0.3775811
0.40036282
0.387907
0.38603947
0.38790578
0.37418425
0.386514
0.38929978
0.38591588
0.4028965
0.36729157
0.3878822
0.39914542
0.38693196
0.39737236
0.3965677
0.39144582
0.39159313
0.3943922
0.3818285
0.3996504
0.40090537
0.3716318
0.38957065
0.4014016
0.39008424
0.40303454
0.4004755
0.3899656
0.4013311
0.39009535
0.4050139
0.39186618
0.4008687
0.3959266
0.39871812
0.40293002
0.39052725
0.38231063
0.3921485
0.40107518
0.38713425
0.40625158
0.36819354
0.3966848
0.38428643
0.38468963
0.37995487
0.36657584
0.38900086
0.39488587
0.38773742
0.39101964
0.39726496
0.39792037
0.3886849
0.3906656
0.38629508
0.3796679
0.4039442
0.40106067
0.38607877
0.39683878
0.40074235
0.39261252
0.3966214
0.4006795
0.39862233
0.390507
0.39204997
0.4024356
0.39161557
0.40323848
0.39282987
0.40365988
0.39403206
0.3801693
0.3905177
0.3923747
0.40458956
0.38716796
0.37966672
0.37076783
0.3875349
0.3959851
0.39498872
0.39504147
0.3895239
0.3881533
0.40663752
0.38438323
0.37219328
0.38428855
0.39068046
0.39914352
0.37118953
0.39065665
0.40634805
0.38309297
0.38207123
0.37770256
0.38742742
0.38616383
0.382097
0.39754802
0.3843519
0.38769013
0.3697
0.38310468
0.40145952
0.3750488
0.40311298
0.40168467
0.39406613
0.39096144
0.40333128
0.39144367
0.4000466
0.3868849
0.3751157
0.39799267
0.387431
0.40578628
0.398488
0.3909347
0.3732869
0.3853626
0.3956844
0.39006653
0.37980217
0.3838472
0.3777688
0.389804
0.4011918
0.40037623
0.38635337
0.3900599
0.3936577
0.3950226
0.40135795
0.40300044
0.39621067
0.4022072
0.38322997
0.38520873
0.4000164
0.40281472
0.39498654
0.3906762
0.39201283
0.40369853
0.4033018
0.40465575
0.40322375
0.40434346
0.38855267
0.40692788
0.39565384
0.36692318
0.39310274
0.3911224
0.40216765
0.37407187
0.37868273
0.38367188
0.38485965
0.3792696
0.39307952
0.4049266
0.37294874
0.40388733
0.39670652
0.3993702
0.3940328
0.39261904
0.38914827
0.38774928
0.3970952
0.39882627
0.3886116
0.3820419
0.39503288
0.3975199
0.39551032
0.38916692
0.40132898
0.40324417
0.38777572
0.37852517
0.3905571
0.38560623
0.40493268
0.40347442
0.39516774
0.3928606
0.39532456
0.39535004
0.39198375
0.39960182
0.40451318
0.4041133
0.40429038
0.39632255
0.39284185
0.39590326
0.4064602
0.39108497
0.39378053
0.40130073
0.37983292
0.39841852
0.38612717
0.38548896
0.38284364
0.39814785
0.3818075
0.38531554
0.3953115
0.37121516
0.38877845
0.3840073
0.40104905
0.38955212
0.4053966
0.3963992
0.39044374
0.38960403
0.38517922
0.39268658
0.37888753
0.39387137
0.38978693
0.40308157
0.40636253
0.38863674
0.4027273
0.3942759
0.40624443
0.4016053
0.40621656
0.40667444
0.3981181
0.39121994
0.38665482
0.39225534
0.39138785
0.39872706
0.40199232
0.40346852
0.4034112
0.39456415
0.39023596
0.39378977
0.40454355
0.3900177
0.40512523
0.38987085
0.39505067
0.3914737
0.39557618
0.40518603
0.40655017
0.3970832
0.40356225
0.40352097
0.4069212
0.40315014
0.39147633
0.4059618
0.40557876
0.3917305
0.40617236
0.40400726
0.4065556
0.4032144
0.40407014
0.39461246
0.3922543
0.39499134
0.40716833
0.32705063
0.33954507
0.37945908
0.38674122
0.37096867
0.39011443
0.36254203
0.3965017
0.3662032
0.37796313
0.37780803
0.39559984
0.39359638
0.38646448
0.3914855
0.39302856
0.400176
0.3813626
0.37394077
0.40017065
0.3670908
0.38310137
0.37908906
0.38394755
0.3897534
0.39079207
0.39752606
0.40122503
0.35978973
0.38565004
0.38345942
0.3809599
0.3828285
0.38848087
0.38874578
0.39276594
0.40185484
0.40515485
0.37518284
0.3739134
0.38004765
0.38577002
0.3900323
0.40250617
0.37814254
0.3989752
0.37617487
0.38251993
0.3717419
0.39218077
0.40182972
0.37228248
0.38189715
0.39977875
0.37303072
0.37366205
0.36977166
0.39326483
0.36590618
0.38290372
0.3786038
0.38207686
0.37900567
0.39062575
0.39991152
0.37318707
0.38161173
0.37306803
0.38423377
0.4031096
0.38196832
0.38629454
0.37452555
0.401235
0.39399338
0.4034968
0.38325876
0.40040845
0.38912386
0.39228922
0.4028147
0.37845582
0.37677294
0.39990538
0.37646955
0.376023
0.3989993
0.37842053
0.39113453
0.39644194
0.3946566
0.39236647
0.3930188
0.40359086
0.38007614
0.4019319
0.38769028
0.39358512
0.40129176
0.40222517
0.4040188
0.4062047
0.37477636
0.37750965
0.37719923
0.40049347
0.3788876
0.40182862
0.40024287
0.3976283
0.39119747
0.39235452
0.37887874
0.4033417
0.3847564
0.39116457
0.40421277
0.38908643
0.3924879
0.38904014
0.3925214
0.4011951
0.38639572
0.38737145
0.39809388
0.38905308
0.39527673
0.4042607
0.40074867
0.3951788
0.40667358
0.3942335
0.3764172
0.38943905
0.37766463
0.38996562
0.3888245
0.38978273
0.37612838
0.3870379
0.38528246
0.40296403
0.38924712
0.3913615
0.39309728
0.40255466
0.401162
0.3875044
0.40490514
0.39722067
0.3776233
0.37729433
0.38309732
0.40494466
0.3915629
0.37633476
0.40080628
0.38708466
0.38664836
0.40298295
0.39992884
0.39053887
0.3919178
0.40357152
0.40211672
0.3923431
0.40510407
0.39954004
0.39669707
0.40093058
0.3939649
0.40666085
0.39246663
0.39448988
0.4053575
0.40672478
0.37674
0.3791634
0.39603525
0.38811097
0.38072813
0.38876113
0.3997323
0.3887882
0.3889902
0.40430927
0.39900854
0.4010199
0.40297216
0.40370384
0.3976269
0.39483407
0.40557772
0.4014224
0.38647705
0.3881987
0.40659732
0.39198357
0.4033443
0.38195592
0.4024704
0.3910701
0.39705887
0.3880349
0.3945073
0.38826036
0.40474182
0.38469696
0.39535847
0.39905232
0.39261928
0.39150947
0.39532664
0.40448704
0.39511853
0.40629706
0.4059369
0.40231252
0.40743288
0.3003747
0.3468109
0.3473987
0.35127214
0.356952
0.37339997
0.3500834
0.36659938
0.37403533
0.35907632
0.3802419
0.3949501
0.34157223
0.3682905
0.38301042
0.38380972
0.37773558
0.3995428
0.39563495
0.3942361
0.37153962
0.35456604
0.38614193
0.39757386
0.38623166
0.38605803
0.39401028
0.3927588
0.39382026
0.4072651
0.3569203
0.35164016
0.37997937
0.3788274
0.3892607
0.4045318
0.35825634
0.3974569
0.36816144
0.38682625
0.37927276
0.3792628
0.4000371
0.36686483
0.3795305
0.38645783
0.38073212
0.39343357
0.39660567
0.38660765
0.39274186
0.3626993
0.37666252
0.37696278
0.3946979
0.40035015
0.38570565
0.3876565
0.38663098
0.40588045
0.33591834
0.3707121
0.38024402
0.3620674
0.37791884
0.38343626
0.37887877
0.39594254
0.37006265
0.38732192
0.3862049
0.38899735
0.3744301
0.4008964
0.3616921
0.39704338
0.38386405
0.40103436
0.35931566
0.3896802
0.388992
0.38972497
0.38707212
0.3911631
0.40391755
0.39946964
0.4038887
0.39484972
0.3836941
0.3837585
0.39417782
0.38986918
0.40050632
0.38917136
0.37960294
0.4017868
0.40369162
0.39428428
0.3601256
0.3960263
0.40430242
0.3781759
0.38673988
0.4055636
0.36454025
0.35504755
0.3784044
0.36373788
0.3840108
0.38284898
0.38921216
0.39484197
0.39720637
0.38940582
0.40385485
0.38821265
0.39834246
0.40443072
0.3996073
0.3908603
0.3664971
0.39999816
0.38962746
0.37926093
0.39302784
0.40250477
0.4058071
0.37791672
0.39712793
0.4052105
0.40889192
0.33724788
0.35434857
0.37891048
0.37307662
0.3699563
0.38710898
0.3920914
0.35747647
0.37135193
0.3775402
0.37760395
0.3853647
0.39560416
0.39703494
0.37780386
0.38221678
0.381907
0.3753607
0.37308168
0.39512378
0.38198847
0.39290246
0.3942557
0.4027969
0.34967077
0.37196046
0.3761084
0.37612718
0.4002037
0.3578204
0.37729165
0.3794666
0.37997812
0.37919247
0.38742414
0.38611162
0.3906591
0.39160502
0.4035464
0.36922976
0.37452692
0.37619215
0.401886
0.4060337
0.3784623
0.37899
0.3784336
0.3873661
0.39130017
0.38258472
0.40341645
0.4027799
0.37573943
0.38763717
0.3971358
0.38183916
0.38797656
0.3817979
0.371572
0.40005985
0.3827526
0.39270514
0.40755957
0.35163558
0.37623
0.39766353
0.38109136
0.39083093
0.38078043
0.37224808
0.4009803
0.37304753
0.35581425
0.38838786
0.37171146
0.3911466
0.39903507
0.3926957
0.38044965
0.39260584
0.40756503
0.3513123
0.3638606
0.37408882
0.3825827
