0.069590524
0.21646199
0.21646199
0.21646199
0.24143499
0.24143499
0.24143499
0.24143499
0.29941505
0.29941505
0.29941505
0.29941505
0.31283754
0.31283754
0.31283754
0.31283754
0.31283754
0.31283754
0.31283754
0.31283754
0.31283754
0.31283754
0.31283754
0.31283754
0.31283754
0.31283754
0.31464976
0.31464976
0.31464976
0.31464976
0.31464976
0.31464976
0.31464976
0.33312303
0.33312303
0.33312303
0.33312303
0.33312303
0.33312303
0.33312303
0.33312303
0.33312303
0.33312303
0.33312303
0.33312303
0.33312303
0.33312303
0.33312303
0.33312303
0.33312303
0.33312303
0.37454376
0.37454376
0.37454376
0.39416116
0.39416116
0.4061324
0.4061324
0.4061324
0.4061324
0.4061324
0.4061324
0.4665641
0.4665641
0.4665641
0.4665641
0.4665641
0.4665641
0.4665641
0.4665641
0.4665641
0.4665641
0.4665641
0.4665641
0.4665641
0.4665641
0.4665641
0.4665641
0.4665641
0.4665641
0.47680995
0.47680995
0.47680995
0.47680995
0.47680995
0.47680995
0.47680995
0.47680995
0.47680995
0.47680995
0.47680995
0.47680995
0.48764393
0.48764393
0.48764393
0.48764393
0.48764393
0.48764393
0.48764393
0.48764393
0.48764393
0.48764393
0.48764393
0.48764393
0.48764393
0.48764393
0.48764393
0.48764393
0.48764393
0.48764393
0.48764393
0.48764393
0.48764393
0.48764393
0.48764393
0.48764393
0.48764393
0.48764393
0.48764393
0.48764393
0.48764393
0.48764393
0.48764393
0.48764393
0.48764393
0.48764393
0.48764393
0.48764393
0.48764393
0.48764393
0.48764393
0.48764393
0.48764393
0.48764393
0.48764393
0.48764393
0.48764393
0.48764393
0.48764393
0.48764393
0.48764393
0.48764393
0.48764393
0.48764393
0.48764393
0.48764393
0.49429667
0.49429667
0.49429667
0.49429667
0.49429667
0.54068476
0.54068476
0.54068476
0.54068476
0.54068476
0.54068476
0.54068476
0.54068476
0.54068476
0.54068476
0.54068476
0.54068476
0.54068476
0.54068476
0.54068476
0.54068476
0.54068476
0.54068476
0.54068476
0.54068476
0.54068476
0.54675287
0.54675287
0.54675287
0.54675287
0.54675287
0.54675287
0.54675287
0.54675287
0.54675287
0.54675287
0.56195796
0.56195796
0.56195796
0.56195796
0.56195796
0.56195796
0.56195796
0.56195796
0.56195796
0.56195796
0.56195796
0.56195796
0.56195796
0.56195796
0.56195796
0.56195796
0.56195796
0.56195796
0.56195796
0.56195796
0.56195796
0.56195796
0.56195796
0.56195796
0.56195796
0.56195796
0.56195796
0.56195796
0.56195796
0.56195796
0.56195796
0.56195796
0.56195796
0.56195796
0.56195796
0.56195796
0.56195796
0.57437277
0.57437277
0.57437277
0.57437277
0.57437277
0.57437277
0.57437277
0.57437277
0.57437277
0.57437277
0.57437277
0.57437277
0.57437277
0.57437277
0.57437277
0.57437277
0.57437277
0.57437277
0.57437277
0.57437277
0.57437277
0.57437277
0.57437277
0.57437277
0.57437277
0.57437277
0.57437277
0.57437277
0.57437277
0.57437277
0.57437277
0.57437277
0.57437277
0.57437277
0.57437277
0.57437277
0.57437277
0.57437277
0.57437277
0.57437277
0.57437277
0.57437277
0.57437277
0.57437277
0.57437277
0.57437277
0.57437277
0.57437277
0.57437277
0.57437277
0.57437277
0.57437277
0.57437277
0.57437277
0.57437277
0.57437277
0.57437277
0.57437277
0.57437277
0.57437277
0.57437277
0.57437277
0.57437277
0.57437277
0.57437277
0.57437277
0.57437277
0.57437277
0.57437277
0.57437277
0.57437277
0.57437277
0.57437277
0.57437277
0.57437277
0.57437277
0.57437277
0.57437277
0.57437277
0.57437277
0.57437277
0.57437277
0.57437277
0.57437277
0.57437277
0.57437277
0.57437277
0.57437277
0.57437277
0.57437277
0.57437277
0.57437277
0.57437277
0.57437277
0.57437277
0.57437277
0.57437277
0.57437277
0.57437277
0.57437277
0.57437277
0.57437277
0.57437277
0.57437277
0.57437277
0.57437277
0.57437277
0.57437277
0.57437277
0.57437277
0.57437277
0.57437277
0.57437277
0.57437277
0.57437277
0.57437277
0.57437277
0.57437277
0.57437277
0.57437277
0.57437277
0.57437277
0.57437277
0.57437277
0.57437277
0.57437277
0.57437277
0.57437277
0.57437277
0.57437277
0.57437277
0.57437277
0.57437277
0.57437277
0.57437277
0.57437277
0.57437277
0.57449955
0.57449955
0.57449955
0.57449955
0.57449955
0.57449955
0.57449955
0.57449955
0.57449955
0.57449955
0.57449955
0.57449955
0.57449955
0.57449955
0.57449955
0.57449955
0.57449955
0.57449955
0.57449955
0.57449955
0.57449955
0.57449955
0.57449955
0.57449955
0.57449955
0.57449955
0.57449955
0.57449955
0.57449955
0.57449955
0.57449955
0.57449955
0.57449955
0.57449955
0.57449955
0.57449955
0.57449955
0.57449955
0.57449955
0.57449955
0.57449955
0.57449955
0.57449955
0.57449955
0.57449955
0.57449955
0.57449955
0.57449955
0.57449955
0.57449955
0.57449955
0.57449955
0.57449955
0.57449955
0.57449955
0.57449955
0.57449955
0.57449955
0.57449955
0.57449955
0.57449955
0.57449955
0.57449955
0.57449955
0.57449955
0.57449955
0.57449955
0.57449955
0.57449955
0.57449955
0.57449955
0.57449955
0.57449955
0.57449955
0.57449955
0.57449955
0.57449955
0.57449955
0.57449955
0.57449955
0.57449955
0.57449955
0.57449955
0.57449955
0.57449955
0.57449955
0.57449955
0.57449955
0.57449955
0.57449955
0.57449955
0.57449955
0.57449955
0.57449955
0.57449955
0.57449955
0.57449955
0.57449955
0.57449955
0.57449955
0.57449955
0.57449955
0.57449955
0.57449955
0.57449955
0.57449955
0.57449955
0.57449955
0.5785181
0.5785181
0.5785181
0.5785181
0.5785181
0.5785181
0.5785181
0.5785181
0.5785181
0.5785181
0.5785181
0.5785181
0.5785181
0.5785181
0.5785181
0.5785181
0.5785181
0.5785181
0.5785181
0.5785181
0.5785181
0.5785181
0.5785181
0.5785181
0.5785181
0.5846039
0.5846039
0.5846039
0.5846039
0.5846039
0.5846039
0.5846039
0.5846039
0.5846039
0.5846039
0.5846039
0.5846039
