0.38465914
0.38465914
0.38465914
0.38465914
0.38465914
0.38465914
0.38465914
0.38465914
0.38465914
0.38465914
0.38465914
0.38465914
0.38465914
0.38465914
0.38465914
0.38465914
0.3997012
0.3997012
0.3997012
0.3997012
0.3997012
0.40166137
0.40166137
0.40166137
0.40336528
0.40336528
0.40336528
0.40336528
0.40685877
0.40685877
0.40685877
0.40685877
0.40685877
0.40685877
0.40685877
0.40685877
0.40685877
0.40685877
0.40685877
0.40685877
0.40685877
0.40685877
0.40685877
0.40685877
0.40685877
0.40685877
0.40685877
0.40685877
0.40685877
0.40685877
0.40685877
0.40685877
0.40685877
0.40685877
0.40809366
0.40809366
0.40809366
0.40809366
0.43108958
0.44807953
0.44807953
0.44807953
0.48873994
0.48873994
0.48873994
0.48873994
0.48873994
0.48873994
0.48873994
0.48873994
0.48873994
0.48873994
0.48873994
0.48873994
0.48873994
0.48873994
0.49929544
0.49929544
0.49929544
0.49929544
0.5168995
0.5168995
0.57871133
0.57871133
0.57871133
0.57871133
0.57871133
0.57871133
0.57871133
0.57871133
0.57871133
0.57871133
0.57871133
0.57871133
0.57871133
0.57871133
0.57871133
0.57871133
0.57871133
0.57871133
0.57871133
0.57871133
0.57871133
0.57871133
0.57871133
0.638762
0.638762
0.638762
0.638762
0.638762
0.638762
0.638762
0.638762
0.638762
0.638762
0.638762
0.638762
0.638762
0.638762
0.638762
0.638762
0.638762
0.638762
0.638762
0.638762
0.638762
0.638762
0.638762
0.638762
0.638762
0.638762
0.638762
0.638762
0.638762
0.638762
0.638762
0.638762
0.638762
0.638762
0.638762
0.638762
0.638762
0.638762
0.638762
0.638762
0.638762
0.638762
0.638762
0.638762
0.638762
0.638762
0.638762
0.638762
0.638762
0.638762
0.638762
0.638762
0.638762
0.638762
0.638762
0.6392497
0.6392497
0.6392497
0.6392497
0.6392497
0.6392497
0.6392497
0.6392497
0.6392497
0.6392497
0.6392497
0.6392497
0.6392497
0.6392497
0.6392497
0.6392497
0.6392497
0.6392497
0.6392497
0.6392497
0.6392497
0.6392497
0.6392497
0.6392497
0.6392497
0.6392497
0.6392497
0.6392497
0.6392497
0.6392497
0.6392497
0.6392497
0.6392497
0.6392497
0.6392497
0.6392497
0.6392497
0.6392497
0.6392497
0.6392497
0.6392497
0.6392497
0.6392497
0.6392497
0.6392497
0.6392497
0.6392497
0.6392497
0.6392497
0.6392497
0.6392497
0.6392497
0.6392497
0.6392497
0.6392497
0.6392497
0.6392497
0.6392497
0.6392497
0.6392497
0.6392497
0.6392497
0.6392497
0.6392497
0.6392497
0.6392497
0.6392497
0.6392497
0.6392497
0.6392497
0.6392497
0.6392497
0.6392497
0.6392497
0.6392497
0.6392497
0.6392497
0.6392497
0.6392497
0.6392497
0.6392497
0.6392497
0.6392497
0.6392497
0.6392497
0.6392497
0.6392497
0.6392497
0.6392497
0.6392497
0.6392497
0.6392497
0.6392497
0.6392497
0.6392497
0.6392497
0.6392497
0.6392497
0.6392497
0.6392497
0.6392497
0.6392497
0.6392497
0.6392497
0.6392497
0.6392497
0.6392497
0.6392497
0.6392497
0.6392497
0.6392497
0.6392497
0.6392497
0.6392497
0.6392497
0.6392497
0.6392497
0.6392497
0.6392497
0.6392497
0.6392497
0.6392497
0.6392497
0.6392497
0.6392497
0.6392497
0.6392497
0.6392497
0.6392497
0.6392497
0.6392497
0.6392497
0.6392497
0.6392497
0.6392497
0.6392497
0.6392497
0.6392497
0.6392497
0.65404445
0.65404445
0.65404445
0.65404445
0.65404445
0.65404445
0.65404445
0.65404445
0.65404445
0.65404445
0.65404445
0.65404445
0.65404445
0.65404445
0.65404445
0.65404445
0.65404445
0.65404445
0.65404445
0.65404445
0.65404445
0.65404445
0.65404445
0.65404445
0.65404445
0.65404445
0.65404445
0.65404445
0.65404445
0.65404445
0.65404445
0.65404445
0.65404445
0.65404445
0.65404445
0.65404445
0.65404445
0.65404445
0.65404445
0.65404445
0.65404445
0.65404445
0.65404445
0.65404445
0.65404445
0.65404445
0.65404445
0.65404445
0.65404445
0.65404445
0.65404445
0.65404445
0.65404445
0.65404445
0.65404445
0.65404445
0.65404445
0.65404445
0.65404445
0.65404445
0.65404445
0.65404445
0.65404445
0.65404445
0.65404445
0.65404445
0.65404445
0.65404445
0.65404445
0.65404445
0.65404445
0.65404445
0.65404445
0.65404445
0.65404445
0.65404445
0.65404445
0.65404445
0.65404445
0.65404445
0.65404445
0.65404445
0.65404445
0.65404445
0.65404445
0.65404445
0.65404445
0.65404445
0.65404445
0.65404445
0.65404445
0.65404445
0.65404445
0.65404445
0.65404445
0.65404445
0.65404445
0.65404445
0.65404445
0.65404445
0.65404445
0.65404445
0.65404445
0.65404445
0.65404445
0.65404445
0.65404445
0.65404445
0.65404445
0.65404445
0.65404445
0.65404445
0.65404445
0.65404445
0.65404445
0.65404445
0.65404445
0.65404445
0.65404445
0.65404445
0.65404445
0.65404445
0.65404445
0.65404445
0.65404445
0.65404445
0.65404445
0.65404445
0.65404445
0.65404445
0.65404445
0.65404445
0.65404445
0.65404445
0.65404445
0.65404445
0.65404445
0.65404445
0.65404445
0.65404445
0.65404445
0.65404445
0.65404445
0.65404445
0.65404445
0.65404445
0.65404445
0.65404445
0.65404445
0.65404445
0.65404445
0.65404445
0.65404445
0.65404445
0.65404445
0.65404445
0.65404445
0.65404445
0.65404445
0.65404445
0.65404445
0.65404445
0.65404445
0.65404445
0.65404445
0.65404445
0.65404445
0.65404445
0.65404445
0.65404445
0.65404445
0.65404445
0.65404445
0.65404445
0.65404445
0.65404445
0.65404445
0.65404445
0.65404445
0.65404445
0.65404445
0.65404445
0.65404445
0.65404445
0.65404445
0.65404445
0.65404445
0.65404445
0.65404445
0.65404445
0.65404445
0.65404445
0.65404445
0.65404445
0.65404445
0.65404445
0.65404445
0.65404445
0.65404445
0.65404445
0.65404445
0.65404445
