7.690827
0.07690827
0.12614003
0.15630135
0.18679747
0.19744569
0.22127335
0.24176863
0.2511961
0.25822574
0.26952976
0.27303734
0.30244467
0.28840205
0.3108439
0.3391357
0.31646106
0.33552808
0.34035632
0.36952722
0.32574275
0.3593542
0.36116204
0.36336488
0.3834237
0.3854488
0.38176522
0.390333
0.36775315
0.3987607
0.4013493
0.3945409
0.40573084
0.4007864
0.40083596
0.40357575
0.41303918
0.4113612
0.4095682
0.406403
0.4175707
0.40690666
0.42498478
0.37943745
0.41947067
0.4207889
0.41094878
0.41875347
0.43463627
0.39978328
0.42094395
0.4260069
0.42685893
0.42974257
0.44381225
0.42025468
0.44724014
0.4374576
0.4220841
0.4301544
0.43439543
0.4590393
0.42238843
0.42583504
0.43650568
0.43541232
0.43891647
0.4378102
0.445162
0.45266876
0.45354405
0.44828615
0.44288796
0.4682952
0.41863117
0.4330577
0.4523689
0.45551127
0.46523377
0.45902362
0.47199562
0.43222123
0.44550118
0.452987
0.45319012
0.45543292
0.47048894
0.44237968
0.45713326
0.47650266
0.4714571
0.47028926
0.47619143
0.46338338
0.46733928
0.4830753
0.44579843
0.46794942
0.47991717
0.47312936
0.4835394
0.4763088
0.47614056
0.4837123
0.47271216
0.48295003
0.4893738
0.47787035
0.49182397
0.47240227
0.4825977
0.4840937
0.48820716
0.50248486
0.41484946
0.44929397
0.4654055
0.46628124
0.45898396
0.48114422
0.48721367
0.4715616
0.4723726
0.48502463
0.48598796
0.49457064
0.49096283
0.4960398
0.49249962
0.5013322
0.5033825
0.49099004
0.5000608
0.49722317
0.500286
0.50849307
0.48381707
0.49594712
0.4935567
0.4958237
0.4996361
0.49827248
0.50523317
0.5025311
0.49918655
0.5050091
0.5002817
0.5084488
0.51652807
0.47493392
0.48048908
0.480131
0.4841736
0.4922245
0.48946854
0.4908624
0.5096134
0.51115245
0.5129496
0.5090673
0.5233667
0.4611868
0.4684624
0.46846876
0.4815632
0.48474467
0.4950317
0.48609588
0.4867544
0.5052328
0.49487042
0.49740195
0.49308133
0.49651217
0.5084331
0.50916135
0.5069411
0.51919633
0.51272386
0.50183946
0.51985025
0.5158611
0.5234538
0.51538265
0.5122109
0.51958334
0.5200801
0.52106375
0.53066844
0.43047914
0.4477311
0.4730838
0.46946013
0.4821877
0.49200535
0.49266613
0.49105817
0.5036926
0.50549906
0.5018665
0.5076426
0.5110524
0.51533103
0.50664955
0.51478696
0.52432126
0.5249151
0.52551657
0.52032286
0.5285148
0.5137208
0.5159142
0.5232463
0.51853395
0.51869625
0.5190967
0.52656895
0.5297186
0.5234549
0.53022563
0.5252967
0.5367401
0.50728613
0.5036146
0.506114
0.52219164
0.5224947
0.5139525
0.52225834
0.5288666
0.5252725
0.52278036
0.53564334
0.52329516
0.5341044
0.538274
0.515744
0.5219651
0.5096531
0.5300504
0.5215806
0.53150606
0.52773863
0.5353645
0.533186
0.54810977
0.44585052
0.44709533
0.46356496
0.46892747
0.4910908
0.47025698
0.48547828
0.49727765
0.5084474
0.4887169
0.50119966
0.5116489
0.5141989
0.5050307
0.51390934
0.52202547
0.5231204
0.5293309
0.5054607
0.525208
0.52424026
0.5246509
0.52531934
0.53883255
0.49507165
0.51198864
0.520585
0.51433444
0.5226992
0.5213332
0.530611
0.5169815
0.51939374
0.519658
0.53905463
0.51613355
0.5202768
0.51994574
0.51686317
0.5200537
0.52392083
0.54471046
0.51501906
0.51195073
0.5232225
0.5261929
0.5353253
0.5253116
0.534007
0.53279763
0.5297654
0.5334251
0.5377043
0.53165835
0.5484395
0.5210539
0.5309507
0.53271645
0.5324042
0.5423392
0.55144876
0.5130085
0.5073821
0.5074827
0.514678
0.51972395
0.5217297
0.51532614
0.5220538
0.53370714
0.5138023
0.5317892
0.5230189
0.5326116
0.5256958
0.5334081
0.53373283
0.5275415
0.538218
0.534396
0.5252956
0.5341074
0.5524741
0.51224446
0.5197495
0.53542876
0.5344283
0.52301526
0.5290652
0.51877326
0.5272685
0.5401127
0.5302472
0.52730274
0.53707826
0.5384796
0.54044837
0.5332761
0.5387293
0.5397104
0.54408187
0.536137
0.5412489
0.55364436
0.5272348
0.5355381
0.5249438
0.524266
0.5378981
0.5435165
0.5534327
0.53757083
0.5428884
0.54857737
0.5341381
0.5412401
0.5551337
0.5349998
0.5315008
0.5301082
0.53024215
0.54332966
0.5412416
0.5385546
0.54603827
0.5488895
0.5457926
0.5526259
0.54036707
0.5567376
0.5322584
0.5354646
0.53871655
0.5477322
0.5374256
0.5437927
0.54311293
0.54530746
0.54337925
0.54040694
0.54632986
0.53808624
0.5455376
0.5395137
0.5426821
0.54146415
0.55394137
0.54209936
0.547803
0.5494096
0.5539231
0.5512892
0.56086236
0.50442195
0.53079766
0.5241694
0.53134006
0.53430456
0.5151959
0.5193425
0.5513135
0.5587461
0.5538513
0.5514665
0.5434543
0.55721605
0.5564759
0.5616764
0.54790026
0.5475049
0.54741484
0.5633708
0.5297674
0.5432488
0.55456567
0.551473
0.5509117
0.56050307
0.56427157
0.5539931
0.5512612
0.562973
0.5531365
0.5630495
0.5616812
0.56279445
0.5592201
0.56370425
0.5703165
0.5186037
0.525575
0.51225543
0.538184
0.54187804
0.5459399
0.5394571
0.54233813
0.55231035
0.54746443
0.5459559
0.5548003
0.5413362
0.5536658
0.55088234
0.5456813
0.554694
0.5554511
0.55555564
0.56272393
0.54432124
0.56323224
0.5428684
0.55767465
0.56017756
0.56649244
0.55084413
0.54076624
0.5546712
0.5462316
0.5452301
0.542618
0.5387488
0.5454593
0.5598359
0.5452199
0.55645746
0.54429287
0.55376524
0.5565788
0.54608965
0.55364
0.553887
0.55835295
0.55953455
0.5648291
0.5536057
0.5638944
0.56613666
0.55363554
0.56538755
0.57378197
0.51823336
0.5402515
0.54564285
0.5352366
0.5325773
0.5570893
0.5492775
0.55122244
0.55773467
0.55796605
0.5693109
0.5510228
0.5468807
0.5500497
0.5531325
