1.637419
0.08187095
0.14633037
0.16962433
0.17183825
0.17956306
0.21370342
0.22280815
0.22937556
0.23180823
0.24574073
0.27452376
0.26936042
0.28434813
0.3005638
0.29892296
0.28870603
0.31786448
0.2390923
0.3050244
0.3164343
0.35936564
0.34155032
0.35681763
0.3758579
0.3523551
0.3861921
0.38091812
0.3980015
0.42301264
0.33900183
0.31229347
0.35999233
0.4013659
0.42032042
0.41287357
0.43392006
0.38828838
0.41842538
0.4312656
0.42272115
0.4244008
0.42733067
0.42058682
0.42552924
0.45720276
0.29638445
0.3765047
0.42772618
0.3335493
0.44320512
0.3785451
0.41979274
0.42543378
0.4097821
0.41834536
0.43913132
0.43707234
0.45034185
0.39708656
0.43224335
0.46499023
0.4267715
0.474505
0.45535678
0.42495394
0.4639215
0.457514
0.45051727
0.4527111
0.46173844
0.47582203
0.46224776
0.47274408
0.47885385
0.43992352
0.45507908
0.4705081
0.43536273
0.45360008
0.46121484
0.46903163
0.4774871
0.49014026
0.42234308
0.4758598
0.48324865
0.4977034
0.4416461
0.4087159
0.45089284
0.42487654
0.4794541
0.47505838
0.4952
0.48667902
0.4847134
0.5042647
0.4631703
0.4606381
0.4709472
0.4617366
0.48838478
0.47832388
0.4979031
0.48453778
0.51843214
0.42974073
0.44519418
0.4646007
0.44708648
0.48590332
0.4524675
0.49320897
0.4422062
0.45441246
0.45797843
0.45966572
0.4985989
0.50355566
0.5085627
0.5101932
0.48325524
0.49635378
0.52923524
0.4738695
0.4770332
0.521346
0.50549495
0.50775677
0.5000509
0.5147914
0.5024834
0.51183474
0.5310981
0.47378963
0.487379
0.51845634
0.5142566
0.5499071
0.3941831
0.43966874
0.47927594
0.5011765
0.5067841
0.51619494
0.49129453
0.4961663
0.54134274
0.503513
0.5020918
0.5154578
0.49910086
0.514325
0.51338017
0.54050356
0.53670144
0.54766023
0.5287
0.525888
0.5063131
0.53074366
0.5209726
0.54646033
0.5143261
0.5476053
0.5252262
0.53049403
0.5341021
0.54291224
0.53710616
0.55960053
0.49634188
0.53210413
0.47028595
0.46459398
0.53099287
0.5066211
0.5255776
0.50247335
0.52584517
0.52011764
0.51393783
0.5006689
0.53311783
0.55971587
0.5234158
0.5547148
0.5327953
0.5157534
0.56077564
0.5420109
0.56228745
0.54068935
0.5272773
0.54999846
0.55144143
0.52995807
0.5549604
0.5467049
0.5715538
0.5134207
0.547013
0.49578747
0.5311689
0.5429187
0.54570514
0.5572597
0.5740665
0.4681818
0.48809394
0.47302833
0.47897023
0.5145514
0.5060085
0.4962894
0.49820966
0.49842387
0.529666
0.52785087
0.55168456
0.48765045
0.51270676
0.49050355
0.46328896
0.520414
0.56034106
0.5718597
0.5518926
0.5537882
0.53820056
0.5545855
0.5849066
0.4613746
0.501908
0.496983
0.56020844
0.49245292
0.50192773
0.50453436
0.5421041
0.48701233
0.50013816
0.5047368
0.5041869
0.5275664
0.52823764
0.5081842
0.5274825
0.5175188
0.5603663
0.54300416
0.52894986
0.5557254
0.5224787
0.5375119
0.52784514
0.5261269
0.54426545
0.5336002
0.55636346
0.559134
0.56167793
0.558825
0.55366504
0.5747573
0.5855151
0.5421287
0.5219804
0.53997433
0.541593
0.57146645
0.53451955
0.5389371
0.54229176
0.56344575
0.5521873
0.5684813
0.5684341
0.5467237
0.54863566
0.53435093
0.57527876
0.56951547
0.57325613
0.55363834
0.5592056
0.57298565
0.56614316
0.57645345
0.57374513
0.57399297
0.5657562
0.56683534
0.5888875
0.5107138
0.53113323
0.56465846
0.5546889
0.5038942
0.5383782
0.54226613
0.53750974
0.5505058
0.5843258
0.56538725
0.56648326
0.59510493
0.42563176
0.48064327
0.45982808
0.50944936
0.52588016
0.53800595
0.5314068
0.5063568
0.53965527
0.50497735
0.5398813
0.500698
0.51031256
0.5288156
0.539275
0.53642946
0.555669
0.49409685
0.57455504
0.43528882
0.47969216
0.52770984
0.49457163
0.50261486
0.5294785
0.54689866
0.5195392
0.5220765
0.5294252
0.52965313
0.51148236
0.52726364
0.53219926
0.51654786
0.5380108
0.58001935
0.41421276
0.49307093
0.5040064
0.48448414
0.52503186
0.4603738
0.55284417
0.49005008
0.5042883
0.5129
0.5236946
0.51203835
0.5161541
0.5298612
0.56937325
0.5172908
0.48749408
0.54752177
0.5367311
0.50990254
0.4985467
0.55392706
0.5125587
0.53801495
0.57122725
0.52311575
0.5087282
0.55057967
0.50658786
0.5547427
0.5526731
0.5352394
0.53358185
0.5343904
0.52065
0.5421821
0.55265385
0.57102984
0.56872743
0.57590353
0.5546788
0.55720127
0.5747262
0.56338614
0.5545731
0.57963574
0.5595572
0.54874396
0.56254613
0.5545759
0.563197
0.5567044
0.5810288
0.5954779
0.50727856
0.54961896
0.5695247
0.5325278
0.57247525
0.5522136
0.5670473
0.53372926
0.54393446
0.53364986
0.5559022
0.55735356
0.5693875
0.58726734
0.5447083
0.55982935
0.56068456
0.55251944
0.54224217
0.56684613
0.56077874
0.5874046
0.5645371
0.55377674
0.5792935
0.5566411
0.56564665
0.5726381
0.5635326
0.57763755
0.5931373
0.56744325
0.5700231
0.57110137
0.5929331
0.5798861
0.58645797
0.5614221
0.58509684
0.5867918
0.5896348
0.58836997
0.5812982
0.57448167
0.57259536
0.57451797
0.5850399
0.55889237
0.5779542
0.5626143
0.570167
0.574351
0.5664002
0.5897722
0.57761496
0.57291114
0.58710337
0.5760025
0.5776931
0.5672357
0.5581833
0.56494224
0.55379295
0.55193913
0.5736947
0.5764853
0.5878761
0.55004543
0.5898972
0.57244503
0.595821
0.5762507
0.5538395
0.5677804
0.56995463
0.57463807
0.56946975
0.55240977
0.56994814
0.56216526
0.5748671
0.59459835
0.585787
0.5732309
0.60199475
0.40434203
0.49342662
0.45372456
0.4804504
0.47775984
0.46284884
0.47413892
0.5131353
0.5120441
0.50223166
0.5274869
0.53713614
0.5080299
0.50777996
0.52779454
0.5323817
0.52412254
0.530415
0.5494599
0.53185964
0.5249492
0.5392511
0.5552569
0.50900865
0.5482564
0.5347048
0.5164193
0.575644
0.49386483
0.46045604
0.53561795
0.5367166
0.5349164
0.52665985
0.49279752
0.5631083
0.54406965
0.5343217
0.5471441
0.56858283
0.58667296
0.52930135
0.51827353
0.52478534
0.5625233
0.54838383
0.5660302
0.5641249
0.5317074
0.57300174
0.5200682
0.534038
0.51378417
0.53470844
0.55596596
0.5480443
0.54287344
0.5795052
0.5756299
0.5567266
0.56481063
0.5699502
0.5720976
0.5559596
0.592741
0.56481564
0.5485269
0.5095989
0.50819504
0.5109006
0.5533601
0.5184056
0.57663715
0.5424374
0.5179584
0.56521773
0.5531846
0.5420171
0.541859
0.5379039
0.54938805
0.5520384
0.554001
0.5357727
0.55800784
0.55981374
0.54207504
0.5347125
0.51947653
0.55730516
0.56399834
0.58916724
0.5647331
0.5542319
0.58929026
0.5521908
0.5548479
0.5645255
0.5526164
0.5677778
0.58363897
0.57129043
0.5694622
0.5922699
0.54994965
0.55421686
0.5784707
0.58286536
0.58183384
0.56693035
0.5572344
0.58136094
0.5736693
0.5900599
0.5711946
0.57842493
0.5494715
0.5941409
0.5432449
0.58867514
0.59482646
0.54224724
0.5757132
0.5930664
0.55695105
0.5500239
0.5584856
0.54595536
0.5653758
0.5625125
0.5629791
0.5510468
0.58157396
0.5939658
0.5734977
0.5735935
0.5542408
0.5662155
0.56578875
0.58463705
0.5441719
0.5541884
0.57849556
0.5493401
0.57062775
0.5919517
0.5650417
0.5798433
0.5709499
0.59998226
0.5533408
0.511532
0.49743247
0.52859503
0.54994583
0.568771
0.5678532
0.52481383
0.5451077
0.5246306
0.580462
0.5495215
0.58835286
0.5792004
0.58866525
0.57679975
0.5491271
0.5809509
0.52980125
0.5613056
0.57295716
0.57068306
0.57574815
0.59883374
0.54590213
0.57053083
0.54495823
0.58037937
0.581952
0.5745712
0.5762119
0.5882453
0.57803905
0.57716084
0.5826899
0.60454714
0.57831585
0.5642373
0.56045884
0.59301543
0.56886756
0.58470285
0.56622255
0.56236875
0.58797
0.57792026
0.587
0.5876236
0.5982071
0.5908425
0.58668476
0.5984043
0.5706178
0.5689162
0.57526034
0.59700906
0.6003481
0.5806812
0.5558085
0.54524785
0.58442235
0.576852
0.5751167
0.59520096
0.59386265
0.58678687
0.60864115
0.51524717
0.51411
0.55546737
0.5588791
0.5524298
0.548729
0.54118365
0.58123106
0.50769436
0.54767215
0.51578856
0.5115472
0.5337418
0.5204042
0.5656632
0.5453374
0.53023976
0.5529902
0.5890383
0.5268889
0.52985597
0.5190274
0.5544338
0.55261433
0.5323059
0.5134252
0.554028
0.56167364
0.54032266
0.5912066
0.5580905
0.5335077
0.5556175
0.58743745
0.58740777
0.5712423
0.60945994
0.5722138
0.59049475
0.56586623
0.5678071
0.58887255
0.557443
0.5759836
0.5692975
0.58081216
0.5918186
0.58711565
0.6056622
0.58989495
0.60432297
0.5661004
0.57446736
0.56408525
0.5700045
0.5914865
0.5579626
0.54915434
0.5547543
0.56010973
0.5997573
0.5812908
0.5728017
0.5630387
0.575313
0.57143146
0.563033
0.5952248
0.56552595
0.58779836
0.59809816
0.5743906
0.60509694
0.5710349
0.6016612
0.5458466
0.56453884
0.5845579
0.56588185
0.59303874
0.580129
0.59527
0.5914258
0.61495644
0.4987146
0.45137662
0.524705
0.5117529
0.47378126
0.560624
0.50329995
0.55484307
0.56633395
0.5308943
0.5413313
0.5250083
0.5339671
0.57891965
0.52696323
0.53253174
0.5152132
0.53227335
0.54972076
0.5611253
0.57658005
0.54373467
0.59079254
0.5299484
0.5670327
0.55347824
0.5834413
0.6047833
0.5613469
0.52471596
0.53098
0.5705076
0.59649754
0.5793161
0.6084205
0.5305975
0.56645024
0.5520005
0.5713488
0.5617677
0.5533688
0.5735121
0.58954185
0.59095126
0.5782349
0.6089247
0.5593263
0.5351981
0.574057
0.5648957
0.57539237
0.5528463
0.5866165
0.58998215
0.5762096
0.5670503
0.56913173
0.5619586
0.5682341
0.54789096
0.54554695
0.5569594
0.5730378
0.5689619
0.57892585
0.5696947
0.56638587
0.5676179
0.5836925
0.57037705
0.5461936
0.5985211
0.5706757
0.537781
0.58187616
0.54945624
0.58138406
0.55378646
0.5910596
0.57790303
0.5922793
0.6142911
0.5356527
0.5699573
0.55482376
0.5616205
0.5324359
0.5598091
0.562434
0.5716163
0.537495
0.60380286
0.5623373
0.5294554
0.53067446
0.5257798
0.57459134
0.5574903
0.5422915
0.52889836
0.56882876
0.5879208
0.5504067
0.55585235
0.58823085
0.57267934
0.5673109
0.5724061
0.57937986
0.5965542
0.56083935
0.5912328
0.5617172
0.57392675
0.540375
0.5697926
0.5604502
0.59800136
0.57550734
0.57962865
0.57339126
0.5575682
0.579771
0.5758599
0.56445533
0.6034642
0.5948842
0.5981946
0.53750193
0.5881191
0.56412125
0.57891446
0.584092
0.5747057
0.5949887
0.59385836
0.5354568
0.592898
0.5392919
0.55195653
0.56505644
0.5756915
0.59102464
0.5510639
0.55796933
0.577885
0.5750233
0.54194015
0.5726959
0.59203565
0.5879738
0.5555612
0.56165326
0.60084057
0.583798
0.57610786
0.5612984
0.5915178
0.56256
0.591327
0.57421535
0.583515
0.5780162
0.59035784
0.567701
0.5921799
0.59540987
0.5822074
0.6123184
0.57765794
0.6002463
0.5588157
0.59499586
0.59742135
0.6039033
0.56977975
0.5997984
0.58183414
0.56231195
0.5767895
0.59505975
0.56857157
0.568997
0.5703495
0.575742
0.57701147
0.5790861
0.57176095
0.6044712
0.5691788
0.55649114
0.58489597
0.5772606
0.58825976
0.6069681
0.5839764
0.5886971
0.5847799
0.591155
0.5715967
0.56479675
0.59108526
0.58770144
0.6007385
0.59152955
0.5883812
0.5853993
0.56210876
0.62245625
0.5272273
0.52609444
0.5154666
0.54415834
0.5289116
0.52530825
0.55434126
0.53112876
0.5501719
