1.519886
0.0759943
0.13171668
0.17917046
0.21176803
0.20411637
0.21203685
0.23180819
0.24595904
0.22366782
0.2457821
0.27372536
0.2662219
0.26827478
0.2947484
0.25847578
0.2807933
0.30138642
0.29884046
0.30709457
0.32232255
0.33103794
0.3281219
0.33854866
0.3625185
0.34100738
0.33765367
0.3428095
0.35519862
0.3655572
0.36577836
0.34427494
0.37700212
0.31655362
0.32468948
0.3555374
0.35614055
0.36134958
0.36561078
0.37168851
0.3577794
0.36853227
0.36998126
0.3716409
0.37585992
0.366454
0.3790512
0.34956062
0.35209957
0.36606887
0.3739413
0.3586614
0.3767707
0.36977363
0.38011765
0.37859127
0.3635003
0.36514813
0.37707308
0.39803773
0.33637843
0.36883852
0.36459044
0.38558096
0.36914346
0.393192
0.38447765
0.39555326
0.39178228
0.39941052
0.399651
0.41185275
0.29509443
0.31735057
0.32641298
0.33444148
0.38934594
0.38209718
0.40897244
0.41127568
0.4128645
0.42370716
0.45035934
0.3737809
0.4209543
0.42330503
0.42663193
0.42008537
0.41604155
0.46295428
0.43612257
0.45189482
0.45326358
0.46386737
0.4659422
0.47155228
0.43255416
0.44363433
0.45840177
0.47150883
0.4153915
0.4615787
0.4519806
0.45385146
0.48276347
0.45205942
0.46140012
0.43484244
0.49751264
0.40680647
0.441518
0.4566753
0.5041156
0.45736265
0.4644447
0.4769621
0.514281
0.48171312
0.5071257
0.4870971
0.49691814
0.51195693
0.49980217
0.50978243
0.5219607
0.50449264
0.52543366
0.4904589
0.45102516
0.48836845
0.51225024
0.49561244
0.52156585
0.48720002
0.51610315
0.5277368
0.50158703
0.5136171
0.50420994
0.5206608
0.5193637
0.5277354
0.52472585
0.5216434
0.5441662
0.43560085
0.48251694
0.4710888
0.51719975
0.44957703
0.4823896
0.50043905
0.5310606
0.5329167
0.51716274
0.5673119
0.45912704
0.5032021
0.4464457
0.4741656
0.51176417
0.51635396
0.52801234
0.5168133
0.49618617
0.5483731
0.4991955
0.5206264
0.5355319
0.5309609
0.53907585
0.5463675
0.4930429
0.542734
0.52120805
0.5344095
0.5048024
0.53772324
0.5038996
0.5608094
0.5043808
0.5191072
0.526507
0.5403047
0.5683378
0.5214634
0.5222565
0.55701846
0.5638064
0.55365264
0.5644799
0.5476633
0.5560343
0.5422721
0.5414831
0.53636175
0.566914
0.55035126
0.5506999
0.5396294
0.55718327
0.5462761
0.54441726
0.5479239
0.57184017
0.55158275
0.5552995
0.5603017
0.56705916
0.566234
0.5533624
0.57258236
0.5165216
0.55808675
0.55098
0.537721
0.55435205
0.5691811
0.5511703
0.55575824
0.55374944
0.55837977
0.55690825
0.55814093
0.5455838
0.5825422
0.49514765
0.5517968
0.5462802
0.54681295
0.5230411
0.52928364
0.54624665
0.55557334
0.54469407
0.5517137
0.57122046
0.58236057
0.566263
0.5735136
0.5567743
0.57637024
0.55499613
0.55571693
0.5837748
0.57256454
0.5697456
0.59306264
0.52818584
0.56333154
0.5659908
0.54882044
0.5838016
0.5241824
0.5604678
0.57135415
0.52872515
0.5704392
0.55204785
0.55438787
0.588645
0.5404115
0.5732795
0.5410918
0.5713442
0.5548082
0.5653455
0.5533722
0.51421154
0.5355403
0.5684773
0.55367124
0.5388313
0.5584309
0.5709775
0.58179474
0.5836898
0.5599425
0.60074294
0.475202
0.4994809
0.5382113
0.5364491
0.5467765
0.5196866
0.5157575
0.51549065
0.5491268
0.56175697
0.5370709
0.57762694
0.5431317
0.556619
0.58128065
0.5746268
0.59461915
0.5024407
0.5091786
0.50032103
0.51700723
0.5438033
0.5503205
0.543342
0.5445697
0.57515407
0.5525346
0.56079257
0.5940204
0.546116
0.50749177
0.5346003
0.49871388
0.51846874
0.4955712
0.5434727
0.5401036
0.56914955
0.5368343
0.5668724
0.54435945
0.59720135
0.5606175
0.5652279
0.56205547
0.5274576
0.5622162
0.54762816
0.5609473
0.5776979
0.5627171
0.5525664
0.5641874
0.57507277
0.5636252
0.5589116
0.57215214
0.59437
0.5251259
0.57996976
0.56458324
0.5524558
0.5642233
0.5924505
0.60725415
0.509728
0.556519
0.58689404
0.5651636
0.57195866
0.5823903
0.5589195
0.5657512
0.56111944
0.60410416
0.5400661
0.5332987
0.52635324
0.5570794
0.5747053
0.53542095
0.5426716
0.5621742
0.5479115
0.52530605
0.5524932
0.53088325
0.54627115
0.5357804
0.54205334
0.55280566
0.5424384
0.57238567
0.5823091
0.5220955
0.5291747
0.5053693
0.5639299
0.55468774
0.5585598
0.55344146
0.58674276
0.5443076
0.5489508
0.569661
0.5876056
0.54973644
0.5594662
0.56109107
0.60442936
0.53204286
0.53827477
0.55201817
0.5630535
0.569944
0.5728148
0.57491136
0.5635837
0.59177554
0.5853755
0.5850023
0.5870537
0.5839403
0.5660518
0.5772275
0.5648503
0.5983561
0.55817544
0.5579446
0.56745446
0.5523435
0.5559429
0.57161003
0.5423618
0.5352492
0.5488261
0.55145377
0.5224222
0.5371534
0.56323576
0.58896077
0.5905484
0.58859813
0.5956681
0.5882315
0.5838753
0.6088828
0.5174765
0.52478236
0.5458701
0.55325437
0.5769952
0.586228
0.53377515
0.5475895
0.54051477
0.57424843
0.56906164
0.56404674
0.5970525
0.5490675
0.5790857
0.5677182
0.5735025
0.5613248
0.5859796
0.56497365
0.5973362
0.57375926
0.60341734
0.57570404
0.613313
0.52117336
0.5255362
0.57988477
0.55005294
0.5272837
0.5209547
0.55572546
0.5676731
0.55144674
0.5496731
0.5594351
0.59196913
0.54075223
0.5361315
0.5637336
0.56413525
0.59120667
0.59066474
0.5721129
0.5838873
0.55731505
0.55007935
0.5834538
0.5529417
0.5527644
0.5791644
0.5841721
0.5592233
0.5630187
0.58741766
0.56986916
0.54880774
0.58135164
0.5641515
0.5650261
0.5865068
0.5806606
0.58519334
0.57179046
0.5763167
0.5788764
0.5879611
0.58977985
0.6091763
0.5758339
0.57886755
0.5391747
0.54937685
0.5756829
0.5901014
0.5873333
