1.401634
0.070081696
0.120434165
0.21422303
0.23965314
0.2349418
0.26498553
0.25288653
0.27545056
0.2864141
0.28846034
0.2878401
0.29161054
0.27349934
0.28913468
0.2975997
0.26892388
0.2806345
0.2885519
0.2950044
0.28926545
0.30178612
0.30165896
0.31159028
0.26436466
0.26762015
0.27504742
0.29537198
0.28586882
0.30137804
0.31311953
0.30973858
0.3093611
0.32614288
0.31070352
0.29879874
0.34028465
0.23648925
0.29443878
0.2985988
0.29103923
0.32981908
0.2943123
0.32832748
0.33436882
0.31333047
0.3457951
0.3228652
0.32423806
0.34891906
0.36491457
0.35452336
0.3916897
0.28372437
0.3135976
0.34106153
0.3804777
0.36454386
0.3868383
0.40365395
0.3676061
0.3975362
0.38599223
0.40983987
0.40945658
0.3987006
0.41206855
0.4318468
0.31204608
0.37720424
0.38659865
0.42160478
0.3750358
0.39970607
0.410698
0.4201774
0.41388965
0.42900816
0.4086482
0.39555585
0.3924036
0.41597462
0.41710442
0.42739812
0.4323914
0.45168057
0.35301337
0.3584836
0.40591112
0.40989733
0.41677323
0.41664895
0.4060114
0.43181968
0.41166657
0.4560879
0.374788
0.41087064
0.38007295
0.4280378
0.42438015
0.45102745
0.41675228
0.42522007
0.4197484
0.43246856
0.47012872
0.41061443
0.42266488
0.42744255
0.4238747
0.4443172
0.45771113
0.47146815
0.47483164
0.45024508
0.47806725
0.4372844
0.4700955
0.45800033
0.4339098
0.4526344
0.44386593
0.46855587
0.47950745
0.48479304
0.46471995
0.47763532
0.47721568
0.48706484
0.42405182
0.45748895
0.4448081
0.46538028
0.49295107
0.44964203
0.46852046
0.4779149
0.4782838
0.48769727
0.50737846
0.3690806
0.4148241
0.42261824
0.40066403
0.43091115
0.39283976
0.45354453
0.42236218
0.48893446
0.4449951
0.41093335
0.46495858
0.4572311
0.45359173
0.4629205
0.46521297
0.41276398
0.46423388
0.46015492
0.47125283
0.48215097
0.46301144
0.46910658
0.47091955
0.49022564
0.4685177
0.4914628
0.48536372
0.48336536
0.49327403
0.49813718
0.48221612
0.4538465
0.4835084
0.48315787
0.49943486
0.4942018
0.51959884
0.37420273
0.43969694
0.40175253
0.4352557
0.4070704
0.41735244
0.46239203
0.46273923
0.4528257
0.4657499
0.41339454
0.4847886
0.46107516
0.46233696
0.4756902
0.4989254
0.43542948
0.4697597
0.45621982
0.47833857
0.49981537
0.50892395
0.48486352
0.49479938
0.4969377
0.50918853
0.50202334
0.5068354
0.50287014
0.51744163
0.51068366
0.49178758
0.5107045
0.5228078
0.49551135
0.49934763
0.5108528
0.513003
0.5189101
0.5311882
0.43623838
0.46119183
0.4546531
0.45163292
0.48225412
0.4858703
0.4812193
0.5000398
0.5142432
0.4632515
0.4932159
0.50183195
0.49300772
0.52612823
0.5244033
0.5226672
0.5048943
0.49351087
0.5264056
0.525194
0.5228654
0.5192139
0.5012354
0.5254261
0.52986896
0.5305935
0.5241064
0.5154651
0.53756076
0.5123791
0.51165116
0.5090404
0.5421108
0.4730917
0.47882634
0.4697663
0.46310622
0.48288026
0.48406118
0.48688054
0.46811143
0.4925537
0.4846104
0.52103555
0.4975604
0.5141527
0.5254372
0.5079458
0.5317941
0.4704566
0.5053279
0.49414128
0.50268996
0.49000177
0.49814597
0.49405313
0.5202003
0.52697307
0.4937788
0.5228224
0.51117456
0.5228895
0.53075373
0.4949432
0.4836015
0.5096561
0.50860655
0.49588567
0.5308418
0.54405427
0.46430296
0.48349208
0.48908186
0.48892522
0.5105259
0.5130801
0.5201169
0.5346082
0.5217556
0.5034322
0.52846265
0.4757618
0.48712248
0.4772688
0.4965467
0.49326557
0.5096898
0.5057218
0.5383713
0.5168973
0.546751
0.43798757
0.48578557
0.48976678
0.5010371
0.49587923
0.51195866
0.5014459
0.5193416
0.5134694
0.53134143
0.5515992
0.49109158
0.48540473
0.5049025
0.527383
0.5254687
0.487127
0.4899377
0.50486535
0.5092013
0.5131889
0.47178364
0.50556886
0.54911125
0.53224164
0.53419197
0.51818115
0.5351387
0.5125087
0.5483953
0.5504182
0.5280522
0.5292759
0.55524135
0.50167215
0.56321806
0.46168357
0.46889767
0.50319034
0.5215769
0.4960281
0.5298594
0.5123437
0.5361439
0.49533558
0.49005032
0.4811686
0.5124422
0.51528823
0.50558245
0.5149703
0.51165247
0.52150875
0.5326031
0.53217083
0.5575455
0.49929863
0.47791785
0.52948225
0.52020156
0.51787007
0.5301421
0.5320051
0.5574136
0.5276723
0.5255311
0.5238221
0.53463423
0.5597229
0.5078833
0.55135494
0.5367882
0.5005579
0.5386611
0.536605
0.5386708
0.54512507
0.55402243
0.4995388
0.54053104
0.5298444
0.53524745
0.5366806
0.54913175
0.5427399
0.5357006
0.5588219
0.5438542
0.54670846
0.56403375
0.5304143
0.52158123
0.5289581
0.541249
0.5447811
0.5560133
0.5526098
0.5415658
0.55453074
0.55715406
0.557515
0.557915
0.56801915
0.5470032
0.5128594
0.51956123
0.54372877
0.53082794
0.55770004
0.55271596
0.55057085
0.5573836
0.54616153
0.5523265
0.5309243
0.5648109
0.5301482
0.5642482
0.5364932
0.56262356
0.5395012
0.54937494
0.5577614
0.53429043
0.5327281
0.55848354
0.5455883
0.55684274
0.533742
0.53349143
0.5304764
0.52538776
0.5327474
0.5549053
0.5288355
0.5404359
0.5221652
0.56457686
0.57557744
0.40911907
0.4998249
0.4446345
0.46481267
0.4962141
0.49228197
0.4832301
0.5191464
0.49176708
0.49500507
0.506029
0.50897676
0.50991344
0.49387893
0.52347624
0.50505334
0.5135473
0.51591957
0.53180313
0.48790663
0.5299841
0.5492823
0.5221396
0.492335
0.5276967
0.51434755
0.53481925
0.51433825
0.54563105
0.5514101
0.54979414
0.5497372
0.5730988
0.49450716
0.5453149
0.54866505
0.51786286
0.52967054
0.55524576
0.56209564
0.55207694
0.53603375
0.54109055
0.5600657
0.544897
0.55127704
0.5735408
0.5713049
0.5755354
0.5588302
0.5436656
0.56788534
0.54346126
0.56138605
0.56670254
0.5453212
0.55935156
0.56431586
0.56684256
0.5861412
0.4662376
0.48673192
0.5187624
0.5037892
0.5451354
0.5257926
0.5260357
0.5359748
0.5060966
0.5222178
0.520129
0.5343625
0.5510347
0.52786034
0.53136474
0.53206646
0.53530705
0.5332812
0.5294064
0.57031673
0.5204045
0.54750067
0.5706598
0.576721
0.5629924
0.55288327
0.5661634
0.5580932
0.56613106
0.57079935
0.5868613
0.5176773
0.5538703
0.47761506
0.514568
0.53203285
0.54681236
0.5276232
0.5633345
0.55681
0.54259694
0.5607029
0.5389688
0.54953307
0.5414172
0.5597554
0.5389193
0.54199153
0.54720324
0.54961264
0.5776206
0.5707357
0.5580892
0.53802246
0.57780015
0.56849784
0.54922426
0.55192083
0.5855193
0.5553815
0.5318468
0.53755665
0.5858321
0.5640112
0.5930048
0.48127317
0.4995409
0.49377528
0.5311487
0.54116726
0.52240485
0.56730574
0.5190381
0.56140053
0.55868846
0.54460657
0.5720483
0.5744544
0.5478927
0.5580623
0.5483547
0.5435178
0.5586334
0.56860644
0.5426521
0.5653596
0.5631776
0.5658448
0.571005
0.54188883
0.5724522
0.5517905
0.56998694
0.5652536
0.56001973
0.57101166
0.5677639
0.5784814
0.54188406
0.5506774
0.5833333
0.52370614
0.51097494
0.55093944
0.5390388
0.5329349
0.59137076
0.50513464
0.5252193
0.52162033
0.5523833
0.5123303
0.5471203
0.5277966
0.51516783
0.5349513
0.5326606
0.5421027
0.5683143
0.57332325
0.55516493
0.57613146
0.5731317
0.56884766
0.5775818
0.5794646
0.5737011
0.56185806
0.57740915
0.5885452
0.5775553
0.5733685
0.58459574
0.59639335
0.5494105
0.5118362
0.53202176
0.53414375
0.5428768
0.5574765
0.54397136
0.531142
0.5577137
0.57049733
0.54553497
0.5648899
0.57811725
0.5646995
0.56646454
0.58760524
0.5685514
0.54389155
0.56151307
0.53068274
0.5708905
0.5484018
0.5725826
0.574048
0.5895982
0.590348
0.57584894
0.58330643
0.5934884
0.59347713
0.58791834
0.60350204
0.48906317
0.49705368
0.510902
0.530606
0.54848063
0.52972484
0.53059137
0.49913067
0.5143608
0.5322464
0.52964306
0.53093827
0.565709
0.54692143
0.567387
0.561169
0.53862166
0.59401524
0.5190381
0.5398725
0.5416418
0.55083513
0.5234207
0.52904516
0.5790931
0.5504123
0.5488451
0.5638731
0.5717447
0.5311726
0.5594747
0.55749905
0.5550542
0.56475395
0.54959863
0.56788254
0.56455547
0.5741005
0.56995976
0.57217354
0.55344635
0.5592266
0.5561703
0.54874647
0.5559706
0.5787603
0.5554625
0.56401926
0.556342
0.5745974
0.5533788
0.54963416
0.56504047
0.5667753
0.57394326
0.59191275
0.6003727
0.58286405
0.5988189
0.5878622
0.58499706
0.58906543
0.56423366
0.577207
0.58360493
0.5730441
0.56735814
0.5917579
0.5980558
0.599419
0.58572125
0.5718735
0.5893185
0.59797615
0.58122337
0.59622526
0.59985465
0.60562605
0.4786254
0.54878205
0.5345336
0.5292067
0.53627604
0.5242903
0.5517077
0.5132822
0.5363159
0.5234511
0.55207956
0.54741144
0.50262177
0.55968726
0.5240474
0.5392474
0.56034195
0.54757565
0.56153953
0.5574147
0.53881365
0.5742587
0.5051826
0.53986067
0.530003
0.51962197
0.5747782
0.5414801
0.6007494
0.4879517
0.48491564
0.5537507
0.521735
0.5551074
0.55099624
0.5535863
0.53835845
0.57258165
0.5425016
0.5525435
0.58448815
0.55954677
0.53621185
0.5463125
0.56311697
0.5318069
0.5505091
0.5364276
0.55187047
0.5164374
0.57212144
0.56193346
0.5602578
0.56159186
0.55773014
0.5695802
0.5448379
0.5547968
0.5364256
0.552585
0.57095945
0.57746786
0.58372843
0.5640427
0.5561911
0.5901483
0.5171167
0.5590637
0.55665815
0.5720718
0.5710896
0.5580822
0.57230645
0.55890846
0.5840926
0.59521437
0.58040977
0.60959804
0.4514114
0.48370132
0.48724955
0.5361413
0.48246542
0.5021081
0.51494604
0.53782445
0.5528414
0.5586065
0.5614403
0.5420563
0.5460931
0.541556
0.56107837
0.53588164
0.55772746
0.5354468
0.5566913
0.52733964
0.5844073
0.50206345
0.50011873
0.5863389
0.5309402
0.55255014
0.5741015
0.54221517
0.56214154
0.52642095
0.5442864
0.5685661
0.51826924
0.54352146
0.58163095
0.5669894
0.5430303
0.52687556
0.56437844
0.55416024
0.5764599
0.56045717
0.5674615
0.5507172
0.5851578
0.56815696
0.60570467
0.5469134
0.56154317
0.5631794
0.5454534
0.5431863
0.54558706
0.56630087
0.58400226
0.5195702
0.56367683
0.56055963
0.5353199
0.578804
0.5603189
0.5622794
0.5985203
0.561474
0.6098961
0.56810445
0.5590743
0.55233824
0.5370124
0.5518981
0.59329796
0.55743945
0.56220657
0.58627516
0.5747159
0.57477057
0.5975552
0.57374936
0.59489334
0.5807498
0.59533507
0.5646497
0.5734326
0.57333636
0.57412994
0.53878945
0.55166686
0.60186386
0.5896968
0.5855427
0.5859874
0.5844951
0.58309513
0.599818
0.5583729
0.6031648
0.5732836
0.5863086
0.5752161
0.55104864
0.6015864
0.59684813
0.59416825
0.60472655
0.61541605
0.540028
0.58859247
0.57887745
0.5875029
0.6062246
0.61757576
0.5662945
0.5789332
0.6072818
0.5903837
0.55517775
0.568023
0.57646406
0.5953175
0.59319633
0.5858606
0.6075588
0.5564945
0.5923657
0.5920142
0.58828896
0.6084215
0.5979215
0.5932531
0.58044624
0.60250485
0.57896507
0.5854229
0.6245024
0.4628759
0.53761494
0.4850948
0.5225117
0.47728676
0.53981733
0.52610606
0.50830877
0.58668584
0.4875826
0.50418675
0.55511
0.50456333
0.5219942
0.5142439
0.5166141
0.5359467
0.553682
0.5751747
0.5203148
0.5456071
0.52142483
0.56716156
0.5719899
0.5612744
0.58269536
0.5931142
0.538896
0.5399086
0.56664515
0.54517543
0.55352163
0.55469126
0.58459985
0.5524852
0.57105607
0.5507229
0.5787359
0.5682234
0.577494
0.5664928
0.61476105
0.5299172
0.5774235
0.5536443
0.5780678
0.60051864
0.592656
0.54304546
0.57295716
0.58501005
0.5878415
0.5728295
0.6009673
0.6019658
0.57443357
0.5476568
0.5762101
0.6044344
0.5707462
0.56505954
0.5612424
0.5742356
0.56964475
0.58745563
0.58655125
0.6069114
0.5920104
0.6253234
0.5411454
0.57603896
0.5873219
0.5926568
0.58805466
0.5577021
0.5836096
0.59821224
0.5403802
0.52733386
0.57452804
0.5788959
0.61268985
0.5284436
0.57928026
0.57453954
0.5704446
0.6072642
0.5401226
0.5810932
0.5680865
0.5677319
0.59280753
0.5718354
0.58225274
0.60814404
0.5995265
0.56423265
0.5911511
0.5999914
0.57782656
0.60425127
0.5730187
0.6131229
0.57147133
0.57218325
0.5868224
0.5691706
0.5938499
0.59769195
0.5989499
0.5738401
0.60001755
0.6084672
0.5736791
0.5921806
0.59058726
0.6057025
0.60378397
0.6066623
0.62697995
0.5572002
0.54966956
0.5412754
0.55096835
0.57504904
0.5796145
0.5528765
0.5673809
0.5654531
0.61085784
0.5699895
0.6000748
0.55603504
0.5407907
0.58186525
0.57164407
0.58080053
0.5586237
0.5713629
0.5698001
0.5874013
0.60740435
0.59242
0.5819758
0.61547166
0.57732975
0.5757027
0.57984114
0.5786448
0.59039754
0.5615601
0.56278056
0.53976643
0.57291085
0.56262195
0.56248885
0.56924
0.56488866
0.5948048
0.5704451
0.6000954
0.55881286
0.57552904
0.5836016
0.6020155
0.59104234
0.57278436
0.5555415
0.5653991
0.56914127
0.61685956
0.59729624
0.5909791
0.5994791
0.5824479
0.6017661
0.5917136
0.6022727
0.6240355
0.5964924
0.60431874
0.57546484
0.602625
0.6130091
0.60455114
0.62961483
0.51331985
0.5421277
0.5563184
0.5539025
0.5753949
0.52369946
0.5963479
0.5709949
0.58952534
0.59364754
0.5808338
0.59424603
0.60530007
0.5336741
0.5794024
0.5727405
0.57112145
0.5598095
0.5772519
0.5839467
0.56778634
0.57767457
0.59428173
0.5848484
0.6202502
0.5710091
0.5878459
0.5827637
0.59116447
0.5418171
0.54516923
0.56068265
0.5751082
0.58903277
0.58158934
0.5540773
0.5714863
0.58639586
0.5789558
0.5827098
0.6200322
0.625947
0.57064503
0.5767376
0.5815815
0.6192397
0.57909596
0.5967866
0.5576471
0.57471514
0.5550486
0.5661234
0.5907942
0.57793766
0.5656113
0.5972096
0.5965895
0.56408346
0.59355617
0.59614575
0.58492196
0.5765454
0.56194854
0.5913419
0.5883254
0.5733613
0.5746121
0.61448497
0.60577756
0.6098743
0.5979349
0.61767894
0.5616715
0.57956463
0.55963933
0.5641144
0.56966347
0.56963027
0.5865978
0.5452974
0.57056326
0.6078011
0.60517263
0.59703004
0.6035067
0.57832766
0.6171833
0.5675686
0.5815701
0.61341774
0.60804605
0.6210438
0.6327013
0.54519045
0.46957955
0.5423686
0.5452043
0.5362777
0.50932217
0.5133702
0.5479413
0.5596708
0.5627727
0.58033204
0.5214039
0.56456876
0.5347581
0.5416996
0.52349085
0.5558501
0.56636477
0.5348181
0.5428793
0.5886056
0.60032356
0.5394689
0.5261378
0.523424
0.5534878
0.56633025
0.6005453
0.5855254
0.60648334
0.6064945
0.6103075
0.57486826
0.54855573
0.5527814
0.60897106
0.5596276
0.57457054
0.6114142
0.5646423
0.5744975
0.5924653
0.60462934
0.60210687
0.592733
0.59456515
0.5822448
0.59480983
0.5629896
0.5741682
0.58370215
0.5896207
0.59951
0.61379445
0.5846188
0.5737804
0.5500673
0.5790101
0.58204734
0.549968
0.56735003
0.57279485
0.5891177
0.5697855
0.592098
0.56508374
0.60245496
0.60254705
0.56614137
0.5609714
0.6050996
0.58458894
0.60473144
0.5941314
0.5935229
0.55844104
0.5986083
0.569393
0.6042088
0.5946307
0.5995157
0.61383545
0.5639545
0.5958551
0.57889646
0.60838497
0.56433415
0.56825936
0.6009694
0.6219257
0.59288216
0.5814396
0.57803214
0.5993343
0.6105654
0.5964433
0.608823
0.6177232
0.5519089
0.5998518
0.6276655
0.5760047
0.5937409
0.5991441
0.58089304
0.61325413
0.6048893
0.6259364
0.5937019
0.6046216
0.5691001
0.5666465
0.5983995
0.6132474
0.605696
0.5744855
0.5825242
0.5781072
0.6063484
0.6058686
0.5950211
0.6061502
0.6125074
0.57464314
0.6052444
0.6013208
0.6178819
0.6309965
0.5393027
0.5248005
0.5515125
0.58564675
0.58095807
0.5560015
0.58039343
0.593748
0.58515465
0.58333504
0.581354
0.5863083
0.5862113
0.59551525
0.61036086
0.58951247
0.5845046
0.621084
0.58633935
0.58680433
0.58040017
0.5908134
0.58588785
0.5930182
0.5795207
0.5901467
0.56710166
0.5972792
0.6259668
0.5672096
0.57730865
0.59612733
0.5908512
0.5817727
0.58608663
0.5889322
0.6025824
0.61596227
0.5745687
0.5975776
0.6064326
0.5968558
0.6074244
0.6122211
0.5775181
0.58452237
0.58837277
0.5762614
0.5728642
0.58696735
0.5942538
0.61765546
0.58487093
0.58658004
0.5937622
0.58259994
0.58926964
0.5672593
0.59525496
0.61929375
0.627116
0.60648847
0.6053291
0.60269415
0.6053669
0.591873
0.60507053
0.61222714
0.58898914
0.5837899
0.59240437
0.6089859
0.5980574
0.6207981
0.6095581
0.6159439
0.6185442
0.62192476
0.57745254
0.62644815
0.5538128
0.560308
0.55808127
0.62042916
0.5598612
0.5800133
0.5938935
0.5892835
0.60557
0.6128646
0.60887843
0.6208658
0.6271056
0.5848711
0.60756576
0.5953378
0.62912357
0.60550946
0.60351
0.5665623
0.597695
0.57086194
0.5631041
0.5711457
0.59979063
0.61196005
0.59665525
0.60577875
0.6246952
0.61303693
0.6086114
0.62499565
0.60150594
0.6062036
0.6049868
0.599178
0.6258244
0.6189966
0.6367524
0.5351518
0.48590255
0.5315593
0.5315982
0.5184934
0.54988396
0.55958307
0.5928105
0.58085257
0.57660633
0.58677804
0.61060464
0.58518136
0.623405
0.5755961
0.56612694
0.57305866
0.56432533
0.6256505
0.572188
0.54702824
0.581714
0.6093974
0.56017077
0.61138505
0.592354
0.59783703
0.58043516
0.5797067
0.60434574
0.61236274
0.5783286
0.60425776
0.6302064
0.546136
0.5712334
0.5974716
0.59572613
0.6051916
0.5902558
0.58777374
0.6050396
0.5802686
0.5958659
0.6120809
0.64051354
0.57997626
0.5563085
0.57826424
0.5788034
0.56771374
0.59273803
0.5994091
0.59311825
0.58500093
0.60650367
0.58357567
0.60875857
0.6069068
0.589388
0.59078944
0.60557353
0.58405507
0.6020278
0.5991461
0.62640107
0.61273205
0.5335078
0.5903987
0.57094824
0.5730548
0.59012586
0.59326756
0.6011931
0.58321714
0.59530383
0.61186606
0.61853766
0.5811505
0.5983627
0.603563
0.59283566
0.58392644
0.5926384
0.5950503
0.61631787
0.6347271
0.57343405
0.603181
0.58941066
0.55326104
0.5821906
0.585178
0.6242266
0.5838434
0.57108885
0.5895567
0.5889731
0.61048424
0.5457835
0.5602733
0.62669414
0.5730523
0.5771075
0.590209
0.6179278
0.5838141
0.5663708
0.59061587
0.5809395
0.54663146
0.57537025
0.5578737
0.6033537
0.6055335
0.5801394
0.58031607
0.5796474
0.6144373
0.6333467
0.5992161
0.5991927
0.6093679
0.6176058
0.6149043
0.5820476
0.6078361
0.59644455
0.614934
0.60095793
0.617207
0.57827556
0.6062123
0.5739219
0.57516384
0.6055604
0.6066955
0.5967782
0.60222757
0.6223897
0.6178002
0.60898846
0.6154717
0.6343008
0.60594136
0.59267974
0.620456
0.6134816
0.5839921
0.5743627
0.60634434
0.57999665
0.6053575
0.60973793
0.61256516
0.59074205
0.59905195
0.58620363
0.6073574
0.59186995
0.62819433
0.5712658
0.6286275
0.6113907
0.6366788
0.5779781
0.5993021
0.58743036
0.6096102
0.60496706
0.62407076
0.6187714
0.60081637
0.5584774
0.6117169
0.5772603
0.58689326
0.5784354
0.60655344
0.5986713
0.5896345
0.6205383
0.6030533
0.6008688
0.58365
0.61172986
0.6125439
0.633459
0.5971292
0.5941361
0.6234787
0.61006325
0.6070889
0.61073506
0.6001419
0.5815457
0.58573353
0.5825224
0.60020745
0.60671604
0.6179548
0.5627707
0.61693424
0.6087098
0.598149
0.60570574
0.58426285
0.55757767
0.5960301
0.6140591
0.6281394
0.58799976
0.6050509
0.5907298
0.59261566
0.5941529
0.60847527
0.6256783
0.61730564
0.6069106
0.62150645
0.63822687
0.61331964
0.6150544
0.61381054
0.5943805
0.6104625
0.5999455
0.59772193
0.60650504
0.6146323
0.58847636
0.60062015
0.6357173
0.6269903
0.6132921
0.608498
0.604278
0.61599976
0.61670613
0.6119919
0.62134147
0.633067
0.6035018
0.6350558
0.5926627
0.61179626
0.623577
0.6243141
0.6378042
0.6330558
0.5821778
0.5892943
0.6273628
0.6243594
0.6120187
0.64087266
0.5749444
0.5532208
0.60856444
0.61158925
0.59478587
0.6164831
0.62061095
0.6058606
0.6264972
0.5847461
0.60781324
0.59959716
0.59178126
0.59830236
0.59499156
0.61661905
0.6240412
0.6002414
0.59467745
0.5926785
0.60721457
0.62254
0.57393277
0.616696
0.5894498
0.63030875
0.58559006
0.60093796
0.62067086
0.56001145
0.5828506
0.6003821
0.5986904
0.6184372
0.5785304
0.57637745
0.59736854
0.5804325
0.5778902
0.61099005
0.59880567
0.60493076
0.5887712
0.60189307
0.6070338
0.59848565
0.61834824
0.623653
0.5952113
0.62960494
0.6398839
0.60155237
0.6158633
0.58146447
0.61067075
0.631215
0.6049725
0.61387104
0.61432856
0.59494907
0.62510335
0.5974323
0.63211125
0.59187317
0.59184027
0.61767423
0.62106586
0.60608715
0.6268251
0.6003904
0.63229996
0.6340767
0.60516506
0.62612367
0.6195631
0.6386087
0.5890539
0.58710295
0.59490013
0.60074097
0.60499364
0.6012076
0.600262
0.58004993
0.6120564
0.5842737
0.6087179
0.6027707
0.613941
0.60906225
0.6134359
0.6187855
0.6188961
0.5851047
0.5826894
0.5976801
0.5921557
0.586085
0.6080227
0.58676875
0.6027068
0.5973909
0.6316124
0.622356
0.6093154
0.6030219
0.6093503
0.6303674
0.63520765
0.61434686
0.63570297
0.6055881
0.60090226
0.58105373
0.5913861
0.6166951
0.5834264
0.6093125
0.6109921
0.6072922
0.6167499
0.62556016
0.5768932
0.57976943
0.6079
0.619589
0.5863029
0.5809356
0.6029238
0.6109703
0.62389797
0.613879
0.61306185
0.61015046
0.6333775
0.6065217
0.6139411
0.5983022
0.6200129
0.61443627
0.60868055
0.6021578
0.62438303
0.60762614
0.62565553
0.60127574
0.60169244
0.6226489
0.62717265
0.631158
0.61069185
0.60715246
0.6056306
0.61401415
0.6123637
0.6322484
0.62290514
0.6267482
0.6034943
0.6279721
0.61611325
0.5874269
0.61425334
0.6362492
0.6135716
0.62521577
0.6384237
0.60843265
0.6136998
0.6136554
0.6081011
0.60526294
0.62280715
0.60641044
0.60819376
0.6052302
0.604608
0.6129421
0.614058
0.59996015
0.62597936
0.5995053
0.6102441
0.6218754
0.6140871
0.6109021
0.6331421
0.6209287
0.6167668
0.5833775
0.5960182
0.63902766
0.6179594
0.6364627
0.630339
0.6117192
0.6260392
0.6237022
0.62183315
0.6293479
0.6383196
0.6068007
0.60630476
0.6136981
0.6162253
0.6147466
0.6350091
0.62953925
0.6363109
0.5921236
0.61313194
0.6089515
0.6030977
0.6160194
0.59840006
0.61581576
0.5976941
0.6189769
0.6257318
0.63002706
0.61596954
0.61400306
0.6099874
0.60246474
0.63000125
0.6176544
0.60683095
0.6130519
0.5995493
0.62601674
0.61763084
0.61892277
0.5875438
0.61780673
0.62790704
0.5948402
0.61319995
0.6361409
0.6030291
0.60138273
0.61988384
0.61162114
0.63528013
0.60585016
0.61775935
0.6049732
0.59760284
0.59161973
0.6094284
0.6113798
0.62724113
0.6394206
0.6419525
0.597958
