0.3668957
0.3668957
0.45053202
0.5069675
0.5069675
0.5069675
0.5069675
0.5069675
0.5069675
0.5069675
0.5069675
0.5069675
0.5279717
0.5279717
0.5389337
0.5389337
0.5389337
0.5389337
0.5389337
0.5389337
0.5389337
0.5389337
0.5389337
0.5389337
0.5522685
0.5522685
0.5522685
0.5522685
0.5522685
0.5522685
0.5522685
0.5522685
0.5522685
0.5522685
0.5522685
0.5522685
0.5522685
0.5522685
0.5522685
0.5522685
0.5522685
0.5522685
0.5522685
0.5522685
0.5522685
0.5522685
0.5522685
0.5522685
0.5522685
0.5522685
0.5522685
0.5522685
0.55353713
0.55353713
0.55353713
0.55353713
0.5617325
0.5617325
0.5617325
0.5617325
0.5617325
0.5617325
0.5617325
0.5617325
0.5617325
0.5617325
0.5617325
0.5617325
0.5617325
0.5617325
0.5617325
0.5617325
0.5617325
0.5617325
0.5617325
0.5617325
0.5617325
0.5617325
0.5617325
0.5617325
0.5617325
0.5617325
0.5617325
0.5617325
0.5617325
0.5617325
0.5617325
0.5617325
0.5617325
0.5617325
0.5617325
0.5617325
0.5617325
0.5617325
0.5624968
0.5624968
0.5624968
0.5624968
0.5930201
0.5930201
0.5930201
0.5930201
0.5930201
0.5930201
0.5930201
0.5930201
0.5930201
0.5930201
0.5930201
0.5930201
0.5930201
0.5930201
0.5930201
0.5930201
0.5930201
0.5930201
0.5930201
0.5930201
0.5930201
0.5930201
0.5930201
0.5930201
0.5930201
0.5930201
0.5930201
0.5930201
0.5930201
0.5930201
0.5930201
0.5930201
0.5930201
0.5930201
0.5930201
0.5930201
0.5930201
0.5930201
0.5930201
0.5930201
0.5930201
0.5930201
0.5930201
0.5930201
0.5930201
0.5930201
0.5930201
0.5930201
0.5930201
0.5930201
0.5930201
0.5930201
0.5930201
0.5930201
0.5930201
0.5930201
0.5930201
0.5930201
0.5930201
0.5930201
0.5930201
0.5930201
0.5930201
0.5930201
0.5930201
0.5930201
0.5930201
0.5930201
0.5930201
0.5930201
0.5930201
0.5930201
0.5930201
0.5930201
0.5930201
0.5930201
0.5930201
0.5930201
0.5930201
0.5930201
0.5930201
0.5930201
0.5930201
0.5930201
0.5930201
0.5930201
0.5930201
0.5930201
0.5930201
0.5930201
0.5930201
0.5930201
0.5930201
0.5930201
0.5930201
0.5930201
0.5930201
0.5930201
0.5930201
0.5930201
0.5930201
0.5930201
0.5930201
0.5930201
0.5930201
0.5930201
0.5930201
0.5930201
0.5930201
0.5930201
0.5930201
0.5930201
0.5930201
0.5930201
0.5930201
0.5930201
0.5930201
0.5930201
0.5930201
0.5930201
0.59481925
0.59481925
0.59481925
0.59520805
0.59520805
0.59520805
0.59520805
0.59520805
0.59520805
0.59520805
0.59520805
0.59520805
0.59520805
0.59520805
0.59520805
0.59520805
0.59520805
0.59520805
0.59520805
0.59520805
0.59520805
0.59520805
0.59520805
0.59520805
0.59520805
0.59520805
0.59520805
0.59520805
0.59520805
0.59520805
0.59520805
0.59520805
0.59520805
0.59520805
0.59520805
0.59520805
0.59520805
0.59520805
0.59520805
0.59520805
0.59520805
0.59520805
0.59520805
0.59520805
0.59520805
0.59520805
0.59520805
0.59520805
0.59520805
0.59520805
0.59520805
0.59520805
0.59520805
0.59520805
0.59520805
0.59520805
0.59520805
0.59520805
0.59520805
0.59520805
0.59520805
0.59520805
0.59520805
0.59520805
0.59520805
0.59520805
0.59520805
0.59520805
0.59520805
0.59520805
0.59520805
0.59520805
0.59520805
0.59520805
0.59520805
0.59520805
0.59520805
0.59520805
0.59520805
0.59520805
0.59520805
0.59520805
0.59520805
0.59520805
0.59520805
0.59520805
0.59520805
0.59520805
0.59520805
0.59520805
0.59520805
0.59520805
0.59520805
0.59520805
0.59520805
0.59520805
0.59520805
0.59520805
0.59520805
0.59520805
0.59520805
0.59520805
0.59520805
0.59520805
0.59520805
0.59520805
0.59520805
0.59520805
0.59520805
0.6002447
0.6002447
0.6002447
0.6002447
0.6002447
0.6002447
0.6002447
0.6002447
0.6002447
0.6002447
0.6002447
0.6002447
0.6002447
0.6002447
0.6002447
0.6002447
0.6002447
0.6002447
0.6002447
0.6002447
0.6002447
0.6002447
0.6002447
0.6032979
0.6032979
0.6032979
0.6032979
0.6032979
0.6032979
0.6032979
0.6032979
0.6032979
0.6032979
0.6032979
0.6032979
0.6032979
0.6032979
0.6032979
0.6032979
0.6032979
0.6032979
0.6032979
0.6032979
0.6032979
0.6032979
0.6032979
0.6032979
0.6032979
0.6032979
0.6032979
0.6032979
0.6032979
0.6032979
0.6032979
0.6032979
0.6032979
0.6032979
0.6032979
0.6032979
0.6032979
0.6032979
0.6032979
0.6032979
0.6032979
0.6032979
0.6032979
0.6032979
0.6032979
0.6032979
0.6032979
0.6032979
0.6032979
0.6032979
0.6032979
0.6032979
0.6032979
0.6032979
0.6032979
0.6063896
0.6063896
0.6063896
0.6063896
0.6063896
0.6063896
0.6063896
0.6063896
0.6063896
0.6063896
0.6063896
0.6063896
0.6063896
0.6063896
0.6063896
0.6063896
0.6063896
0.6063896
0.6063896
0.6063896
0.6063896
0.6063896
0.6063896
0.6063896
0.6063896
0.6063896
0.6063896
0.6063896
0.6063896
0.6063896
0.6063896
0.6063896
0.6063896
0.6063896
0.6063896
0.6063896
0.6063896
0.6063896
0.6063896
0.6063896
0.6063896
0.6063896
0.6063896
0.6063896
0.6063896
0.6063896
0.6063896
0.6063896
0.6063896
0.6063896
0.6063896
0.6063896
0.6063896
0.6063896
0.6063896
0.6063896
0.6063896
0.6063896
0.6063896
0.6063896
0.6063896
0.6063896
0.6063896
0.6063896
0.6063896
0.618165
0.618165
0.618165
0.618165
0.618165
0.618165
0.618165
0.618165
0.618165
0.618165
0.618165
0.618165
0.618165
0.618165
0.618165
0.618165
0.618165
0.618165
0.618165
0.618165
0.618165
0.618165
0.618165
0.618165
0.618165
0.618165
0.618165
0.618165
0.618165
0.618165
0.618165
