0.37415367
0.037415367
0.0664114
0.0707856
0.11872844
0.13993144
0.1645774
0.1731032
0.20655389
0.21560562
0.21815737
0.18732503
0.24167362
0.24975047
0.24358205
0.2730835
0.26312712
0.29954594
0.24063715
0.24897559
0.23663409
0.25094303
0.23626807
0.24636221
0.26116952
0.25710773
0.2731464
0.2846797
0.28903246
0.30078068
0.28242618
0.29588658
0.2896852
0.29776493
0.2929071
0.27584857
0.28101462
0.25590205
0.28415328
0.2766815
0.26702738
0.28847492
0.29214093
0.29351288
0.29978448
0.30928427
0.2064461
0.29069525
0.28177652
0.28392318
0.24824174
0.25601932
0.31519228
0.23893759
0.2630499
0.3086694
0.3336895
0.32210016
0.32595232
0.35674566
0.3707118
0.35698277
0.35312945
0.3935849
0.2980808
0.35057852
0.4117744
0.23251712
0.34511268
0.38739198
0.3943637
0.40147725
0.36732954
0.38486534
0.3930324
0.3998
0.43503785
0.3026352
0.37692383
0.35212174
0.4068753
0.40959206
0.42166552
0.43242845
0.45115018
0.3741949
0.3856209
0.42926693
0.39450195
0.40089864
0.45270973
0.42902404
0.43344545
0.422805
0.46967345
0.35653257
0.37392056
0.4196745
0.45716166
0.4178527
0.43065518
0.42118996
0.41877517
0.4245469
0.45120177
0.45845467
0.45417947
0.47077483
0.36668977
0.37492922
0.36989993
0.3684329
0.3481055
0.4340571
0.42199248
0.44682327
0.38573322
0.4183143
0.40838543
0.4571221
0.36274737
0.43847355
0.42652678
0.46673074
0.45681915
0.40897354
0.4144555
0.44255257
0.47522053
0.37906918
0.3718246
0.36855263
0.3898373
0.39525104
0.4531929
0.4657951
0.43602294
0.4719523
0.43747902
0.4804449
0.36923444
0.40476942
0.38204908
0.37907818
0.43606162
0.43713975
0.40679663
0.47138104
0.42683125
0.42410532
0.42601937
0.4821566
0.46837392
0.49225822
0.33697915
0.40950814
0.35748744
0.42460003
0.39972812
0.46340364
0.3844532
0.42574245
0.43171415
0.43736786
0.47753254
0.4000628
0.41230637
0.40215117
0.43153444
0.47163624
0.37464985
0.36722097
0.38558677
0.42365688
0.40514717
0.4352734
0.4740414
0.46954757
0.48529282
0.41373858
0.38960928
0.43881917
0.4787094
0.44586468
0.40641943
0.41627836
0.4338562
0.4856544
0.4978395
0.3501735
0.3909053
0.37845537
0.42545038
0.48433208
0.42184344
0.46217385
0.5050699
0.51922435
0.52467126
0.44051296
0.50605106
0.46343055
0.50529945
0.50040966
0.50232244
0.4953105
0.5058174
0.49471802
0.49395198
0.49856958
0.5338836
0.47017246
0.48319596
0.5268518
0.4947916
0.48134986
0.52458346
0.5019577
0.52386606
0.5247129
0.55012286
0.4356738
0.4279397
0.39453334
0.41318065
0.4270789
0.41232497
0.45393395
0.466293
0.5328927
0.41154227
0.52104557
0.3653605
0.46470705
0.46685475
0.43902364
0.47188598
0.48525912
0.44133464
0.46659532
0.49363953
0.4530407
0.48432946
0.41899267
0.48898658
0.44630724
0.49868315
0.4678802
0.5163561
0.4407197
0.5413393
0.49814725
0.4976108
0.48844805
0.468424
0.47377166
0.5360092
0.501131
0.47675675
0.51776046
0.5117887
0.46392077
0.4934846
0.48213035
0.5344503
0.53384167
0.552594
0.5216852
0.51826245
0.5431441
0.5392941
0.53710437
0.5407824
0.5128883
0.5159885
0.50916606
0.5438359
0.5490056
0.52241284
0.5311806
0.497797
0.53375155
0.51755685
0.4909203
0.49713054
0.49126253
0.5081212
0.466281
0.4755327
0.49978703
0.48933282
0.49599466
0.46858507
0.5142561
0.5273753
0.5053407
0.54123175
0.5594584
0.38250569
0.45481414
0.4777693
0.47777024
0.4822518
0.42666203
0.45931506
0.53042537
0.4795673
0.48125586
0.41337687
0.45124617
0.47434846
0.50050473
0.49692994
0.5383979
0.39125684
0.459863
0.49913272
0.44167653
0.49184284
0.45533234
0.461904
0.47769028
0.4600014
0.5142499
0.5017856
0.47134233
0.48333946
0.49140722
0.4492219
0.46274072
0.49352622
0.5046381
0.50691074
0.5379253
0.4340604
0.42676434
0.47405368
0.48511314
0.49350372
0.4381482
0.5231334
0.4091441
0.46930656
0.48753372
0.50996035
0.46853313
0.49311003
0.49888572
0.49693584
0.50439847
0.51999396
0.5323954
0.52501297
0.502751
0.50336254
0.55264425
0.4860056
0.500634
0.48615056
0.5106183
0.4956704
0.5008502
0.44976225
0.52750623
0.52559996
0.4810384
0.5203887
0.5004179
0.467956
0.44334656
0.49049798
0.45399347
0.47359842
0.5222987
0.47207516
0.48039827
0.48064962
0.504639
0.5063299
0.5152186
0.49375945
0.5010008
0.5461947
0.52338743
0.49987453
0.49857616
0.52247447
0.5447991
0.51613945
0.5463909
0.5601496
0.5556365
0.48147345
0.51538444
0.527048
0.52209985
0.51136464
0.5619194
0.4833909
0.5016432
0.46756238
0.51677096
0.5153962
0.5173232
0.55096805
0.47251862
0.52106464
0.52263033
0.49337333
0.525278
0.48994094
0.4976303
0.5136422
0.5137954
0.5106537
0.53771955
0.5395125
0.5233238
0.5573292
0.49334335
0.5418777
0.502988
0.4704029
0.4933783
0.45912609
0.50469697
0.5152647
0.5388187
0.52896273
0.5403293
0.5611332
0.54849786
0.5702636
0.49638334
0.41481447
0.44400263
0.44294992
0.4458045
0.4573841
0.4875474
0.48526162
0.5322249
0.55747837
0.44537812
0.49560532
0.5246614
0.49446192
0.518357
0.5545313
0.48209825
0.45683607
0.4982586
0.54188716
0.54731625
0.48120037
0.50681376
0.49809748
0.49087882
0.5154501
0.5322457
0.5559076
0.5175105
0.54266
0.5460471
0.5436792
0.51572794
0.5438021
0.5429183
0.53086394
0.5493773
0.5186282
0.54642665
0.55210626
0.54634845
0.5265118
0.538599
0.51832575
0.5642536
0.52033424
0.5284756
0.5711461
0.4427651
0.52090776
0.4464512
0.47654143
0.5108307
0.51919025
0.43883744
0.5008064
0.4307587
0.48977607
0.52235293
0.53587973
0.5310068
0.5608723
0.5249387
0.52586615
0.5207643
0.5513957
0.5488006
0.5233941
0.5686956
