0.3096469
0.3096469
0.3096469
0.3096469
0.3096469
0.3096469
0.3122581
0.3122581
0.3232919
0.3725618
0.3725618
0.3725618
0.3725618
0.3725618
0.3848758
0.3848758
0.3848758
0.3848758
0.3848758
0.3848758
0.41962692
0.47454822
0.47454822
0.47454822
0.47454822
0.5003897
0.5054147
0.5054147
0.5054147
0.5054147
0.5054147
0.5054147
0.58567315
0.58567315
0.58567315
0.58567315
0.58567315
0.58567315
0.58567315
0.58567315
0.58567315
0.58567315
0.58567315
0.58567315
0.58567315
0.58567315
0.588959
0.588959
0.588959
0.588959
0.588959
0.588959
0.588959
0.588959
0.588959
0.588959
0.588959
0.588959
0.588959
0.588959
0.588959
0.588959
0.588959
0.588959
0.588959
0.588959
0.588959
0.588959
0.588959
0.588959
0.588959
0.588959
0.588959
0.588959
0.588959
0.588959
0.588959
0.588959
0.588959
0.588959
0.588959
0.588959
0.588959
0.588959
0.588959
0.588959
0.588959
0.588959
0.588959
0.588959
0.588959
0.588959
0.588959
0.588959
0.588959
0.588959
0.588959
0.588959
0.588959
0.588959
0.588959
0.588959
0.588959
0.588959
0.588959
0.588959
0.588959
0.588959
0.588959
0.588959
0.588959
0.588959
0.588959
0.588959
0.588959
0.588959
0.588959
0.588959
0.588959
0.588959
0.588959
0.588959
0.588959
0.588959
0.588959
0.588959
0.588959
0.588959
0.588959
0.588959
0.588959
0.588959
0.588959
0.588959
0.588959
0.588959
0.588959
0.588959
0.588959
0.588959
0.588959
0.588959
0.588959
0.588959
0.588959
0.588959
0.5920123
0.5920123
0.5920123
0.5920123
0.5920123
0.5920123
0.5920123
0.5920123
0.5920123
0.5920123
0.5920123
0.5920123
0.5920123
0.5920123
0.5920123
0.5920123
0.5920123
0.5920123
0.5920123
0.5920123
0.5920123
0.5920123
0.5920123
0.5920123
0.5920123
0.5920123
0.5920123
0.5920123
0.5920123
0.5933284
0.5933284
0.5933284
0.5933284
0.596984
0.596984
0.596984
0.596984
0.596984
0.596984
0.596984
0.596984
0.596984
0.596984
0.596984
0.596984
0.596984
0.596984
0.596984
0.596984
0.596984
0.596984
0.596984
0.596984
0.596984
0.596984
0.596984
0.596984
0.596984
0.596984
0.596984
0.596984
0.596984
0.596984
0.596984
0.596984
0.596984
0.596984
0.596984
0.596984
0.596984
0.596984
0.596984
0.596984
0.596984
0.596984
0.596984
0.596984
0.596984
0.596984
0.61528164
0.61528164
0.61528164
0.61528164
0.61528164
0.61528164
0.61528164
0.61528164
0.61528164
0.61528164
0.61528164
0.61528164
0.61528164
0.61528164
0.61528164
0.61528164
0.61528164
0.61528164
0.61528164
0.61528164
0.61528164
0.61528164
0.61528164
0.61528164
0.61528164
0.61528164
0.61528164
0.61528164
0.61528164
0.61528164
0.61528164
0.61528164
0.61528164
0.61528164
0.61528164
0.61528164
0.61528164
0.61528164
0.61528164
0.61528164
0.61528164
0.61528164
0.61528164
0.61528164
0.61528164
0.61528164
0.61528164
0.61528164
0.61528164
0.61528164
0.61528164
0.61528164
0.61528164
0.61528164
0.61528164
0.61528164
0.61528164
0.61528164
0.61528164
0.61528164
0.61528164
0.61528164
0.61528164
0.61528164
0.61528164
0.61528164
0.61528164
0.61528164
0.61528164
0.61528164
0.61528164
0.61528164
0.61528164
0.61528164
0.61528164
0.61528164
0.61528164
0.61528164
0.61528164
0.61528164
0.61528164
0.61528164
0.61528164
0.61528164
0.61528164
0.61528164
0.61528164
0.61528164
0.61528164
0.61528164
0.61528164
0.61528164
0.61528164
0.61528164
0.61528164
0.61528164
0.61528164
0.61528164
0.61528164
0.61528164
0.61528164
0.61528164
0.61528164
0.61528164
0.61528164
0.61528164
0.61528164
0.61528164
0.61528164
0.61528164
0.61528164
0.61528164
0.61528164
0.61528164
0.61528164
0.61528164
0.61528164
0.61528164
0.61528164
0.61528164
0.61528164
0.61528164
0.61528164
0.61528164
0.61528164
0.61528164
0.61528164
0.61528164
0.61528164
0.61528164
0.61528164
0.61528164
0.61528164
0.61528164
0.61528164
0.61528164
0.61528164
0.61528164
0.61528164
0.61528164
0.61528164
0.61528164
0.61528164
0.61528164
0.61528164
0.61528164
0.61528164
0.61528164
0.61528164
0.61528164
0.61528164
0.61528164
0.61528164
0.61528164
0.61528164
0.61528164
0.61528164
0.61528164
0.61528164
0.61528164
0.61528164
0.61528164
0.61528164
0.61528164
0.61528164
0.61528164
0.61528164
0.61528164
0.61528164
0.61528164
0.61528164
0.61528164
0.61528164
0.61528164
0.61528164
0.61528164
0.61528164
0.61528164
0.61528164
0.61528164
0.61528164
0.61528164
0.61528164
0.61528164
0.61528164
0.61528164
0.61528164
0.61528164
0.61528164
0.61528164
0.61528164
0.61528164
0.61528164
0.61528164
0.61528164
0.61528164
0.61528164
0.61528164
0.61528164
0.61528164
0.61528164
0.61528164
0.61528164
0.61528164
0.61528164
0.61528164
0.61528164
0.61528164
0.61528164
0.61528164
0.61528164
0.61528164
0.61528164
0.61528164
0.61528164
0.61528164
0.61528164
0.61528164
0.61528164
0.61528164
0.61528164
0.61528164
0.61528164
0.61528164
0.61528164
0.61528164
0.61528164
0.61528164
0.61528164
0.61528164
0.61528164
0.61528164
0.61528164
0.61528164
0.61528164
0.61528164
0.61528164
0.61528164
0.61528164
0.61528164
0.61528164
0.61528164
0.61528164
0.61528164
0.61528164
0.61528164
0.61528164
0.61528164
0.61528164
0.61528164
0.61528164
0.61528164
0.61528164
0.61528164
0.61528164
0.6167003
0.6167003
0.6167003
0.6167003
0.6167003
0.6167003
0.6167003
0.6167003
0.6167003
0.6167003
0.6167003
0.6167003
0.6167003
0.6167003
0.6167003
0.6167003
0.6167003
0.6167003
0.6167003
0.6167003
0.6167003
0.6167003
0.6167003
0.6167003
0.6167003
0.6167003
0.6167003
0.6167003
0.6167003
0.6167003
0.6167003
0.6167003
0.6167003
0.6167003
0.6167003
0.6167003
0.6167003
0.6167003
0.6167003
0.6167003
0.6167003
0.6167003
0.6167003
0.6167003
0.6167003
0.6167003
0.6167003
0.6167003
0.6167003
0.6167003
0.6167003
0.6167003
0.6167003
0.6167003
0.6167003
0.6167003
0.6167003
0.6167003
0.6167003
0.6405442
0.6405442
0.6405442
0.6405442
0.6405442
0.6405442
0.6405442
0.6405442
0.6405442
0.6405442
0.6405442
0.6405442
0.6405442
0.6405442
0.6405442
0.6405442
0.6405442
0.6405442
0.6405442
0.6405442
0.6405442
0.6414538
0.6414538
0.6414538
0.6414538
0.6414538
0.6414538
0.6414538
0.6414538
0.6414538
0.6414538
0.6414538
0.6414538
0.6414538
0.6414538
0.6414538
0.6414538
0.6414538
0.6414538
0.6414538
0.6414538
0.6414538
0.6414538
0.6414538
0.6414538
0.6414538
0.6414538
0.6414538
0.6414538
0.6414538
0.6414538
0.6414538
0.6414538
0.6414538
0.6414538
0.6414538
0.6414538
0.6414538
0.6414538
0.6414538
0.6414538
0.6414538
0.6414538
0.6414538
0.6414538
0.6414538
0.6414538
0.6414538
0.6414538
0.6414538
0.6414538
0.6414538
0.6414538
0.6414538
0.6414538
0.6414538
0.6414538
0.6414538
0.6414538
0.6414538
0.6414538
0.6414538
0.6414538
0.6414538
0.6414538
0.6414538
0.6414538
0.6414538
0.6414538
0.6414538
0.6414538
0.6414538
0.6414538
0.6414538
0.6414538
0.6414538
0.6414538
0.6414538
0.6414538
0.6414538
0.6414538
0.6414538
0.6414538
0.6414538
0.6414538
0.6414538
0.6414538
0.6414538
0.6414538
0.6414538
0.6414538
0.6414538
0.6414538
0.6414538
0.6414538
0.6414538
0.6414538
0.6414538
0.6414538
0.6414538
0.6414538
0.6414538
0.6414538
0.6414538
0.6414538
0.6414538
0.6414538
0.6414538
0.6414538
0.6414538
0.6414538
0.6414538
0.6414538
0.6414538
0.6414538
0.6414538
0.6414538
0.6414538
0.6414538
0.6414538
0.6414538
0.6414538
0.6414538
0.6414538
0.6414538
0.6414538
0.6414538
0.6414538
0.6414538
0.6414538
0.6414538
0.6414538
0.6414538
0.6414538
0.6414538
0.6414538
0.6414538
0.6414538
0.6414538
0.6414538
0.6414538
0.6414538
0.6464942
0.6464942
0.6464942
0.6464942
0.6464942
0.6464942
0.6464942
0.6464942
0.6464942
0.6464942
0.6464942
0.6464942
0.6464942
0.6464942
0.6464942
0.6464942
0.6464942
0.6464942
0.6464942
0.6464942
0.6464942
0.6464942
0.6464942
0.6464942
0.6464942
0.6464942
0.6464942
0.6464942
0.6464942
0.6464942
0.6464942
0.6464942
0.6464942
0.64745075
0.64745075
0.64745075
0.64745075
0.64745075
0.64745075
0.64745075
0.64745075
0.64745075
0.64745075
0.64745075
0.64745075
0.64745075
0.64745075
0.64745075
0.64745075
0.64745075
0.64745075
0.64745075
0.64745075
0.64745075
0.64745075
0.64745075
0.64745075
0.64745075
0.64745075
0.64745075
0.64745075
0.64745075
0.64745075
0.64745075
0.64745075
0.64745075
0.64745075
0.64745075
0.64745075
0.64745075
0.64745075
0.64745075
0.64745075
0.64745075
0.64745075
0.64745075
0.64745075
0.64745075
0.64745075
0.64745075
0.64745075
0.64745075
0.64745075
0.64745075
0.64745075
0.64745075
0.64745075
0.64745075
0.64745075
0.64745075
0.64745075
0.64745075
0.64745075
0.64745075
0.64745075
0.64745075
0.64745075
0.64745075
0.64745075
0.64745075
0.64745075
0.64745075
0.64745075
0.64745075
0.64745075
0.64745075
0.64745075
0.64745075
0.64745075
0.64745075
0.64745075
0.64745075
0.64745075
0.64745075
0.64745075
0.64745075
0.64745075
0.64745075
0.64745075
0.64745075
0.64745075
0.64745075
0.64745075
0.64745075
0.64745075
0.64745075
0.64745075
0.64745075
0.64745075
0.64745075
0.64745075
0.64745075
0.64745075
0.64745075
0.64745075
0.64745075
0.64745075
0.64745075
0.64745075
0.64745075
0.64745075
0.64745075
0.64745075
0.64745075
0.64745075
0.64745075
0.64745075
0.64745075
0.64745075
0.64745075
0.64745075
0.64745075
0.64745075
0.64745075
0.64745075
0.64745075
0.64745075
0.64745075
0.64745075
0.64745075
0.64745075
0.64745075
0.64745075
0.64745075
0.64745075
0.64745075
0.64745075
0.64745075
0.64745075
0.64745075
0.64745075
0.64745075
0.64745075
0.64745075
0.64745075
0.64745075
0.64745075
0.64745075
0.64745075
0.64745075
0.64745075
0.64745075
0.64745075
0.64745075
0.64745075
0.64745075
0.64745075
0.64745075
0.64745075
0.64745075
0.64745075
0.64745075
0.64745075
0.64745075
0.64745075
0.64745075
0.64745075
0.64745075
0.64745075
0.64745075
0.64745075
0.64745075
0.64745075
0.64745075
0.64745075
0.64745075
0.64745075
0.64745075
0.64745075
0.64745075
0.64745075
0.64745075
0.64745075
0.64745075
0.64745075
0.64745075
0.64745075
0.64745075
0.64745075
0.64745075
0.64745075
0.64745075
0.64745075
0.64745075
0.64745075
0.64745075
0.64745075
0.64745075
0.64745075
0.64745075
0.64745075
0.64745075
0.64745075
0.64745075
0.64745075
0.64745075
0.64745075
0.64745075
0.64745075
0.64745075
0.64745075
0.64745075
0.64745075
0.64745075
0.64745075
0.64745075
0.64745075
0.64745075
0.64745075
0.64745075
0.64745075
0.64745075
0.64745075
0.64745075
0.64745075
0.64745075
0.64745075
0.64745075
0.64745075
0.64745075
0.64745075
0.64745075
0.64745075
0.64745075
0.64745075
0.64745075
0.64745075
0.64745075
0.64745075
0.64745075
0.64745075
0.64745075
0.64745075
0.64745075
0.64745075
0.64745075
0.64745075
0.64745075
0.64745075
0.64745075
0.64745075
0.64745075
0.64745075
0.64745075
0.64745075
0.64745075
0.64745075
0.64745075
0.64745075
0.64745075
0.64745075
0.64745075
0.64745075
0.64745075
0.64745075
0.64745075
0.64745075
0.64745075
0.64745075
0.64745075
