0.58613247
0.05861325
0.09049009
0.096109435
0.11868075
0.115601696
0.13401952
0.13859947
0.11623527
0.116005555
0.12564489
0.13309327
0.14869696
0.15103512
0.15388897
0.16153982
0.16617675
0.18451273
0.12974945
0.14552261
0.18328969
0.1785111
0.16943945
0.19637246
0.13967465
0.1813057
0.19250806
0.21414301
0.20486467
0.22706132
0.21743019
0.20391539
0.2321583
0.21049409
0.21107233
0.23445103
0.20168082
0.23382351
0.2161952
0.23878093
0.24118261
0.21557526
0.20746414
0.22080174
0.21994035
0.22138724
0.21756026
0.2189751
0.20412052
0.23411119
0.22234778
0.24169266
0.19722141
0.19938484
0.22731869
0.2307938
0.23963156
0.26587135
0.22185409
0.2813215
0.26473612
0.2594648
0.3278052
0.29577577
0.3082367
0.3190651
0.2787636
0.28162068
0.3340072
0.26528218
0.27674267
0.31657407
0.2989894
0.28521425
0.2903049
0.33399427
0.27139443
0.29204956
0.27543312
0.3078751
0.33140466
0.31417376
0.33905214
0.28885883
0.3417144
0.31948766
0.31417388
0.30349118
0.33067292
0.3292011
0.3216577
0.34363708
0.32373938
0.3056905
0.32854152
0.32556564
0.3522724
0.26599783
0.28326473
0.2846861
0.3051506
0.3348171
0.2943321
0.295599
0.3357424
0.2892259
0.3027404
0.32907316
0.35196888
0.35138977
0.32095602
0.32755053
0.32294387
0.34640187
0.32121974
0.35141724
0.34840083
0.33310455
0.35302013
0.33318812
0.35382408
0.32680035
0.35234508
0.34440875
0.33074912
0.35501474
0.3332199
0.33677357
0.3305405
0.35349953
0.35773495
0.2602676
0.29250792
0.34027886
0.33368155
0.29421028
0.3340693
0.32876137
0.3365956
0.33008486
0.3237118
0.34573507
0.292711
0.30136132
0.3135496
0.27733922
0.32388002
0.32381856
0.32523265
0.32715985
0.32882148
0.34880763
0.2997774
0.3146096
0.31546938
0.3017526
0.33668774
0.34711626
0.32145476
0.32214275
0.35244375
0.26786917
0.3058781
0.34271115
0.28573543
0.29755002
0.30430084
0.32369184
0.32204527
0.34152636
0.32973906
0.34944874
0.32322747
0.33164576
0.35342386
0.31523305
0.3441073
0.3177269
0.31231365
0.27430642
0.3177684
0.27478266
0.3262623
0.3017575
0.30640006
0.32290936
0.32768136
0.31904897
0.32393605
0.33041963
0.35810742
0.2940278
0.3194962
0.32415748
0.3460345
0.29134327
0.31279948
0.3056795
0.3485877
0.34616128
0.32381278
0.33466673
0.30476588
0.35546166
0.3309191
0.33009782
0.35324723
0.27525258
0.30316892
0.29568198
0.32467607
0.3250249
0.31474978
0.3080119
0.31815144
0.32693505
0.3312989
0.35176247
0.3504206
0.35477498
0.33520597
0.29984885
0.30075532
0.31812543
0.3147097
0.33376294
0.3506108
0.3600188
0.26150888
0.29820442
0.31381828
0.31066495
0.30145192
0.29719704
0.29813915
0.33306873
0.32331172
0.3346761
0.33263624
0.34769252
0.35584718
0.35925478
0.36069283
0.25799313
0.2774638
0.2844848
0.32206672
0.3433117
0.32658252
0.35439348
0.33643365
0.3389794
0.36051062
0.35896713
0.36270443
0.33127594
0.3133301
0.3006872
0.32644814
0.35113025
0.28189415
0.32553422
0.32644987
0.3007317
0.35459033
0.3286995
0.32522637
0.32766324
0.33029008
0.3533048
0.31117776
0.31221557
0.31025115
0.33692104
0.32157785
0.33687502
0.33405152
0.32616514
0.32907143
0.33551607
0.3452248
0.31629357
0.3327394
0.31519675
0.3087882
0.36243194
0.36702985
0.26570287
0.30815476
0.36151707
0.2895307
0.30838373
0.3582757
0.32874748
0.35938954
0.34595227
0.34194595
0.36780515
0.27149132
0.29636496
0.32487223
0.3204791
0.33310613
0.3476067
0.34319767
0.33532846
0.33679992
0.35961995
0.33209628
0.31191236
0.35410914
0.35142604
0.28355154
0.31715316
0.31306416
0.36063343
0.35755515
0.34052432
0.3285152
0.35822335
0.33944368
0.3371829
0.32369658
0.33653882
0.36449277
0.30060288
0.30648363
0.35682067
0.33554432
0.31047767
0.33779135
0.3261417
0.31765312
0.33611387
0.34025517
0.36518088
0.3377485
0.33913216
0.33870324
0.36794853
0.30461973
0.30885288
0.33094153
0.313097
0.33091062
0.33925682
0.31659648
0.36730343
0.2864887
0.31287685
0.35624796
0.35496643
0.3352125
0.37234664
0.2896744
0.28113478
0.3109193
0.32232863
0.32096592
0.30459246
0.35366052
0.33651096
0.36136815
0.34349835
0.31504947
0.33685878
0.36920705
0.31801587
0.31579784
0.36638716
0.3396136
0.33132425
0.33730495
0.3441443
0.35065252
0.35851142
0.32963255
0.35114902
0.37135473
0.37259674
0.37763074
0.3267567
0.30347496
0.30887786
0.33897525
0.34624493
0.3489712
0.3595322
0.3549524
0.35048676
0.34511182
0.35071284
0.37344375
0.31582052
0.3122612
0.32111394
0.3648873
0.30018088
0.3507697
0.34807608
0.36749896
0.31824258
0.3703892
0.3430057
0.34400457
0.36472088
0.3266186
0.3606081
0.3694492
0.34904015
0.34440285
0.33024898
0.33950987
0.36329824
0.36316213
0.37456226
0.36683655
0.325808
0.3599464
0.34164318
0.37701088
0.37590784
0.37629932
0.3603765
0.3487155
0.34966755
0.3529545
0.37843415
0.31343538
0.32575145
0.3157214
0.32357085
0.34997448
0.3742984
0.33013755
0.3362898
0.32833663
0.3647942
0.32521293
0.35240924
0.35710147
0.3558305
0.3755004
0.33792064
0.34232888
0.34897968
0.3486593
0.36931518
0.33549285
0.36414465
0.3500933
0.37400725
0.31322545
0.34721392
0.34709185
0.3467198
0.35163453
0.3472586
0.35415354
0.37383735
0.37539095
0.37977058
0.2899158
0.28671372
0.31589133
0.33046928
0.34358773
0.33407897
0.36715335
0.31191877
0.34419462
0.34647763
0.3676154
0.3440178
0.3085761
0.31562766
0.34145358
0.32684028
0.3457474
0.34001747
0.35204387
0.34673434
0.3742628
0.32440683
0.33822024
0.32513672
0.32120138
0.3486021
0.34314874
0.35186258
0.3410577
0.3189301
0.34920973
0.35128585
0.3545422
0.3647043
0.34769052
0.3507434
0.3766902
0.32605532
0.36801213
0.34298557
