1.5872316
0.07936158
0.123194516
0.15978777
0.15594591
0.17985839
0.16356027
0.19379303
0.22895038
0.23531786
0.23786041
0.2558867
0.247842
0.25008303
0.26586846
0.29413247
0.24848863
0.2769466
0.24906299
0.27113122
0.29903498
0.27199456
0.30474335
0.29421803
0.2956404
0.29508886
0.30730936
0.31700402
0.29616368
0.29613554
0.2919493
0.32379135
0.28164715
0.29298353
0.32145646
0.27526346
0.2971785
0.3097826
0.30253533
0.3159344
0.30899563
0.3260795
0.2912994
0.30897844
0.30687523
0.32686123
0.31537002
0.31461522
0.3409332
0.25737256
0.29787225
0.28826496
0.31278414
0.29472136
0.29937747
0.32729447
0.2994382
0.30040362
0.32426634
0.30663365
0.3307586
0.29510313
0.29055503
0.31755576
0.3222806
0.33490616
0.3250115
0.32793522
0.3283375
0.33071423
0.3351325
0.3437537
0.28341374
0.3246407
0.29914212
0.32455778
0.33246663
0.3497991
0.2691489
0.31143147
0.32010734
0.30237228
0.3328039
0.30742753
0.33606523
0.34051877
0.33772212
0.35326946
0.2688395
0.29198366
0.29547957
0.27906126
0.31296694
0.3015979
0.2993459
0.31605035
0.28330803
0.3024591
0.32471818
0.30651587
0.3281399
0.32173654
0.33017406
0.33744845
0.34287295
0.33598742
0.33836985
0.3410264
0.34870088
0.29376557
0.32017016
0.31302875
0.334606
0.32837838
0.3261088
0.33011925
0.3409675
0.32749566
0.31344712
0.32560098
0.33340004
0.32781345
0.34508872
0.3504625
0.3233224
0.32967356
0.3296566
0.34056515
0.34289253
0.34423813
0.34390277
0.3572733
0.28410548
0.29702577
0.30585948
0.31765223
0.33118927
0.34636083
0.30515817
0.3278787
0.31308073
0.30993196
0.3114844
0.32734123
0.34466177
0.32445836
0.3420224
0.32208747
0.3335042
0.3602508
0.2855449
0.28725186
0.31441262
0.3231678
0.32197782
0.346934
0.30935705
0.34760493
0.33012563
0.3241163
0.33210954
0.34874874
0.3369191
0.34498498
0.36185703
0.32280952
0.3155163
0.33564666
0.34970298
0.313108
0.31659392
0.34966424
0.32323045
0.32595912
0.33387727
0.331323
0.3192088
0.32584018
0.33547437
0.33625832
0.34804982
0.34626848
0.33773646
0.34292802
0.3605865
0.31446165
0.32602304
0.3259103
0.35588548
0.3397364
0.31516224
0.33403903
0.34079444
0.31709033
0.30415967
0.34151813
0.33261013
0.36418834
0.31669196
0.32236004
0.35084987
0.33605665
0.32897842
0.33445424
0.35391223
0.3281638
0.34048218
0.3263027
0.35802442
0.36331505
0.34896636
0.36651427
0.31439468
0.3438794
0.34017172
0.35267287
0.3530498
0.35161
0.34235305
0.35001332
0.34600928
0.3570589
0.36825177
0.30058205
0.28319147
0.281538
0.31121933
0.3354347
0.2923041
0.34138682
0.29935
0.34796283
0.33160493
0.34222654
0.36209017
0.29737073
0.32981285
0.322805
0.33708942
0.3553862
0.33007154
0.31561226
0.33057114
0.32588542
0.3452811
0.32754248
0.34089494
0.3346426
0.35928947
0.32020608
0.34100336
0.35627684
0.35196382
0.35696214
0.3585571
0.3555212
0.3589653
0.3704833
0.27035475
0.30160972
0.30272987
0.31538004
0.33930367
0.31464928
0.33401805
0.3251446
0.3507212
0.34676135
0.33750787
0.3471225
0.36182216
0.30987433
0.32464296
0.34132597
0.31195572
0.32857892
0.34085172
0.32789811
0.32849795
0.32975894
0.34089404
0.3405308
0.33573407
0.34691685
0.34776786
0.35860616
0.33657578
0.3349275
0.34804264
0.35173693
0.3185751
0.36592683
0.34094197
0.3394693
0.34023517
0.3531201
0.35001382
0.34069315
0.33332103
0.3547275
0.35425228
0.3491551
0.34402734
0.35642695
0.35763618
0.36519432
0.35728514
0.37103206
0.33690804
0.33349878
0.31030872
0.33288968
0.350388
0.33832335
0.3279143
0.3422962
0.3376484
0.36073166
0.34799284
0.35387936
0.36909002
0.34021416
0.3440104
0.35027677
0.3438391
0.36604157
0.34861422
0.35938728
0.34815675
0.35811386
0.36864364
0.33955312
0.34616208
0.35555753
0.36797038
0.36396214
0.3719325
0.34820914
0.34461635
0.3673414
0.34581506
0.3431638
0.3518282
0.33513603
0.3439122
0.33890772
0.34980884
0.37181026
0.35693157
0.37118524
0.36050856
0.37284154
0.33380097
0.36470985
0.36453372
0.35937744
0.36979872
0.37290925
0.3443817
0.349314
0.3460933
0.347267
0.35806388
0.35088843
0.36382014
0.3745797
0.30096394
0.34187075
0.32197782
0.34466273
0.3342646
0.35438004
0.34027362
0.35067603
0.29834694
0.3367515
0.3336751
0.34223837
0.34256345
0.35183263
0.33577657
0.3423527
0.33672342
0.3539248
0.3538202
0.34312668
0.34904653
0.34562287
0.3570807
0.3477257
0.36982965
0.2760797
0.31030717
0.32534507
0.33022946
0.3253548
0.33677003
0.35905412
0.33008596
0.34928083
0.33112204
0.34957534
0.33760446
0.33251944
0.31938908
0.3462515
0.3281093
0.33667856
0.33909324
0.35855776
0.32533628
0.33005393
0.3451433
0.35510278
0.34575406
0.37153435
0.330143
0.3440805
0.35000014
0.34956983
0.37244564
0.33075666
0.31924105
0.32786292
0.3540053
0.36746922
0.32849506
0.3322894
0.34627962
0.35025555
0.33716083
0.35475862
0.35194033
0.35248947
0.35086703
0.36297977
0.34031197
0.35722047
0.36061186
0.36052126
0.3600083
0.35488683
0.3467329
0.363371
0.34784228
0.36320907
0.3560347
0.3610411
0.37675506
0.32567877
0.3288076
0.32923302
0.3603023
0.33636928
0.34435675
0.33605546
0.35140216
0.3325022
0.35843176
0.34616414
0.35835806
0.36506206
0.31852803
0.35605842
0.34078616
0.34510407
0.37217423
0.35337538
0.36664328
0.3682745
0.35182467
0.35352585
0.36675367
0.37171936
0.3612004
0.3572531
0.35978076
0.35282773
0.36178452
0.3515162
0.36530873
0.36945218
0.37410718
0.3586109
0.36728746
0.36362308
0.3740357
0.36476976
0.36393964
0.36195427
0.3694912
0.36445016
0.36374757
0.36591
0.37469238
0.37763068
0.28644818
0.33185163
0.31777814
0.3381509
0.33613098
0.33341706
0.3416094
0.34031448
0.3356046
0.34613428
0.33070222
0.36716115
0.3482979
0.35296506
0.34742373
0.34445617
0.332838
0.34337378
0.36338383
0.3456703
0.3651839
0.34593564
0.3632221
0.36582386
0.37176856
0.3751381
0.32352367
0.3340382
0.33555532
0.35226947
0.32504138
0.34677875
0.3626785
0.35221836
0.35079992
0.35892916
0.3666603
0.3681751
0.36427096
0.36610967
0.36210105
0.3738278
0.37984654
0.34891808
0.34221986
0.3470869
0.31791505
0.33954424
0.36500937
0.35901564
0.33944762
0.32880464
0.36342615
0.35011926
0.36344096
0.34020102
0.3513589
0.35716164
0.3493698
0.35169488
0.3573627
0.3645979
0.35646424
0.37593555
0.36041814
0.33982033
0.35262924
0.36218676
0.35138473
0.3621915
0.36734092
0.37547916
0.373799
0.36605507
0.37351388
0.3746856
0.36782426
0.36638463
0.36757678
0.37858886
0.3321077
0.36838287
0.36150807
0.3503398
0.3746177
0.37257522
0.3771436
0.36278427
0.36926013
0.38242942
0.31798708
0.32484517
0.33888635
0.32597044
0.3583352
0.3558803
0.34864485
0.3536835
0.3464703
0.3530189
0.35117698
0.3670212
0.34946907
0.3619985
0.36170852
0.3540246
0.37257403
0.33900076
0.34807009
0.3293526
0.36417782
0.34968513
0.3642088
0.3650047
0.34888774
0.3640194
0.35954803
0.3652262
0.3622018
0.3762758
0.33110482
0.33663496
0.3395411
0.36049166
0.36528355
0.3631656
0.37620297
0.36024946
0.3580412
0.34690076
0.35998887
0.34449583
0.34267518
0.36707723
0.36693138
0.37606215
0.35574004
0.3663935
0.37859702
0.33288163
0.3443297
0.3614679
0.33947986
0.37703684
0.342397
0.3506905
0.36268598
0.3513202
0.36310104
0.3690161
0.35136488
0.35058248
0.36244506
0.3508821
0.3594571
0.34249645
0.36348242
0.36633906
0.37413585
0.34909624
0.37431392
0.34847066
0.37545195
0.3456768
0.35761458
0.34412912
0.35441992
0.35650668
0.3622644
0.35483748
0.36165345
0.3681103
0.36995497
0.3760785
0.3484667
0.35242382
0.357903
0.36438638
0.35842407
0.36459425
0.36731136
0.36017376
0.36006206
0.37356302
0.3502068
0.3583338
0.3687732
0.3717545
0.36250547
0.3580684
0.38134137
0.3534339
0.3693665
0.3694538
0.36825067
0.36285162
0.34356186
0.34079632
0.36262268
0.3580115
0.37061268
0.3567705
0.34341726
0.36333206
0.34399658
0.36577
0.36012664
0.35499457
0.36766276
0.3596498
0.35113877
0.33510754
0.3760599
0.3693889
0.35687262
0.3777383
0.37106025
0.37107316
0.3812784
0.36562935
0.3583296
0.35280618
0.36605555
0.358118
0.3681719
0.36815935
0.36538956
0.36030146
0.37215078
0.36311737
0.37896207
0.3683394
0.38266933
0.3467219
0.35232288
0.34206632
0.3483267
0.3580804
0.34550214
0.3621871
0.36235312
0.3414732
0.35599843
0.36883065
0.33704284
0.33161128
0.34727252
0.34816745
0.34837997
0.34154984
0.37063453
0.33155137
0.35657212
0.35581428
0.34511834
0.35029894
0.35921913
0.35544294
0.37787002
0.3607253
0.37228978
0.36957815
0.364601
0.37254983
0.37401313
0.35473448
0.3674965
0.34528607
0.35819858
0.36456138
0.3782919
0.34685254
0.35172033
0.35484618
0.35481477
0.3294573
0.34018064
0.36745095
0.3477837
0.35355282
0.3542782
0.3517185
0.36610112
0.3617344
0.35811028
0.35891324
0.3814653
0.36663216
0.36550435
0.35843328
0.37057778
0.35382685
0.37232822
0.38047698
0.3409329
0.35122237
0.35117197
0.35041624
0.36928087
0.3577569
0.36549768
0.36380532
0.36928052
0.36930808
0.36005613
0.37000203
0.3831657
0.3151602
0.33724874
0.35697192
0.3530803
0.34681237
0.35669956
0.3635465
0.35709247
0.35262376
0.35663396
0.36129597
0.3574757
0.36991698
0.36593145
0.3544474
0.35000744
0.37429106
0.35982442
0.36628047
0.3493285
0.35598522
0.3609405
0.37469476
0.36599684
0.3653621
0.36238888
0.36971372
0.3810105
0.35529384
0.3570452
0.36928606
0.37197596
0.35591462
0.35949787
0.35451448
0.3565778
0.36003155
0.36872417
0.36592305
0.35606217
0.3573318
0.35967246
0.35683784
0.37051386
0.3817775
0.3424471
0.36961272
0.3644117
0.3634494
0.36617428
0.3575098
0.36733404
0.35675123
0.38323867
0.34928328
0.3557454
0.36730164
0.34980538
0.34103912
0.3505636
0.36774272
0.36861306
0.3543344
0.37183172
0.3680932
0.36513525
0.3710503
0.382121
0.34507254
0.35863194
0.368195
0.36870044
0.36481738
0.37138912
0.37091142
0.37224925
0.36064798
0.3591858
0.37718865
0.37220958
0.36124867
0.37206048
0.35806626
0.3593248
0.37159312
0.38179803
0.37344503
0.3842454
0.3519956
0.3444641
0.32921407
0.35336086
0.367253
0.3433071
0.34299847
0.3758958
0.3647876
0.36323225
0.37459418
0.37404782
0.3717348
0.38505346
0.32284823
0.35851222
0.33201063
0.37032747
0.34404868
0.36678287
0.33391953
0.34653208
0.3292234
0.3534199
0.35462433
0.3315501
0.3556126
0.36398783
0.36469245
0.34653723
0.36049348
0.363298
0.36457354
0.3393944
0.35804468
0.37962806
0.35213184
0.36378962
0.35761276
0.37641805
0.37145108
0.3710207
0.3649939
0.37120765
0.384474
0.37003464
0.36175466
0.36735636
0.3832322
0.36499056
0.37395173
0.36536092
0.3620756
0.3658828
0.3806697
0.3785651
0.38166207
0.3748339
0.37170333
0.37436396
0.38806146
0.29812843
0.3393298
0.34650314
0.36913964
0.3221856
0.3354625
0.35127607
0.3375885
0.3572119
0.3836054
0.33767384
0.35666156
0.36837712
0.35215592
0.3433955
0.35913214
0.37351537
0.36739194
0.3774268
0.3696136
0.37611836
0.36345387
0.37219566
0.37877637
0.38588098
0.35932204
0.3598058
0.35469756
0.367898
0.3713476
0.359361
0.3509825
0.3817422
0.3524792
0.35060093
0.3592694
0.35839134
0.33531496
0.35379183
0.35536915
0.3530565
0.35405052
0.34512585
0.3616626
0.37525085
0.37820342
0.3687187
0.35981366
0.37182927
0.37094015
