1.8590499
0.0929525
0.11717596
0.12260578
0.1386505
0.11603515
0.13384885
0.16622129
0.17093354
0.16738267
0.17993857
0.2104646
0.21799684
0.25096425
0.2412157
0.2550498
0.2679702
0.25518805
0.26858926
0.27525336
0.25802627
0.29326087
0.2479361
0.28492314
0.27583092
0.27580884
0.29642206
0.2305742
0.25079656
0.29105645
0.29079327
0.29184347
0.2979465
0.29750416
0.29352885
0.29842043
0.29845935
0.29993147
0.29911083
0.29443413
0.30266726
0.2932742
0.29860085
0.31620762
0.21473041
0.25127167
0.26867312
0.27245012
0.29320785
0.301933
0.28317776
0.27431014
0.29663938
0.31351063
0.29704395
0.30739537
0.31332415
0.33106148
0.31877732
0.29022977
0.32418442
0.3355183
0.29299846
0.30984694
0.3334574
0.2950526
0.3032406
0.323929
0.3017865
0.32357344
0.3270206
0.32350835
0.31426498
0.32581395
0.3393842
0.26959938
0.27405542
0.27928227
0.29145354
0.2879486
0.3088979
0.29341316
0.32909527
0.30746248
0.32181627
0.32216305
0.3396458
0.31079477
0.32917503
0.31425923
0.34200504
0.2790084
0.32385808
0.3014762
0.31942168
0.32267767
0.31898457
0.32730806
0.32574907
0.3345788
0.29917896
0.32393357
0.325404
0.33387998
0.33369794
0.3203867
0.3327632
0.34389648
0.2654286
0.3123886
0.33314055
0.3205396
0.34631023
0.2931847
0.30270982
0.30025783
0.30447882
0.3291378
0.31604353
0.31964934
0.33056772
0.31377563
0.3145009
0.31476432
0.33237636
0.30336073
0.3295039
0.32726374
0.3156927
0.34577146
0.31630367
0.32789442
0.33090124
0.3458665
0.3265071
0.33755273
0.33022487
0.33727756
0.33933854
0.3290385
0.34062827
0.35071802
0.29942155
0.31059152
0.31743273
0.33540574
0.3243308
0.33799705
0.32853705
0.34040833
0.34475178
0.33540863
0.3304577
0.33199197
0.35464743
0.29907912
0.30396757
0.33926788
0.34641966
0.31788796
0.32764623
0.33448395
0.3406298
0.34132582
0.3398437
0.33600447
0.34625977
0.3448425
0.3322737
0.36025876
0.24459572
0.26963475
0.2899992
0.31306592
0.32704395
0.3195863
0.33750424
0.31313598
0.32415184
0.33962512
0.32900167
0.35697946
0.28224814
0.3030265
0.32052475
0.31927294
0.34479305
0.33900714
0.32195002
0.33628958
0.34039193
0.36439526
0.32127815
0.32095635
0.34094733
0.33995718
0.3415727
0.33146107
0.36227673
0.32207355
0.34018168
0.34554192
0.35483214
0.34305423
0.3389138
0.36662072
0.34335938
0.3414778
0.36511084
0.35831365
0.36097997
0.35773778
0.35146433
0.3589473
0.36197436
0.36938396
0.34217602
0.36156115
0.35460204
0.35573313
0.3372075
0.3386417
0.34847024
0.34393734
0.35472232
0.3417778
0.33312985
0.34866813
0.35392553
0.35757118
0.3553458
0.3698044
0.36018535
0.37243325
0.3583992
0.37029803
0.35377365
0.34905922
0.3484472
0.37095803
0.35443783
0.3478797
0.35959196
0.36874217
0.36355838
0.3713621
0.37428457
0.31522417
0.34089318
0.33124352
0.3477631
0.36639625
0.3334173
0.32625636
0.33494744
0.33649316
0.3303205
0.34109464
0.33522397
0.34484237
0.34401572
0.3641387
0.34203517
0.36451524
0.32900155
0.36714303
0.35128728
0.3561994
0.34072036
0.35795146
0.34483907
0.3629822
0.3590655
0.35392362
0.3501585
0.35192937
0.36932462
0.36338103
0.37182903
0.35125136
0.37400815
0.32092777
0.35593915
0.34172985
0.33178344
0.36308157
0.36421564
0.3744528
0.35100555
0.3310812
0.35487786
0.3433916
0.3370831
0.34455392
0.36003944
0.34865052
0.3735487
0.3456947
0.35916883
0.34849003
0.3727998
0.37206236
0.3620465
0.37348357
0.35080236
0.34854904
0.37124857
0.36071414
0.3717987
0.35918933
0.36147124
0.3731158
0.36675882
0.36035526
0.36202177
0.36048487
0.3502615
0.3742706
0.35745916
0.37378278
0.3670829
0.35560292
0.35394728
0.36190113
0.36569732
0.37522703
0.35160333
0.35773146
0.35562736
0.35880077
0.36358923
0.3633091
0.36358187
0.374538
0.35161084
0.3495278
0.34590724
0.34261015
0.3299455
0.35688975
0.33086517
0.3636102
0.3274308
0.3604402
0.3438471
0.34760684
0.35413927
0.35883814
0.37219268
0.34657302
0.34026653
0.35932383
0.35437265
0.36150703
0.35488966
0.34128508
0.346782
0.350788
0.36885577
0.36192048
0.34811932
0.34461084
0.34591162
0.34886345
0.359937
0.34822634
0.37171867
0.3500571
0.34852198
0.3393226
0.36175337
0.35079435
0.35840032
0.3578766
0.3742384
0.3615356
0.3735815
0.3666877
0.34944615
0.36155364
0.37361792
0.36657977
0.35743776
0.36058944
0.3625253
0.36353526
0.36096197
0.36297062
0.36781082
0.34657592
0.36211973
0.3616128
0.37243307
0.37319547
0.37692457
0.25898233
0.29077116
0.32029885
0.30754274
0.3451087
0.33844346
0.32585493
0.33587447
0.3492034
0.3420602
0.3621296
0.34354815
0.32157075
0.34618568
0.33734518
0.3589419
0.35877305
0.3598536
0.35501525
0.35681215
0.33363456
0.3359328
0.34331584
0.34765562
0.3707902
0.3217603
0.33714467
0.34298053
0.35099426
0.3462234
0.34324256
0.35056627
0.3307321
0.33280078
0.33017567
0.3244911
0.33339697
0.37243807
0.31072688
0.31513378
0.3389342
0.3515355
0.32597327
0.34801394
0.3534614
0.32510227
0.35478666
0.3293698
0.3465435
0.35242727
0.3566503
0.34590352
0.36050186
0.37551865
0.31049195
0.34037602
0.3502731
0.3426348
0.34415084
0.3448195
0.35770428
0.33617964
0.3311355
0.34714743
0.33117804
0.3592139
0.33139795
0.33010235
0.35764387
0.35351908
0.34602916
0.32924718
0.34839514
0.352336
0.34599164
0.36122304
0.34590667
0.3685921
0.36549363
0.36942792
0.3378598
0.3629012
0.35082296
0.3759337
0.33504933
0.34942627
0.36630854
0.3462606
0.34597987
0.34848914
0.35818213
0.34464225
0.36424905
0.34654817
0.36078578
0.36283737
0.36500746
0.37360567
0.35294312
0.36709955
0.34993482
0.3541525
0.35560006
0.37740254
0.3399359
0.31506544
0.3231257
