0.1894455
0.20446332
0.29180703
0.29180703
0.3385483
0.35441458
0.35441458
0.35441458
0.35441458
0.35441458
0.35441458
0.35441458
0.36752915
0.36752915
0.36752915
0.36752915
0.36752915
0.36752915
0.36752915
0.36752915
0.36752915
0.36752915
0.36752915
0.36752915
0.36752915
0.36752915
0.36752915
0.36752915
0.36752915
0.36752915
0.36752915
0.3690337
0.3690337
0.3690337
0.37761194
0.37761194
0.37761194
0.37761194
0.37761194
0.37761194
0.37761194
0.37761194
0.37761194
0.38003528
0.38003528
0.38003528
0.38003528
0.38003528
0.38133332
0.38133332
0.38133332
0.38133332
0.38133332
0.38133332
0.38133332
0.38133332
0.38133332
0.38133332
0.38133332
0.38133332
0.38133332
0.38133332
0.38133332
0.38133332
0.38133332
0.38133332
0.38133332
0.38133332
0.38133332
0.38133332
0.38133332
0.38133332
0.38133332
0.38133332
0.38133332
0.38133332
0.38133332
0.38133332
0.38133332
0.38133332
0.38133332
0.38133332
0.38133332
0.38171834
0.38171834
0.38171834
0.38171834
0.38171834
0.38171834
0.38171834
0.38171834
0.38171834
0.38171834
0.38171834
0.38171834
0.38171834
0.39198896
0.39198896
0.39198896
0.39198896
0.39198896
0.39198896
0.39198896
0.39198896
0.39198896
0.39198896
0.39198896
0.39198896
0.39198896
0.39198896
0.39198896
0.39198896
0.39198896
0.39198896
0.39198896
0.39198896
0.39198896
0.39198896
0.39198896
0.39198896
0.39198896
0.39198896
0.39198896
0.39198896
0.39198896
0.39198896
0.39198896
0.39198896
0.39198896
0.39198896
0.39198896
0.39198896
0.39198896
0.39198896
0.39198896
0.39198896
0.39198896
0.39198896
0.39198896
0.39198896
0.39198896
0.39198896
0.39198896
0.39198896
0.39198896
0.39198896
0.39198896
0.39198896
0.39198896
0.39198896
0.39198896
0.39198896
0.39198896
0.39198896
0.39198896
0.39198896
0.39198896
0.39198896
0.39198896
0.39198896
0.39198896
0.39198896
0.39198896
0.39198896
0.39198896
0.39198896
0.39198896
0.39198896
0.39198896
0.39198896
0.39198896
0.39198896
0.39198896
0.39198896
0.39198896
0.39198896
0.39198896
0.39198896
0.39198896
0.39198896
0.39198896
0.39198896
0.39198896
0.39198896
0.39198896
0.39198896
0.39198896
0.39198896
0.39198896
0.39198896
0.39198896
0.39598623
0.39598623
0.39598623
0.39598623
0.39598623
0.39598623
0.39598623
0.39598623
0.39598623
0.39598623
0.39598623
0.39598623
0.39598623
0.39598623
0.39598623
0.39598623
0.39598623
0.39598623
0.39598623
0.39598623
0.39598623
0.39598623
0.39598623
0.39598623
0.39598623
0.39598623
0.39598623
0.39598623
0.39598623
0.39598623
0.39598623
0.39598623
0.39598623
0.39598623
0.39598623
0.39598623
0.39598623
0.39598623
0.39598623
0.39598623
0.39598623
0.39598623
0.39598623
0.39598623
0.39598623
0.39598623
0.39598623
0.39598623
0.39598623
0.39598623
0.39598623
0.39598623
0.39598623
0.39598623
0.39626023
0.39626023
0.39626023
0.39626023
0.39626023
0.39626023
0.39626023
0.39626023
0.39626023
0.39626023
0.39626023
0.39626023
0.39626023
0.39626023
0.39626023
0.39626023
0.39626023
0.39626023
0.39626023
0.39626023
0.39626023
0.39626023
0.39626023
0.39626023
0.39626023
0.39626023
0.39626023
0.39626023
0.39626023
0.39626023
0.39626023
0.39626023
0.39626023
0.39626023
0.39626023
0.39626023
0.39626023
0.39626023
0.39626023
0.39626023
0.39626023
0.39626023
0.39626023
0.39626023
0.39626023
0.39626023
0.39626023
0.39626023
0.39626023
0.39626023
0.39626023
0.39626023
0.39626023
0.39626023
0.3963767
0.3963767
0.3963767
0.3963767
0.3963767
0.3963767
0.3963767
0.3963767
0.3963767
0.3963767
0.3963767
0.3963767
0.3963767
0.3963767
0.3963767
0.3963767
0.3963767
0.3963767
0.3963767
0.3963767
0.3963767
0.3963767
0.3963767
0.3963767
0.3963767
0.3963767
0.3963767
0.3963767
0.3963767
0.3963767
0.3963767
0.3963767
0.3963767
0.3963767
0.3963767
0.3963767
0.3963767
0.3963767
0.3963767
0.3963767
0.3963767
0.3963767
0.3963767
0.3963767
0.3963767
0.3963767
0.3963767
0.3968414
0.3968414
0.3968414
0.398793
0.398793
0.398793
0.398793
0.398793
0.398793
0.398793
0.398793
0.398793
0.398793
0.398793
0.398793
0.398793
0.39941862
0.39941862
0.39941862
0.39941862
0.39941862
0.39941862
0.39941862
0.39941862
0.39941862
0.39941862
0.39941862
0.39941862
0.39941862
0.39941862
0.39941862
0.39941862
0.39941862
0.39941862
0.39941862
0.39941862
0.39941862
0.39941862
0.39941862
0.39941862
0.39941862
0.39941862
0.39941862
0.39941862
0.39941862
0.39941862
0.39941862
0.39941862
0.39941862
0.39941862
0.39941862
0.39941862
0.39941862
0.39941862
0.39941862
0.40117142
0.40117142
0.40117142
0.40117142
0.40117142
0.40117142
0.40117142
0.40117142
0.40117142
0.40117142
0.40117142
0.40117142
0.40117142
0.40117142
0.40117142
0.40117142
0.40457332
0.40457332
0.40457332
0.40457332
0.40457332
0.40457332
0.40457332
0.40457332
0.40457332
0.40457332
0.40457332
0.40457332
0.40457332
0.40457332
0.40457332
0.40457332
0.40457332
0.40457332
0.40457332
0.40457332
0.40457332
0.40457332
0.40457332
0.40457332
0.40457332
0.40457332
0.40457332
0.40457332
0.40457332
0.40457332
0.40457332
0.40457332
0.40457332
0.40457332
0.40457332
0.40457332
0.40457332
0.40457332
0.40457332
0.40457332
0.40457332
0.40457332
0.40457332
0.40457332
0.40457332
0.40457332
0.40457332
0.40457332
0.40457332
0.40457332
0.40457332
0.40457332
0.40457332
0.40457332
0.40457332
0.40457332
0.40457332
0.40457332
0.40457332
0.40457332
0.40457332
0.40457332
0.40457332
0.40457332
0.40457332
0.40457332
0.40457332
0.40457332
0.40457332
0.40457332
0.40457332
0.40457332
0.40457332
0.40457332
0.40457332
0.40457332
0.40457332
0.40457332
0.40457332
0.40457332
0.40457332
0.40457332
0.40457332
0.40457332
