0.14322463
0.14322463
0.14322463
0.18931995
0.18931995
0.18931995
0.18931995
0.18931995
0.18931995
0.18931995
0.18931995
0.18931995
0.23886745
0.23886745
0.23886745
0.23886745
0.23886745
0.23886745
0.23886745
0.23886745
0.23886745
0.23886745
0.23886745
0.2389907
0.23905824
0.24211481
0.24621636
0.24621636
0.24621636
0.24621636
0.24621636
0.24621636
0.24621636
0.24621636
0.24621636
0.24621636
0.24621636
0.24621636
0.25424019
0.25424019
0.25424019
0.25424019
0.25424019
0.25424019
0.25424019
0.25424019
0.25424019
0.25424019
0.25424019
0.25424019
0.2573393
0.2573393
0.26228487
0.26228487
0.26228487
0.32951456
0.32951456
0.35733867
0.35733867
0.35733867
0.35733867
0.35733867
0.35733867
0.35733867
0.35733867
0.35733867
0.35733867
0.35733867
0.35733867
0.35733867
0.35733867
0.35733867
0.35733867
0.35733867
0.35733867
0.35733867
0.35733867
0.35733867
0.35733867
0.35733867
0.35733867
0.35733867
0.35834712
0.35834712
0.35834712
0.35834712
0.35834712
0.35834712
0.35834712
0.35834712
0.35834712
0.36162224
0.36162224
0.36162224
0.36162224
0.36162224
0.36162224
0.36162224
0.36162224
0.36162224
0.36162224
0.36162224
0.36162224
0.36162224
0.36162224
0.36162224
0.36162224
0.36162224
0.36162224
0.36162224
0.36162224
0.36162224
0.36162224
0.36162224
0.36162224
0.36162224
0.36162224
0.36162224
0.36162224
0.36162224
0.36162224
0.36162224
0.36162224
0.36162224
0.36162224
0.36162224
0.36162224
0.36162224
0.36162224
0.36162224
0.36162224
0.36162224
0.36162224
0.36162224
0.36162224
0.36162224
0.36162224
0.36162224
0.36162224
0.36162224
0.36162224
0.36162224
0.36162224
0.36162224
0.36162224
0.36162224
0.36162224
0.36162224
0.36162224
0.36162224
0.36162224
0.36162224
0.36162224
0.36162224
0.36162224
0.36162224
0.36162224
0.36162224
0.36162224
0.36162224
0.36162224
0.36162224
0.36162224
0.36162224
0.36162224
0.36162224
0.36162224
0.36162224
0.36162224
0.36162224
0.36162224
0.36162224
0.36162224
0.36162224
0.36162224
0.36162224
0.36162224
0.36162224
0.36162224
0.36162224
0.36162224
0.36162224
0.36162224
0.36162224
0.36162224
0.36162224
0.36162224
0.36162224
0.36162224
0.36539355
0.36539355
0.36539355
0.36539355
0.36539355
0.36539355
0.36539355
0.36539355
0.36539355
0.36539355
0.36539355
0.36539355
0.36539355
0.36539355
0.36539355
0.36539355
0.36539355
0.36539355
0.36539355
0.36539355
0.36539355
0.36539355
0.36539355
0.36539355
0.36539355
0.36539355
0.36539355
0.36539355
0.36539355
0.36539355
0.36539355
0.36539355
0.36539355
0.36539355
0.36539355
0.36539355
0.36539355
0.3668341
0.3668341
0.3668341
0.3668341
0.3668341
0.3668341
0.3668341
0.3668341
0.3668341
0.3668341
0.3668341
0.3668341
0.3668341
0.3668341
0.3668341
0.3668341
0.3668341
0.3668341
0.3668341
0.3668341
0.3668341
0.3668341
0.3668341
0.3668341
0.3668341
0.3668341
0.3668341
0.3668341
0.3668341
0.3668341
0.3668341
0.3668341
0.3668341
0.3668341
0.3668341
0.3668341
0.3668341
0.3668341
0.3668341
0.3668341
0.3668341
0.3668341
0.36942732
0.36942732
0.36942732
0.36942732
0.36942732
0.36942732
0.36942732
0.36942732
0.36942732
0.36942732
0.36942732
0.36942732
0.36942732
0.36942732
0.36942732
0.36942732
0.37377188
0.37766552
0.37957734
0.37957734
0.37957734
0.37957734
0.37957734
0.37957734
0.37957734
0.37957734
0.37957734
0.37957734
0.37957734
0.37957734
0.37957734
0.37957734
0.37957734
0.37957734
0.37957734
0.37957734
0.37957734
0.37957734
0.37957734
0.37957734
0.37957734
0.37957734
0.37957734
0.37957734
0.37957734
0.37957734
0.37957734
0.37957734
0.37957734
0.37957734
0.37957734
0.37957734
0.37957734
0.37957734
0.37957734
0.37957734
0.37957734
0.37957734
0.37957734
0.37957734
0.37957734
0.37957734
0.37957734
0.37957734
0.37957734
0.37957734
0.37957734
0.37957734
0.37957734
0.37957734
0.37957734
0.37957734
0.37957734
0.37957734
0.37957734
0.37957734
0.37957734
0.37957734
0.37957734
0.37957734
0.37957734
0.38085413
0.38085413
0.38085413
0.38085413
0.38085413
0.38085413
0.38085413
0.38085413
0.38085413
0.38085413
0.38085413
0.38085413
0.38085413
0.38085413
0.38085413
0.38085413
0.38085413
0.38085413
0.38085413
0.38085413
0.38085413
0.38085413
0.38085413
0.38085413
0.38085413
0.38085413
0.38085413
0.38085413
0.38085413
0.38085413
0.38085413
0.38085413
0.38085413
0.38085413
0.38085413
0.38085413
0.38085413
0.38085413
0.38085413
0.38085413
0.38085413
0.38085413
0.38085413
0.38085413
0.38085413
0.38085413
0.38085413
0.38085413
0.38085413
0.38085413
0.38085413
0.38085413
0.38085413
0.38085413
0.38085413
0.38085413
0.38085413
0.38085413
0.38085413
0.38085413
0.38085413
0.38085413
0.38085413
0.38237166
0.38237166
0.38237166
0.38237166
0.38237166
0.38237166
0.38237166
0.38833854
0.38833854
0.38833854
0.38833854
0.38833854
0.38833854
0.38833854
0.38833854
0.38833854
0.38833854
0.38833854
0.38833854
0.38833854
0.38833854
0.38833854
0.38833854
0.38833854
0.38833854
0.38833854
0.38833854
0.38833854
0.38833854
0.38833854
0.38833854
0.38833854
0.38833854
0.38833854
0.38833854
0.38833854
0.38833854
0.38833854
0.38833854
0.38833854
0.38833854
0.38833854
0.38833854
0.38833854
0.38833854
0.38833854
0.38833854
0.38833854
0.38833854
0.38833854
0.38833854
0.38833854
0.38833854
0.38833854
0.38833854
0.38833854
0.38833854
0.38833854
0.38833854
0.38833854
0.38833854
0.38833854
0.38833854
0.38833854
0.38833854
0.38833854
0.38833854
0.38833854
0.38833854
0.38833854
0.38833854
0.38833854
0.38833854
0.38833854
0.38833854
0.38833854
0.38833854
0.38833854
0.38833854
0.38833854
0.38833854
0.38833854
0.38833854
0.38833854
0.38833854
0.38833854
0.38833854
0.38833854
0.38833854
