0.25348076
0.25348076
0.25348076
0.25348076
0.25348076
0.27171978
0.27171978
0.27171978
0.27171978
0.27171978
0.31970483
0.31970483
0.31970483
0.31970483
0.31970483
0.3445963
0.3445963
0.3445963
0.3445963
0.3445963
0.3445963
0.3445963
0.3445963
0.3445963
0.3445963
0.3445963
0.3445963
0.3445963
0.3445963
0.3445963
0.3445963
0.3445963
0.3445963
0.3445963
0.3445963
0.3445963
0.3445963
0.3445963
0.3445963
0.3445963
0.3445963
0.3445963
0.3445963
0.3445963
0.3445963
0.3445963
0.3445963
0.3445963
0.3445963
0.34538406
0.34538406
0.34538406
0.34538406
0.34538406
0.34538406
0.34538406
0.3504984
0.3504984
0.3504984
0.3504984
0.3504984
0.3504984
0.3504984
0.3504984
0.3504984
0.3504984
0.3504984
0.3504984
0.3504984
0.3504984
0.3504984
0.3504984
0.3504984
0.3504984
0.3504984
0.3504984
0.3504984
0.3504984
0.3504984
0.36011758
0.36011758
0.36011758
0.36011758
0.36011758
0.36011758
0.36011758
0.36011758
0.36011758
0.36011758
0.36011758
0.36011758
0.36011758
0.36011758
0.36011758
0.36011758
0.36011758
0.36011758
0.36011758
0.36011758
0.36011758
0.36011758
0.36011758
0.36380175
0.36380175
0.36380175
0.36380175
0.36380175
0.36380175
0.36380175
0.36380175
0.36380175
0.36380175
0.36380175
0.36380175
0.36380175
0.36380175
0.36380175
0.36380175
0.36380175
0.36380175
0.36380175
0.36380175
0.36380175
0.36380175
0.36380175
0.36380175
0.36380175
0.37691334
0.37691334
0.37691334
0.37691334
0.37691334
0.37691334
0.37691334
0.37691334
0.37691334
0.37691334
0.37691334
0.37691334
0.37691334
0.37691334
0.37691334
0.37691334
0.37691334
0.37691334
0.37691334
0.37691334
0.37691334
0.37691334
0.37691334
0.37691334
0.37691334
0.37691334
0.37691334
0.37691334
0.37691334
0.37691334
0.37691334
0.37691334
0.37691334
0.37691334
0.37691334
0.37691334
0.37691334
0.37691334
0.37691334
0.37691334
0.37691334
0.37691334
0.37691334
0.37691334
0.37691334
0.37691334
0.37691334
0.37691334
0.37691334
0.37691334
0.37691334
0.37691334
0.37691334
0.37691334
0.37691334
0.37691334
0.37691334
0.37691334
0.37691334
0.37691334
0.37691334
0.37691334
0.37691334
0.37691334
0.37691334
0.38131562
0.38131562
0.38131562
0.38131562
0.38131562
0.38131562
0.38131562
0.38131562
0.38131562
0.38131562
0.38131562
0.38131562
0.38131562
0.38131562
0.38131562
0.38131562
0.38131562
0.38131562
0.38131562
0.38131562
0.38131562
0.38131562
0.38131562
0.38178223
0.38178223
0.38178223
0.38178223
0.38178223
0.38178223
0.38178223
0.38178223
0.38178223
0.38178223
0.38178223
0.38178223
0.38178223
0.38178223
0.38178223
0.38178223
0.38178223
0.38178223
0.38178223
0.38178223
0.38178223
0.38178223
0.38178223
0.38178223
0.38178223
0.38178223
0.38178223
0.38178223
0.38178223
0.38178223
0.38178223
0.38178223
0.38178223
0.38178223
0.38178223
0.38178223
0.38178223
0.38178223
0.38178223
0.38178223
0.38178223
0.38178223
0.38178223
0.38178223
0.38178223
0.38178223
0.38178223
0.38178223
0.38178223
0.38178223
0.38178223
0.38178223
0.38178223
0.38178223
0.38178223
0.38178223
0.38178223
0.38178223
0.38178223
0.38178223
0.38178223
0.38178223
0.38178223
0.38178223
0.38178223
0.38178223
0.38178223
0.38178223
0.38178223
0.38178223
0.38178223
0.38178223
0.38178223
0.38178223
0.38178223
0.38178223
0.38178223
0.38178223
0.38178223
0.38178223
0.38178223
0.38178223
0.38178223
0.38178223
0.38178223
0.38178223
0.38178223
0.38178223
0.38178223
0.38178223
0.38178223
0.38178223
0.38178223
0.38178223
0.38178223
0.38178223
0.38178223
0.38178223
0.38178223
0.38178223
0.38178223
0.38178223
0.38178223
0.38178223
0.38178223
0.38178223
0.38178223
0.38178223
0.38178223
0.38178223
0.38178223
0.38178223
0.38178223
0.38178223
0.38178223
0.38178223
0.38178223
0.38178223
0.38178223
0.38178223
0.38178223
0.38178223
0.38178223
0.38178223
0.38178223
0.38178223
0.38178223
0.38178223
0.38178223
0.38178223
0.38178223
0.38178223
0.38178223
0.38178223
0.38178223
0.38178223
0.38178223
0.38178223
0.38178223
0.38178223
0.38178223
0.38178223
0.38178223
0.38178223
0.38178223
0.38178223
0.38178223
0.38178223
0.38178223
0.38178223
0.38178223
0.38178223
0.38178223
0.38178223
0.38178223
0.38178223
0.38178223
0.38178223
0.38178223
0.38178223
0.38178223
0.38178223
0.38178223
0.38178223
0.38178223
0.38178223
0.38178223
0.38178223
0.38178223
0.38178223
0.38178223
0.38178223
0.38178223
0.38178223
0.38178223
0.38178223
0.38178223
0.38178223
0.38178223
0.38178223
0.38178223
0.38178223
0.38178223
0.38178223
0.38178223
0.38178223
0.38178223
0.38178223
0.38178223
0.38178223
0.38178223
0.38178223
0.38178223
0.38178223
0.38178223
0.38178223
0.38178223
0.38178223
0.38178223
0.38178223
0.38178223
0.38178223
0.38178223
0.38178223
0.38178223
0.38178223
0.38178223
0.38178223
0.38178223
0.38178223
0.38178223
0.38178223
0.38178223
0.38178223
0.38178223
0.38178223
0.38178223
0.38178223
0.38178223
0.38178223
0.38178223
0.38178223
0.38178223
0.38178223
0.38178223
0.38178223
0.38178223
0.38178223
0.38178223
0.38178223
0.38178223
0.38178223
0.38178223
0.38178223
0.38501868
0.38501868
0.38501868
0.38501868
0.38501868
0.38501868
0.38501868
0.38501868
0.38501868
0.38501868
0.38501868
0.38501868
0.38501868
0.38501868
0.38501868
0.38501868
0.38501868
0.38501868
0.38501868
0.38501868
0.38501868
0.38501868
0.38501868
0.38501868
0.38501868
0.38501868
0.38501868
0.38501868
0.38501868
0.38501868
0.38501868
0.38501868
0.38501868
0.38501868
0.38501868
0.38501868
0.38501868
0.38501868
0.38501868
0.38501868
0.38501868
0.38501868
0.38501868
0.38501868
0.38501868
0.38501868
0.38501868
0.38501868
0.38501868
0.38501868
0.38501868
0.38501868
