5.722543
0.05722543
0.079701744
0.10139187
0.11755857
0.1393447
0.16461904
0.18523592
0.18944506
0.22011295
0.23347603
0.24055834
0.2614283
0.2577851
0.27141768
0.2548336
0.2853681
0.2810548
0.29493687
0.274718
0.29360774
0.29781526
0.29532593
0.2997385
0.29891774
0.302948
0.2940993
0.3021718
0.30631217
0.30637655
0.30256322
0.30860066
0.30209026
0.30957595
0.31071046
0.30804652
0.3138315
0.29931146
0.307356
0.30946678
0.3145947
0.3154541
0.31121913
0.31975
0.29749832
0.30384848
0.31061715
0.30319104
0.31138614
0.32360443
0.28967935
0.3083785
0.31765372
0.31469327
0.3266723
0.3063308
0.32587817
0.32128158
0.32009557
0.32113275
0.32609698
0.33083564
0.30818665
0.31806064
0.33107257
0.320035
0.32393178
0.33028075
0.34588048
0.2851885
0.30446085
0.29578808
0.3264295
0.30724797
0.31772095
0.31453905
0.3161532
0.33096138
0.33346325
0.3419878
0.33305886
0.33286628
0.34880418
0.33007073
0.34346223
0.34564137
0.34620342
0.34815395
0.35111582
0.3368556
0.34162155
0.3404108
0.34251392
0.3425091
0.35401043
0.33770144
0.34787738
0.3464772
0.34154767
0.34689537
0.35016942
0.35391003
0.349916
0.35061428
0.35595632
0.3387417
0.34379563
0.3430106
0.35034788
0.34247354
0.34790376
0.34993282
0.35374883
0.35510308
0.36103112
0.3293885
0.32844484
0.33321053
0.33714747
0.34022355
0.34716466
0.34062076
0.35268578
0.34745696
0.3518189
0.35724533
0.35454237
0.35798317
0.35481453
0.35548806
0.35814282
0.35747063
0.3588324
0.36082366
0.36066437
0.36455536
0.33110753
0.33739734
0.34235016
0.34448478
0.34437835
0.3476572
0.35211632
0.33855653
0.3470222
0.3493156
0.35504067
0.35509437
0.36227816
0.36187112
0.3583151
0.36160338
0.36146772
0.363177
0.36637914
0.333739
0.33193225
0.34286714
0.35034493
0.34229147
0.34900674
0.35737845
0.35378307
0.35695973
0.3652018
0.35434836
0.3608037
0.35995468
0.35821357
0.36180875
0.35300925
0.36100376
0.36519256
0.3621109
0.3645329
0.3602813
0.3696309
0.34097525
0.34295627
0.35133335
0.35032547
0.35942918
0.35242054
0.3524257
0.35645372
0.36664882
0.3571588
0.36163974
0.3625189
0.3643793
0.36110836
0.36740562
0.37146106
0.34854123
0.35836747
0.35639516
0.3577403
0.3558802
0.36086762
0.36326653
0.3624935
0.36736077
0.37408295
0.32791638
0.32770702
0.3447385
0.34449276
0.34858167
0.35627
0.35501802
0.3503962
0.35460454
0.35980105
0.3668006
0.36019185
0.35883838
0.3668126
0.36491433
0.3668664
0.3666634
0.3682709
0.36133504
0.3686586
0.36762717
0.37008163
0.37213266
0.37094593
0.3737064
0.35909337
0.36017904
0.35834512
0.36412156
0.36526778
0.36507937
0.36453637
0.3695233
0.3711751
0.37402666
0.37126422
0.36485347
0.36545083
0.37398255
0.36810648
0.37079746
0.37507793
0.3606171
0.36821663
0.36536926
0.3739369
0.36569393
0.37842286
0.32479405
0.33456898
0.34441987
0.34357765
0.3459883
0.3443309
0.34754917
0.35142478
0.34855053
0.3565843
0.33755693
0.34862182
0.35024366
0.34976506
0.3596874
0.36022422
0.35245374
0.36161554
0.35836747
0.36545125
0.3663857
0.36355713
0.36964208
0.3701608
0.3672742
0.36492753
0.37084493
0.36936826
0.37062576
0.37527236
0.36475953
0.37031695
0.3625059
0.37172526
0.37195137
0.371004
0.3699418
0.38071316
0.32959595
0.33709422
0.34182748
0.34245545
0.3534788
0.36048526
0.35411808
0.35638553
0.3670718
0.35406238
0.364619
0.3677468
0.36467084
0.3662413
0.3704895
0.368695
0.365409
0.3694651
0.3743925
0.36114898
0.35858232
0.36551848
0.362911
0.36423516
0.36522117
0.3633912
0.37310624
0.366242
0.36578804
0.36755803
0.37474835
0.37184143
0.36735258
0.37393406
0.37616718
0.3696988
0.37631637
0.36465055
0.37427315
0.37316665
0.36880866
0.37137878
0.37559006
0.37800407
0.36182073
0.37427193
0.3717981
0.37476632
0.36829412
0.37525094
0.37348655
0.3765545
0.37974435
0.36714363
0.3680737
0.36867943
0.37345597
0.37908992
0.37818706
0.37597877
0.3809708
0.37270546
0.37800682
0.37843952
0.3775673
0.38008678
0.37743706
0.37736866
0.37611088
0.37603977
0.37607193
0.3788661
0.37915218
0.38317955
0.33155927
0.34544927
0.35517177
0.3498211
0.35192162
0.34904903
0.3694816
0.35005653
0.36561286
0.3716008
0.36160308
0.36700898
0.36698192
0.36838603
0.36497203
0.36564395
0.37211668
0.37041128
0.3689433
0.3735602
0.37563804
0.3708354
0.3742608
0.3754113
0.36878407
0.3727248
0.36987376
0.37006733
0.3733646
0.37503296
0.37460998
0.37139997
0.37767828
0.37120187
0.3724842
0.38011566
0.36705208
0.3728799
0.38250813
0.36449865
0.37158436
0.3706874
0.36961967
0.37831482
0.3694551
0.37492523
0.37595195
0.37914437
0.38026637
0.38442868
0.36445975
0.36211857
0.36722714
0.36722866
0.37234238
0.37192306
0.3816046
0.36372936
0.372322
0.37307748
0.37249506
0.36442062
0.37630898
0.37076992
0.38067877
0.3733929
0.37671417
0.37220398
0.37713552
0.37919837
0.37825665
0.38276416
0.38497907
0.3792229
0.37793988
0.37692297
0.3761358
0.37683353
0.37676567
0.3768117
0.37873894
0.38611615
0.3604525
0.36331713
0.36865416
0.3665623
0.3687842
0.3707631
0.37166423
0.37512115
0.37492123
0.3785452
0.3738447
0.37562552
0.37745896
0.3812885
0.37937528
0.376286
0.3789565
0.38356227
0.38475716
0.3793128
0.38206676
0.38171825
0.38560715
0.37548676
0.37505287
0.37929562
0.382074
0.38322282
0.38831592
0.3429681
0.34733242
0.3596191
0.35400346
0.35278407
0.37109798
0.36375055
0.3703927
0.36638877
0.3659656
0.37622747
0.37342972
0.37939236
0.3661259
0.36892208
0.36476895
0.37452933
0.36899456
0.37143406
0.3735407
0.3701556
0.37850338
0.37933692
0.37931147
0.3762771
0.380457
0.3813783
0.3698406
