1.3122722
0.06561361
0.0889701
0.11757241
0.1376673
0.18343744
0.1694171
0.19034845
0.18532164
0.20394161
0.19381008
0.2330964
0.20249443
0.20299089
0.21666405
0.23929591
0.21667536
0.25883391
0.28671727
0.24936795
0.26105258
0.2609792
0.28192097
0.2842627
0.27225965
0.27570862
0.27739787
0.28946522
0.2703103
0.30032077
0.24349144
0.2881137
0.23061657
0.27626544
0.3073297
0.24881168
0.27983794
0.26561943
0.2852131
0.29978973
0.28701454
0.3086596
0.27950722
0.29200968
0.29905203
0.30512434
0.31533045
0.23015785
0.28641802
0.28161174
0.3063521
0.2959014
0.30559406
0.2982486
0.30544788
0.30167437
0.3094086
0.3100915
0.3137801
0.2962606
0.31196183
0.32378492
0.29635438
0.29853928
0.30352062
0.32018286
0.31235978
0.3053185
0.29799682
0.32466295
0.33788657
0.26320872
0.31519672
0.28862292
0.3156863
0.3275048
0.33602142
0.32917014
0.32185277
0.32832664
0.3276417
0.32793093
0.33400494
0.32834488
0.34045237
0.30592
0.28749105
0.3311766
0.33179086
0.34406
0.29779384
0.32782704
0.3036953
0.3244644
0.3307421
0.34599376
0.3291132
0.31656292
0.31661624
0.31891903
0.31081355
0.3332311
0.32293224
0.34320158
0.32612357
0.33660394
0.3369635
0.34671676
0.32280153
0.34296566
0.34518406
0.33525
0.34833062
0.31608656
0.34679523
0.32928076
0.33182877
0.32724312
0.33200166
0.3356901
0.32406682
0.33505213
0.33552518
0.32269564
0.33569938
0.33888298
0.35067582
0.2670997
0.29996735
0.3062349
0.3165244
0.32154292
0.30189985
0.3123328
0.311099
0.31945613
0.33768106
0.32995275
0.32416272
0.31617898
0.32652062
0.33075982
0.34299284
0.34732512
0.33491814
0.33559734
0.35480484
0.30603558
0.3438861
0.33382568
0.35032806
0.32407942
0.33510584
0.35676524
0.32164776
0.3364413
0.33471957
0.3532072
0.357907
0.35836324
0.3575861
0.3665108
0.29998982
0.34807283
0.3485451
0.3302857
0.34609854
0.34183815
0.34508744
0.3647639
0.3529219
0.3504045
0.33735156
0.35780096
0.34073475
0.35768366
0.35712156
0.36289275
0.35229477
0.356741
0.36600628
0.3641294
0.35119945
0.35991457
0.37259716
0.28032067
0.31162387
0.35665637
0.31200498
0.36364216
0.33353668
0.3327082
0.34156737
0.3555625
0.3323056
0.36952907
0.35824817
0.3590506
0.3682932
0.35802528
0.35363021
0.33600852
0.3624728
0.35751197
0.35242516
0.36174554
0.3773468
0.3109943
0.317227
0.34206435
0.3394896
0.3453387
0.35907525
0.35006237
0.3328717
0.3606035
0.36541247
0.34920713
0.34684443
0.35967582
0.36103064
0.3678342
0.37357384
0.3391358
0.3564021
0.35198608
0.34907594
0.36562884
0.36998206
0.3580281
0.35504025
0.35392088
0.3633737
0.37761682
0.36010188
0.3481906
0.36281
0.36201078
0.37768024
0.35627788
0.3508895
0.3666917
0.37362507
0.3591107
0.36670092
0.37599808
0.3743804
0.37724853
0.3711229
0.3635102
0.37153125
0.36524093
0.366188
0.37794882
0.37046582
0.37900457
0.37247393
0.34859163
0.37445647
0.33534533
0.32426468
0.3374176
0.35990325
0.3570881
0.3708178
0.3536462
0.36399263
0.35588077
0.37900838
0.37004438
0.38086876
0.3136289
0.33792365
0.31604436
0.33187395
0.36906472
0.3418111
0.34586114
0.33985883
0.36455908
0.368393
0.35847992
0.36256295
0.36589426
0.35664973
0.37630904
0.35855395
0.3601243
0.377754
0.36711138
0.3712771
0.3354144
0.34600964
0.3489429
0.3582541
0.35498676
0.3811018
0.36010537
0.34889045
0.34657615
0.3515661
0.3674697
0.34795412
0.3516144
0.34766766
0.34356365
0.3528908
0.3744556
0.35115564
0.36336195
0.36708406
0.34723943
0.37062028
0.3809271
0.36107805
0.34869343
0.34599262
0.32368737
0.34374794
0.35334462
0.33907706
0.32446337
0.35949665
0.34041163
0.35915452
0.34421474
0.36456302
0.36867136
0.35999796
0.35576922
0.3573182
0.38212404
0.3819554
0.3608814
0.3728287
0.369331
0.38006547
0.3598087
0.381906
0.36635372
0.37027842
0.3680517
0.36080557
0.38189203
0.35806555
0.3881278
0.31095544
0.34422863
0.3531932
0.35816276
0.35969606
0.34939018
0.36220038
0.3560625
0.35393888
0.3649471
0.3455611
0.35004678
0.36029977
0.36066663
0.35078084
0.35562965
0.363459
0.34990686
0.370362
0.3628293
0.36386615
0.3634593
0.36002687
0.3657034
0.37948543
0.3483324
0.37318236
0.34974533
0.35128635
0.37764817
0.36465815
0.36712897
0.36173454
0.36541677
0.36480337
0.3721483
0.38500464
0.33141437
0.3721577
0.31721547
0.35162333
0.3191738
0.34589562
0.36539888
0.38656363
0.32632622
0.3499322
0.35182968
0.3726939
0.3604278
0.36719608
0.34681645
0.37594047
0.37156302
0.3696825
0.35990664
0.37367287
0.36338004
0.37984553
0.36113852
0.3749389
0.38456947
0.369713
0.3865678
0.3443689
0.3502149
0.3694693
0.37089646
0.37224987
0.3527973
0.3474059
0.36985236
0.36751202
0.37159258
0.38448572
0.3571174
0.36591822
0.3687277
0.36522734
0.3667392
0.36344272
0.37117493
0.38292342
0.37869185
0.37692055
0.38691336
0.3511989
0.35532463
0.3706401
0.35745084
0.37456477
0.37082538
0.38453987
0.36094797
0.37404114
0.3794059
0.3535095
0.3665272
0.36357155
0.34047517
0.36058944
0.3452781
0.36944434
0.35043484
0.35338688
0.37576905
0.3851784
0.36806685
0.38574213
0.38455832
0.3738943
0.38612148
0.38793945
0.36156532
0.38346583
0.3495271
0.35752818
0.37106773
0.3640248
0.3597685
0.34315658
0.36278325
0.3751438
0.36942694
0.3807552
0.3756722
0.38812295
0.37119624
0.3704461
0.37820023
0.39074245
0.3042361
0.32013306
0.33990496
0.3203581
0.33836895
0.31539008
0.33450097
0.34687692
0.35837063
0.35955712
0.32515097
0.36670718
0.35223976
0.36716637
0.36922112
0.36289003
0.36528704
0.3622592
0.36873388
0.3697128
0.36155725
0.36517516
0.3498195
0.3609255
0.36747354
0.35244638
0.36598116
0.35164177
0.3495051
0.35915142
0.35905805
0.38645297
0.35943684
0.34562588
0.3482173
0.34055066
0.35359722
0.3838093
0.36003265
0.33144802
0.3720208
0.34632146
0.34837812
0.3663058
0.37436178
0.33663365
0.36102661
0.34754118
0.34623867
0.35980314
0.38442373
0.3292366
0.35178372
0.36003524
0.36044845
0.38538674
0.37372324
0.36498517
0.3583253
0.35491604
0.3657114
0.36304763
0.35149014
0.36758018
0.3801341
0.37461644
0.37801626
0.3799598
0.3668791
0.38721165
0.3806041
0.3764677
0.3754089
0.36595398
0.3589605
0.373117
0.36908406
0.37085485
0.3771825
0.37669063
0.38485903
0.36627048
0.36569747
0.35041755
0.37641987
0.37469727
0.38849673
0.36470574
0.36382446
0.371049
0.3511082
0.36125633
0.3878675
0.36048642
0.36411294
0.3610794
0.37228262
0.37645084
0.36322817
0.3714592
0.3647259
0.363916
0.3863033
0.38454598
0.36923808
0.37589872
0.3809668
0.3767692
0.39030662
0.38226205
0.38004705
0.3906276
0.3936586
0.2955031
0.32821983
0.28505024
0.31475204
0.3295902
0.33116537
0.34794694
0.28960472
0.34164906
0.29396257
0.30370533
0.33788115
0.33105695
0.30909643
0.346816
0.35424754
0.3067937
0.32008338
0.32842475
0.36800486
0.33231914
0.3364603
0.33971652
0.3604785
0.36740732
0.34411073
0.34480834
0.3394289
0.35492003
0.37826917
0.32444295
0.34640747
0.3796397
0.37439924
0.36116356
0.3605856
0.35694548
0.3858795
0.33754435
0.34816366
0.35850677
0.3533009
0.36200124
0.36559474
0.35430744
0.3630489
0.3731048
0.37363312
0.36290386
0.36358175
0.38287333
0.35983086
0.37217608
0.36398566
0.36886358
0.37982762
0.38145068
0.3907428
0.33245003
0.32873914
0.32002544
0.34682646
0.33350414
0.3262593
0.37126347
0.33467838
0.3555989
0.3670574
0.3574873
0.35793215
0.35405198
0.3309099
0.3710895
0.35970175
0.35463458
0.34547088
0.36576858
0.35629192
0.37444034
0.37871584
0.36644042
0.35083935
0.33257192
0.37092128
0.33061293
0.365874
0.3349305
0.37339503
0.35373154
0.36340633
0.364092
0.3730512
0.37182352
0.3826217
0.35295457
0.35831362
0.34980345
0.37021154
0.38532403
0.3544131
0.3584234
0.35692713
0.34829682
0.34861258
0.35495007
0.35744712
0.35209346
0.3564606
0.37563583
0.37091
0.37174934
0.38657284
0.3564692
0.34495133
0.3599914
0.37900615
0.37271512
0.3639984
0.3764119
0.3667954
0.38874707
0.36697164
0.38611528
0.35895544
0.37852773
0.3746556
0.38030523
0.38062745
0.39429322
0.30261907
0.32194096
0.34577096
0.31111923
0.3725309
0.32619575
0.34048408
0.35767034
0.34540233
0.36996025
0.38394958
0.31664014
0.34104812
0.36309934
0.34805563
0.33991465
0.3581607
0.36671922
0.35689303
0.3504232
0.36408442
0.37506407
0.37728328
0.37534183
0.37654448
0.37548158
0.38793448
0.33319968
0.35435253
0.35891792
0.3633499
0.35715896
0.37913373
0.34991473
0.34344274
0.33999452
0.35624838
0.36077386
0.37088084
0.36796767
0.38563424
0.3623769
0.36966163
0.34658584
0.34776193
0.35948363
0.37416878
0.38415956
0.35803205
0.35034138
0.35491598
0.35936734
0.36955985
0.37934527
0.3797241
0.3826615
0.3904944
0.35044408
0.36802393
0.36236438
0.35981143
0.36432534
0.3696614
0.3853708
0.36376625
0.354853
0.34976745
0.3614669
0.3467955
0.35063404
0.36709544
0.36243993
0.34998715
0.35003522
0.36887485
0.35843724
0.37484005
0.37690806
0.361497
0.3756242
0.36625895
0.36094648
0.37135726
0.37713248
0.3764797
0.36795595
0.36036092
0.38200277
0.39467436
0.34497243
0.34508836
0.35354844
0.3533433
0.3450534
0.35423985
0.3766909
0.3547178
0.37837452
0.36466724
0.35300615
0.36690634
0.36533287
0.38542333
0.37715557
0.37774765
0.366538
0.36299703
0.3900751
0.3690347
0.38204926
0.3789125
0.38049394
0.37808657
0.36596653
0.37053284
0.39057964
0.3672095
0.38250896
0.37922293
0.3780063
0.37844306
0.38416392
0.3892667
0.37994662
0.3936301
0.3792933
0.38197798
0.38432378
0.38549325
0.38748115
0.39303464
0.39597458
0.379505
0.3966004
0.38364592
0.39419153
0.39206773
0.39492244
0.3831582
0.39596695
0.38534015
0.3852239
0.39308536
0.39423975
0.3807582
0.38422722
0.3943568
0.39837632
0.26138455
0.33287877
0.30949408
0.34159267
0.32932538
0.33925936
0.3293145
0.34393555
0.3267829
0.35409942
0.33368486
0.34359497
0.35357553
0.35999864
0.34971824
0.33809817
0.35158306
0.37005734
0.34622884
0.38128206
0.36813197
0.34243277
0.3514399
0.35879835
0.35400835
0.38491836
0.3422101
0.36335373
0.36885405
0.36843467
0.3727408
0.3889943
0.3342273
0.32862973
0.32139152
0.33906153
0.36678392
0.3480069
0.36561042
0.37534717
0.38707778
0.36303282
0.36570945
0.35570437
0.37143934
0.36177644
0.37572488
0.38835046
0.3935176
0.35716605
0.37781084
0.35192227
0.38462904
0.36832282
0.36084926
0.35234684
0.35927135
0.36382747
0.36228475
0.37812296
0.38755596
0.3661029
0.39377075
0.36570424
0.35008788
0.36582676
0.3695076
0.3943929
0.38417518
0.3783549
0.38529694
0.37071165
0.3893544
0.38025743
0.3797237
0.39145148
0.3686827
0.37687272
0.35851103
0.3791527
0.36399144
0.34905356
0.3714515
0.3799841
0.3619933
0.36729917
0.36381334
0.3700537
0.37759885
0.36220205
0.39513665
0.36501265
0.39670968
0.35102445
0.3911421
0.353496
0.38007355
0.3816151
0.37012213
0.38521063
0.3666291
0.38518614
0.3922801
0.3691607
0.3779027
0.37773782
0.36954838
0.37985066
0.3818658
0.38248003
0.39404565
0.39162734
0.38103268
0.39456704
0.39523533
0.3788743
0.38120016
0.37994847
0.3800885
0.3857037
0.3854447
0.3800771
0.3828774
0.39211336
0.3844007
0.3694337
0.39102834
0.38581413
0.387663
0.39832503
0.35645884
0.34254497
0.3530536
0.36106437
0.3544727
0.37146467
0.36438555
0.36618367
0.3698486
0.34784654
0.36673123
0.37679952
0.37755275
0.38114142
0.39041743
0.3517116
0.3639983
0.3746208
0.38326097
0.3681013
0.37992662
0.38231045
0.38447517
0.38523033
0.39908287
0.3125081
0.35965717
0.35517585
0.3631044
0.3686593
0.3755952
0.39006996
0.35751516
0.38521376
0.34550148
0.35942876
0.3702913
0.36590093
0.37726954
0.37951493
0.37546706
0.38014013
0.3941973
0.32436037
0.35925713
0.36567122
0.38243544
0.38151172
0.3803143
0.37222224
0.36385083
0.37180826
0.37517878
0.3801232
0.39475816
0.35606322
0.36702755
0.38263184
0.39227748
0.3680712
0.37550935
0.3778745
0.37959749
0.38300616
0.3754931
0.3919931
0.37522176
0.38566333
0.36657274
0.3741826
0.3910288
0.3554432
0.35926864
0.3551671
0.38469183
0.37244093
0.36940426
0.3573699
0.37268892
0.37438342
0.37283486
0.387433
0.37945718
0.38885754
0.3782858
0.39361307
0.38236502
0.38315523
0.39313045
0.36753583
0.38411108
0.3837019
0.37303054
0.37041384
0.38318813
0.37746227
0.36596048
0.36045837
0.37141034
0.3709734
0.37693918
0.37705424
0.3828196
0.39940405
0.32086676
0.35604
0.34002376
0.33146712
0.37821597
0.37466517
0.38094074
0.36223716
0.35661164
0.3742243
0.35806042
0.36373684
0.37628865
0.3774987
0.37605143
0.37676132
0.39174536
0.3634935
0.38050753
0.36718112
0.374387
0.36830658
0.383892
0.3925041
0.38382432
0.3675716
0.36298415
0.38783333
0.369016
0.388109
0.39566395
0.38372424
0.3816152
0.37828588
0.3794702
0.37109488
0.39687932
0.34457153
0.36261126
0.38741443
0.39330503
0.3832567
0.3755449
0.37086958
0.37533802
0.38885093
0.38167483
0.385728
0.37114832
0.3872054
0.38627356
0.39993295
0.33885378
0.3514053
0.3266762
0.35472384
0.35096508
0.36442015
0.35909835
0.35892805
0.35455674
0.36262232
0.36965758
0.36068565
0.38411093
0.38759664
0.38889647
0.36465263
0.3720064
0.37321174
0.39681488
0.36388344
0.36335984
0.37710834
0.3723307
0.36465198
0.3772992
0.35960793
0.37170663
0.37915227
0.35294548
0.3448094
0.36576304
0.37355098
0.35739774
0.38915017
0.37633935
0.38233286
0.3819278
0.39259082
0.3822946
0.36758012
0.38793063
0.38499692
0.39925212
0.36970037
0.38181904
0.37668157
0.3934289
0.38880503
0.3991466
0.37891024
0.3892737
0.38674706
0.4017694
0.3140041
0.32144502
0.32777578
0.34066522
0.3419733
0.3702405
0.3081583
0.3302345
0.3353784
0.3493564
0.35290748
0.35413474
0.3769313
0.36600548
0.37426612
0.3605011
0.36266392
0.36480087
0.3723475
0.35667616
0.3700115
0.38155824
0.3777193
0.3694732
0.37179998
0.36535305
0.36893073
0.3877702
0.37332153
0.36161545
0.36903557
0.35080057
0.3932004
0.35839382
0.35452968
0.36864275
0.36743647
0.36347312
0.36470434
0.38733774
0.35960558
0.3728125
0.36069554
0.3800887
0.37377784
0.36976606
0.3815592
0.37012744
0.3962291
0.3500531
0.3357891
0.35915953
0.37384683
0.3395483
0.36016557
0.38235164
0.36473888
0.35923642
0.36645967
0.3784344
0.38232395
0.39808938
0.3588167
0.3679587
0.3654754
0.3513264
0.38363054
0.3623223
0.3585924
0.35340434
0.3590806
0.37984583
0.3688858
0.3837323
0.36972028
0.35327005
0.3840535
0.38908884
0.37686974
0.400227
0.34991828
0.3722813
0.35293752
0.3789436
0.37433967
0.35191336
0.39070624
0.35248107
0.37749988
0.35757187
0.37963796
0.3792231
0.36851043
0.37128192
0.37814757
0.40024644
0.3530159
0.3638634
0.3508534
0.36166131
0.3660073
0.36703327
0.37834424
0.38388044
0.3764495
0.3774336
0.3709672
0.39659736
0.37605038
0.38267952
0.3701739
0.3788921
0.38204375
0.3778992
0.38152483
0.38124996
0.38879278
0.38305545
0.39989543
0.36616665
0.3593738
0.38084644
0.36644703
0.3829055
0.3748668
0.37828168
0.35668862
0.37721443
0.37935045
0.3557991
0.3756782
0.385297
0.36059946
0.373654
0.39169675
0.37276658
0.368103
0.38527232
0.3850764
0.38255817
0.39409503
0.3724763
0.37547278
0.38792068
0.35877612
0.37265974
0.38082916
0.39587992
0.37638804
0.38105223
0.3961713
0.37869757
0.38338897
0.38551944
0.3721661
0.35910958
0.3682278
0.36379844
0.38316137
0.38744563
0.3852844
0.39922023
0.3870951
0.39024454
0.38556117
0.38332605
0.39079344
0.3909971
0.39948303
0.37942952
0.39160246
0.38506743
0.3707471
0.39580613
0.3817947
0.37991223
0.37737367
0.3842772
0.37685564
0.38625076
0.38388017
0.3861539
0.3911572
0.3861693
0.38373858
0.40110356
0.37809855
0.3883769
0.40071854
0.37452084
0.3808675
0.38065535
0.3792228
0.3762898
0.38835642
0.39391878
0.38924348
0.3862974
0.39995524
0.3996804
0.39239842
0.4007759
0.38965163
0.4029738
0.34569627
0.33999276
0.3579571
0.35082343
0.36903945
0.33766943
0.35423824
0.36124182
0.35300905
0.36538333
0.3747272
0.38149014
0.3614617
0.36693949
0.38111073
0.3514367
0.37599194
0.36747307
0.37568268
0.37650463
0.37356588
0.367161
0.37233022
0.38848093
0.34979776
0.39102703
0.37568367
0.37121594
0.36801738
0.38055965
0.37970346
0.37813038
0.39162606
0.38218582
0.37916642
0.38739684
0.39615512
0.35703737
0.35593286
0.36335838
0.3811041
0.3750922
0.36558512
0.3542319
0.3642071
0.36946446
0.38111833
0.37008873
0.37081966
0.38491982
0.3617667
0.3669244
0.37359694
0.38406318
0.37001133
0.3913674
0.38822
0.36904773
0.40089935
0.32538563
0.33547428
0.37262565
0.35357863
0.37766162
0.3595326
0.37399873
0.36962926
0.39064988
0.38977182
0.36472133
0.36855143
0.3616699
0.37624282
0.37503156
0.37157723
0.3832762
0.37074807
0.3894712
0.3964834
0.38058567
0.37970656
0.37371725
0.3932297
0.36461785
0.38357738
0.37160692
0.38716117
0.3703814
0.37419146
0.38019842
0.3843693
0.37345943
0.39828253
0.3894403
0.37981984
0.3860067
0.37298995
0.37400606
0.39049008
0.38224912
0.3829035
0.37282324
0.3961881
0.3888427
0.3825904
0.38475117
0.3710927
0.3926618
0.38437086
0.3816133
0.374302
0.38502902
0.37365922
0.3880399
0.3988086
0.37434524
0.3798888
0.36154866
0.38862407
0.38907096
0.39214835
0.39693505
0.38750342
0.38640106
0.39876825
0.40178466
0.37200847
0.3640393
0.37049633
0.38280773
0.3907259
0.40317684
0.3768571
0.35176152
0.3947215
0.345108
0.3400082
0.35402334
0.37930068
0.37246683
0.37226856
0.38592628
0.37845725
0.37849167
0.39329797
0.39776853
0.37307736
0.37084702
0.37901986
0.38355547
0.38479304
0.39148703
0.3973993
0.39000306
0.38908762
0.3929677
0.39839396
0.38347134
0.37359515
0.39629143
0.39742792
0.38914728
0.40051818
0.38537306
0.3833391
0.39773017
0.3999743
0.35319644
0.37520316
0.37522826
0.3992914
0.39451745
0.36416775
0.38235208
0.37155062
0.39022473
0.40421042
0.3159005
0.346633
0.35749382
0.34396374
0.37717664
0.35253522
0.36754107
0.3697082
0.38224754
0.36879748
0.3702379
0.3644876
0.37815025
0.3766591
0.38969705
0.3536342
0.36542827
0.35121438
0.39487475
0.35837993
0.36297438
0.36373764
0.37045303
0.36764297
0.37888563
0.38218266
0.3697434
0.37008584
0.3668812
0.3950646
0.38541573
0.36669287
0.3647967
0.36427602
0.37973684
0.35788292
0.3828642
0.3483227
0.3780717
0.37781626
0.38414502
0.36579025
0.38235116
0.37621677
0.3649109
0.3788073
0.36643586
0.38899133
0.38832632
0.3992207
0.3457809
0.3414191
0.36440265
0.37784
0.39320546
0.3833388
0.3625907
0.37852132
0.38260207
0.35629398
0.37045103
0.3525924
0.37343648
0.37570736
0.38519955
0.37112966
0.38357934
0.38879532
0.3736961
0.37227306
0.38220158
0.37117654
0.3930124
0.37302345
0.38943252
0.38603386
0.36761075
0.3915308
0.36135238
0.37070903
0.37716764
0.37303078
0.39804423
0.3670551
0.3849954
0.3766082
0.38874972
0.387449
0.3791227
0.3704075
0.39982092
0.38336718
0.38313603
0.38657242
0.38724273
0.38614193
0.3924032
0.40490064
0.38182247
0.39087018
0.37458152
0.38452244
0.40084663
0.3801039
0.3694666
0.39423293
0.38115102
0.3776222
0.38363552
0.3826185
0.39597222
0.38717955
0.386085
0.3864934
0.39131054
0.39859033
0.379396
0.39762008
0.3871166
0.38506898
0.40086937
0.38710734
0.3802485
0.3886742
0.39312917
0.39226708
0.38995486
0.39206612
0.38731068
0.3919676
0.38743278
0.39310434
0.38896227
0.38849086
0.38600677
0.38833073
0.38605946
0.3786949
0.37656766
0.38921985
0.38742396
0.3889696
0.39703506
0.3902107
0.37750906
0.39763078
0.40449125
0.37492928
0.379831
0.3974127
0.37383604
0.39897886
0.3873317
0.37633786
0.3946674
0.40078267
0.3847822
0.39118546
0.39003325
0.39138785
0.38944063
0.40420166
0.3991071
0.38970274
0.40271816
0.39219984
0.3811434
0.38919184
0.3847279
0.3738603
0.39242733
0.39417252
0.40285978
0.39765263
0.39253688
0.3825606
0.40222707
0.4003466
0.390741
0.38732424
0.40085888
0.39250112
0.40264502
0.40249342
0.40159544
0.40108567
0.39515662
0.40362316
0.40088072
0.40146866
0.39266023
0.40072092
0.40585914
0.35739702
0.37315318
0.376799
0.37189922
0.36952046
0.3660593
0.38375956
0.38122016
0.38716298
0.3895762
0.3624773
0.38341033
0.3586555
0.38156956
0.40182176
0.38011375
0.3856749
0.38145906
0.39009216
0.3855974
0.39134714
0.38921994
0.40194687
0.38531741
0.3753324
0.36918172
0.3791272
0.37844408
0.36603966
0.35860434
0.390652
0.3769799
0.36908332
0.39727187
0.36755925
0.374083
0.3713979
0.3828505
0.36979014
0.3643787
0.3853119
0.37974542
0.3893667
0.4019917
0.3863025
0.38447607
0.39688024
0.38446113
0.3731433
0.37169215
0.3814107
0.37327835
0.3885752
0.39077932
0.38436562
0.39722037
0.37680537
0.3853653
0.39118722
0.37532517
0.37093702
0.38573158
0.38988265
0.37193882
0.36998412
0.37808183
0.39098194
0.3788897
0.37662363
0.398525
0.3929205
0.3843704
0.3961291
0.39019683
0.40236908
0.36446542
0.36557645
0.38353974
0.37690768
0.39133528
0.38890123
0.36506346
0.3766904
0.3651007
0.389034
0.37333068
0.3979332
0.37409762
0.37757984
0.38859558
0.3763019
0.3918982
0.40268403
0.38896593
0.38665965
0.4052629
0.39120907
0.38074148
0.36002335
0.38925955
0.37567267
0.3675712
0.3864103
0.3867493
0.37808883
0.37571627
0.3895926
0.3908369
0.39937863
0.364957
0.36756304
0.38298625
0.37522197
0.39740694
0.39779803
0.3886683
0.36984172
0.39104968
0.39112604
0.39716476
0.39183414
0.39910334
0.37184352
0.3954344
0.39262992
0.38269776
0.3876226
0.39379612
0.38916454
0.39055592
0.40298024
0.38126343
0.38533795
0.39772668
0.38285926
0.40372103
0.39463773
0.3922032
0.3923285
0.3847161
0.38290238
0.39434695
0.39400524
0.40644494
0.31245467
0.3547455
0.34682366
0.356348
0.34017143
0.35884535
0.35914063
0.36956468
0.36309096
0.36205822
0.36272597
0.38334534
0.37262028
0.3668901
0.37858242
0.38540664
0.36463654
0.3714115
0.3604243
0.3690235
0.36293942
0.38402843
0.3751049
0.3918197
0.3591322
0.36934847
0.3427775
0.3380208
0.3736701
0.36528647
0.35776535
0.37999707
0.36974904
0.36706233
0.38288647
0.36509314
0.37455302
0.3922387
0.39619622
0.36224133
0.35473973
0.38741404
0.34708846
0.3798191
0.36879668
0.37139472
0.3691495
0.36480123
0.39686525
0.37310147
0.3598793
0.3853379
0.35741195
0.38181922
0.3950096
0.37985596
0.39099428
0.3869292
0.38649958
0.3877427
0.39010984
0.40037066
0.3446926
0.38540685
0.3436604
0.36414915
0.3497109
0.36400574
0.35248592
0.38255507
0.36450484
0.37668082
0.35331222
0.37133974
0.36190033
0.38561192
0.37744775
0.35637358
