0.4937051
0.4937051
0.4937051
0.4937051
0.4937051
0.4937051
0.4937051
0.65707326
0.65707326
0.65707326
0.6578837
0.74722666
0.74722666
0.7546083
0.7546083
0.7546083
0.7546083
0.7546083
0.7546083
0.7546083
0.7546083
0.7546083
0.7546083
0.7546083
0.7546083
0.7546083
0.7546083
0.75688165
0.75688165
0.75688165
0.75688165
0.75688165
0.75688165
0.75688165
0.75688165
0.75688165
0.76240975
0.76240975
0.76240975
0.76240975
0.76240975
0.76240975
0.76240975
0.76645976
0.76645976
0.76645976
0.76645976
0.76645976
0.76645976
0.76645976
0.76645976
0.76645976
0.76645976
0.76645976
0.76645976
0.76645976
0.76645976
0.76645976
0.76645976
0.76645976
0.76645976
0.76645976
0.76645976
0.76645976
0.76645976
0.76645976
0.76645976
0.76645976
0.76645976
0.76645976
0.76645976
0.76645976
0.76645976
0.76645976
0.76645976
0.76645976
0.76645976
0.76645976
0.76645976
0.76645976
0.76645976
0.76645976
0.76645976
0.76645976
0.76645976
0.76645976
0.76645976
0.76645976
0.76645976
0.76645976
0.76645976
0.76645976
0.76645976
0.76645976
0.76645976
0.76645976
0.76645976
0.76645976
0.76645976
0.78037244
0.78037244
0.78037244
0.78037244
0.78037244
0.78037244
0.78037244
0.78037244
0.78037244
0.78037244
0.78037244
0.78037244
0.78037244
0.78037244
0.78037244
0.78037244
0.78037244
0.78037244
0.78037244
0.78037244
0.78037244
0.78037244
0.78037244
0.78037244
0.78037244
0.78037244
0.78037244
0.78037244
0.78037244
0.78037244
0.78037244
0.78037244
0.78037244
0.78037244
0.78037244
0.78037244
0.78037244
0.78037244
0.78037244
0.78037244
0.78037244
0.78037244
0.78037244
0.78037244
0.78037244
0.78037244
0.78037244
0.78037244
0.78037244
0.78037244
0.78037244
0.78037244
0.78037244
0.78037244
0.78037244
0.78037244
0.78037244
0.78037244
0.78037244
0.78037244
0.78037244
0.78037244
0.78037244
0.78037244
0.78037244
0.78037244
0.78037244
0.78037244
0.78037244
0.78037244
0.78037244
0.78037244
0.78037244
0.78037244
0.78037244
0.78037244
0.78037244
0.78037244
0.78037244
0.78037244
0.78037244
0.78037244
0.78037244
0.78037244
0.78037244
0.78037244
0.78037244
0.78037244
0.78037244
0.78037244
0.78037244
0.78037244
0.78037244
0.78037244
0.78037244
0.78037244
0.78037244
0.78037244
0.78037244
0.78037244
0.78037244
0.78037244
0.78037244
0.78037244
0.78037244
0.78037244
0.78037244
0.78037244
0.78037244
0.78037244
0.78037244
0.78037244
0.78037244
0.78037244
0.78037244
0.78037244
0.78037244
0.78037244
0.78037244
0.78037244
0.78037244
0.78037244
0.78037244
0.78037244
0.78037244
0.78037244
0.78037244
0.78037244
0.78037244
0.78037244
0.78037244
0.78037244
0.78037244
0.78037244
0.78037244
0.78037244
0.78037244
0.78037244
0.78037244
0.78037244
0.78037244
0.78037244
0.78093076
0.78093076
0.78093076
0.78093076
0.78093076
0.78093076
0.78093076
0.78093076
0.78093076
0.78093076
0.7846838
0.7846838
0.7846838
0.7846838
0.7846838
0.7846838
0.7846838
0.7846838
0.7846838
0.7846838
0.7846838
0.7846838
0.7846838
0.7846838
0.7846838
0.7846838
0.7846838
0.7846838
0.7846838
0.7846838
0.7846838
0.7846838
0.7846838
0.7846838
0.7846838
0.7846838
0.7846838
0.7846838
0.7846838
0.7846838
0.7846838
0.7846838
0.7846838
0.7846838
0.7846838
0.7846838
0.7846838
0.7846838
0.7846838
0.7846838
0.7846838
0.7846838
0.7846838
0.7846838
0.7846838
0.7846838
0.7846838
0.7846838
0.7846838
0.7846838
0.7846838
0.7846838
0.7846838
0.7846838
0.7846838
0.7849432
0.7849432
0.7849432
0.7849432
0.7849432
0.7849432
0.7849432
0.7849432
0.7849432
0.7849432
0.7849432
0.7849432
0.7849432
0.7849432
0.7849432
0.7849432
0.7849432
0.7849432
0.7849432
0.7849432
0.7849432
0.7849432
0.78592914
0.78592914
0.78592914
0.78861994
0.78861994
0.78861994
0.78861994
0.78861994
0.78861994
0.78861994
0.78861994
0.78861994
0.78861994
0.78861994
0.78861994
0.78861994
0.78861994
0.78861994
0.78861994
0.78861994
0.78861994
0.78861994
0.78861994
0.78861994
0.78861994
0.78861994
0.78861994
0.78861994
0.78861994
0.78861994
0.78861994
0.78861994
0.78861994
0.78861994
0.78861994
0.78861994
0.78861994
0.78861994
0.78861994
0.78861994
0.78861994
0.78861994
0.78861994
0.78861994
0.78861994
0.78861994
0.78861994
0.78861994
0.78861994
0.78861994
0.78861994
0.78861994
0.78861994
0.78861994
0.78861994
0.78861994
0.78861994
0.78861994
0.78861994
0.78861994
0.78861994
0.78861994
0.78861994
0.78861994
0.78861994
0.78861994
0.78861994
0.78861994
0.78861994
0.78861994
0.78861994
0.78861994
0.78861994
0.78861994
0.78861994
0.78861994
0.78861994
0.78861994
0.78861994
0.78861994
0.78861994
0.78861994
0.78861994
0.78861994
0.78861994
0.78861994
0.78861994
0.78861994
0.78861994
0.78861994
0.78861994
0.78861994
0.78861994
0.78861994
0.78861994
0.78861994
0.78861994
0.78861994
0.78861994
0.78861994
0.78861994
0.78861994
0.78861994
0.78861994
0.7893794
0.7893794
0.7893794
0.7893794
0.7893794
0.7893794
0.7893794
0.7893794
0.7893794
0.7893794
0.7893794
0.7893794
0.7893794
0.7893794
0.7893794
0.7893794
0.7893794
0.7893794
0.7893794
0.7893794
0.7893794
0.7893794
0.7893794
0.7893794
0.7893794
0.7893794
0.7893794
0.7893794
0.7893794
0.7893794
0.7893794
0.7893794
0.7893794
0.7893794
0.7893794
0.7893794
0.7893794
0.7893794
0.7893794
0.7893794
0.7893794
0.7893794
0.7893794
0.7893794
0.7893794
0.7893794
0.7893794
0.7893794
0.7893794
0.7893794
0.7893794
0.7893794
0.7893794
0.7893794
0.7893794
0.7893794
0.7893794
0.7893794
0.7893794
0.7893794
0.7893794
0.7893794
0.7893794
0.7893794
0.7893794
0.7893794
0.7893794
0.7893794
0.7893794
