1.6358664
0.16358665
0.175702
0.24617691
0.23984644
0.23386881
0.22283566
0.2191576
0.2877383
0.3193322
0.29651445
0.39610362
0.5397026
0.50301206
0.58737487
0.6265744
0.6246332
0.6753486
0.44812888
0.5701947
0.6319698
0.54680675
0.58286726
0.58956444
0.61953354
0.6374869
0.5945741
0.6530327
0.71544826
0.60135955
0.53521824
0.6675734
0.6615729
0.74317956
0.5502595
0.5871128
0.71997654
0.6135508
0.6921549
0.6770469
0.68190837
0.7457503
0.6611848
0.6699917
0.67416596
0.67400074
0.67704505
0.681534
0.7482032
0.54564464
0.6385875
0.71034586
0.6753456
0.67618614
0.6776956
0.67520815
0.67641866
0.7503147
0.618946
0.67175114
0.6973486
0.73154294
0.61623394
0.65113175
0.6625971
0.5651461
0.75098395
0.61757195
0.73189723
0.6163465
0.61067504
0.67454815
0.6177525
0.62223566
0.68156266
0.68946326
0.6135778
0.6041454
0.6363221
0.6700812
0.62597996
0.67983925
0.7487617
0.6029709
0.5389861
0.7066328
0.6403671
0.6294482
0.6735132
0.73975927
0.6591846
0.6599792
0.614271
0.6757696
0.6804755
0.69073147
0.69206935
0.680551
0.75275415
0.5722374
0.6182049
0.6300162
0.65479124
0.68389004
0.66322017
0.6344975
0.68117607
0.68396103
0.69116604
0.7374468
0.6931477
0.7580453
0.64971095
0.61896807
0.7493705
0.7497908
0.5852124
0.5764948
0.55452675
0.55173945
0.64096385
0.6124264
0.72784835
0.6302779
0.76187444
0.5439337
0.68904805
0.7433375
0.710108
0.6959537
0.75935733
0.68664014
0.6131176
0.6276418
0.6471637
0.630091
0.6189819
0.69105875
0.6273865
0.6110864
0.69441897
0.7081743
0.68368816
0.7276472
0.6679567
0.6232115
0.6793105
0.6793946
0.6822611
0.6831265
0.7516097
0.69970024
0.7255534
0.69681203
0.7624463
0.61670035
0.5622377
0.6524303
0.6171626
0.6829486
0.6142054
0.56919986
0.637297
0.7384733
0.56939834
0.62515575
0.61304927
0.6850797
0.61444014
0.61261165
0.62557554
0.6760536
0.6715815
0.6713673
0.6170751
0.6874126
0.62241447
0.63271767
0.69408417
0.62072265
0.68851024
0.67760754
0.6972179
0.7169948
0.6952878
0.6989076
0.6923288
0.6918965
0.73275363
0.69280386
0.7135579
0.6878054
0.6955793
0.75673425
0.6988125
0.70575076
0.7657373
0.376579
0.54977
0.63728476
0.6113144
0.6981834
0.7534994
0.6146332
0.6024196
0.56744874
0.58435047
0.6187662
0.61427546
0.6130179
0.6948694
0.6936172
0.6428516
0.69046146
0.7601224
0.59171486
0.67858994
0.6931386
0.702598
0.7694433
0.615302
0.70117825
0.76517105
0.5873915
0.625409
0.6125092
0.5511175
0.6370808
0.624712
0.68542004
0.69388837
0.69233763
0.69350106
0.7682228
0.62580246
0.623933
0.68814164
0.5902463
0.63574165
0.63214326
0.698765
0.69496685
0.7701756
0.62138015
0.7000818
0.7038862
0.7062032
0.7736134
0.70250607
0.7011961
0.7663101
0.7075937
0.7161779
0.77182996
0.740895
0.72437733
0.71375316
0.7605179
0.70135325
0.70288575
0.75067145
0.7128823
0.76889193
0.7150874
0.7126521
0.71698517
0.77906746
0.50992227
0.6107006
0.5729395
0.6964582
0.69251615
0.708547
0.71239483
0.70001173
0.7084242
0.7412083
0.62552977
0.6295568
0.697443
0.7491689
0.6977664
0.75400805
0.7077382
0.76063216
0.65910053
0.64333814
0.72858953
0.70877004
0.69668055
0.73172724
0.7668594
0.5653387
0.56262445
0.5474481
0.7181054
0.627635
0.63294417
0.6449586
0.694921
0.7059838
0.710316
0.69670093
0.7050384
0.7079629
0.72819394
0.7732145
0.6968941
0.70408756
0.6766322
0.76655394
0.62871325
0.6462771
0.7014245
0.708918
0.7155375
0.719981
0.7007161
0.77142704
0.7771324
0.7171511
0.71059775
0.7250424
0.7090914
0.7050534
0.7073566
0.78205967
0.4510553
0.46754408
0.6397684
0.64226663
0.62309337
0.6959315
0.69970685
0.6988325
0.69811195
0.69595253
0.6977331
0.697227
0.6971471
0.7040268
0.7070837
0.7002442
0.6964264
0.76867145
0.6351193
0.6365615
0.70719504
0.77048814
0.58098584
0.67003095
0.69667006
0.661903
0.7158107
0.7554697
0.57677776
0.652177
0.6389719
0.6858436
0.7625611
0.6433528
0.6893951
0.70692754
0.70199186
0.76626813
0.6516533
0.724174
0.71413064
0.70141375
0.7055214
0.7073717
0.7736479
0.77873594
0.64070356
0.7676397
0.69537926
0.7800808
0.7853755
0.5958712
0.61777455
0.6896565
0.7194162
0.6380995
0.70140606
0.6874309
0.6848277
0.6274051
0.62400556
0.69617546
0.7078217
0.7737491
0.76310766
0.6810376
0.68835133
0.7331408
0.64220923
0.7127713
0.78021204
0.6285881
0.6512124
0.69911855
0.57627714
0.5872229
0.570603
0.7047905
0.6335259
0.7480347
0.7040926
0.7828274
0.7166701
0.6910387
0.631478
0.6634847
0.7041544
0.6535052
0.6550974
0.69902176
0.77436787
0.6471547
0.7186245
0.6431461
0.7162257
0.78589886
0.7123872
0.7076279
0.7742906
0.7018035
0.67288285
0.7645721
0.64846957
0.7512633
0.69342005
0.63894296
0.7257086
0.714746
0.780068
0.78203803
0.7877501
0.48601994
0.5796689
0.6143935
0.7483708
0.7094366
0.6988913
0.7740867
0.5355551
0.6265565
0.6250712
0.64077115
0.6879754
0.6504119
0.65402687
0.6323901
0.6334788
0.69566303
0.6953725
0.7517506
0.56417733
0.5527833
0.601575
0.7100791
0.64025277
0.6329612
0.70259106
0.7071133
0.69991875
0.75564206
0.6579582
0.7070636
0.77233225
0.6777668
0.6508279
0.6595497
0.6336502
0.7587417
0.5937289
0.6240001
0.64886844
0.7074276
0.71232104
0.7694947
0.7457309
0.6721609
0.7035259
0.71025866
0.7207347
0.76588666
0.6431047
0.689876
0.6643638
0.7555891
0.7081779
0.65064484
0.64334404
0.64416087
0.65629375
0.64572835
0.75711966
0.66369075
0.68123066
0.64198536
0.77035505
