2.713534
0.13567671
0.1713333
0.23527007
0.22484402
0.2626091
0.24325594
0.2669049
0.2737698
0.26454797
0.30719525
0.2784329
0.27838737
0.31836843
0.32021037
0.3416831
0.2879687
0.31646094
0.33053982
0.32574496
0.34552568
0.32577604
0.3583284
0.3439042
0.3558429
0.37793213
0.4101526
0.32389838
0.4253913
0.43960208
0.41661
0.4871214
0.5069192
0.59315073
0.54609895
0.58013266
0.59859526
0.60561365
0.6634787
0.3784266
0.54011285
0.55230653
0.5839222
0.6776839
0.558469
0.6136429
0.64742863
0.6839558
0.61988586
0.6655523
0.6662245
0.6841451
0.7210872
0.525458
0.6018559
0.65426004
0.7006858
0.66280544
0.6819353
0.7007884
0.72965926
0.574673
0.6112683
0.6631349
0.63559324
0.6640484
0.697139
0.73145545
0.68926185
0.72818464
0.6366385
0.70898026
0.6738224
0.70915043
0.7119969
0.7091453
0.7343698
0.54045707
0.5451098
0.62661946
0.6697209
0.6595193
0.6604267
0.69701916
0.63836086
0.6792805
0.67433053
0.66210115
0.6943392
0.6445397
0.7270018
0.58780956
0.61505044
0.62818205
0.6655869
0.73272455
0.631433
0.6475131
0.6661385
0.7083503
0.6765413
0.7236917
0.6999208
0.6998706
0.70389825
0.7380848
0.627904
0.68078804
0.71014065
0.7020816
0.73713386
0.64169514
0.6781186
0.70135945
0.73781407
0.6770171
0.6872443
0.73590404
0.6816998
0.6741929
0.68291235
0.7042943
0.7357961
0.71258086
0.73727024
0.67107856
0.67019737
0.708315
0.7103536
0.7052765
0.71320164
0.70455194
0.7389828
0.6388302
0.6564978
0.6765986
0.6993858
0.70353
0.7344403
0.6274126
0.7157218
0.7053475
0.7117638
0.7025467
0.7376245
0.6652032
0.7074163
0.7031554
0.7045368
0.70610404
0.7168475
0.7391531
0.67238164
0.72752154
0.7379285
0.7400231
0.7365922
0.73112416
0.7035059
0.7392307
0.7152089
0.7371064
0.7029495
0.7027593
0.7072419
0.70780003
0.73987323
0.7370126
0.70488465
0.7184464
0.73844653
0.70451367
0.7412044
0.5333527
0.58523357
0.67156667
0.69251335
0.66398066
0.72925043
0.5784395
0.67855424
0.6976438
0.7012954
0.7343217
0.5911183
0.63623065
0.7013322
0.7063042
0.7141624
0.7139516
0.7357734
0.6170574
0.6238454
0.6329464
0.6791522
0.67199445
0.6713987
0.6634091
0.70867324
0.69942224
0.67228985
0.6735366
0.6652792
0.7009058
0.7353915
0.6349743
0.6748599
0.6992488
0.6706594
0.68281746
0.679165
0.71207434
0.7022714
0.73374736
0.63650596
0.70716465
0.70554936
0.71714675
0.6679229
0.7105327
0.7377172
0.7102628
0.71393
0.70165724
0.6784869
0.7384614
0.7402237
0.7375941
0.7404107
0.738222
0.7047944
0.74166197
0.4412608
0.58982813
0.6867665
0.634493
0.6928493
0.69251835
0.6996911
0.7287693
0.6018879
0.6694859
0.72419417
0.5653367
0.6363908
0.7011009
0.7186812
0.700803
0.70217454
0.67174184
0.67983776
0.67768806
0.700451
0.7370213
0.6374977
0.7119264
0.68190706
0.73423743
0.62293476
0.71337426
0.73836994
0.6595887
0.74056596
0.60731506
0.6446043
0.6711279
0.6678266
0.6965178
0.67823666
0.70647794
0.67295635
0.73539674
0.60701084
0.6618582
0.7109515
0.7370821
0.67078155
0.6569362
0.6658912
0.71880317
0.69951874
0.7382539
0.59482634
0.61475927
0.66771054
0.7310919
0.6787628
0.668445
0.73466474
0.7029586
0.7390977
0.73439205
0.7387076
0.71831006
0.7078711
0.7403573
0.66852844
0.70328313
0.6973685
0.67507875
0.7181181
0.7068208
0.7401961
0.6970373
0.7174173
0.6723085
0.74117815
0.6130124
0.6378178
0.73231435
0.72780025
0.6588421
0.7045199
0.7171072
0.7093232
0.7395737
0.7138197
0.7377833
0.71840173
0.7380019
0.73934686
0.70985925
0.7091447
0.7090462
0.74190474
0.4194438
0.5695213
0.6887338
0.6691387
0.6608295
0.70237386
0.69196534
0.7298501
0.57006204
0.6576581
0.69245636
0.7104516
0.6997811
0.7348106
0.6823711
0.7022499
0.7032687
0.73680246
0.60012054
0.7087951
0.67581385
0.6529358
0.6356831
0.73618627
0.7102791
0.7039458
0.700438
0.73606306
0.6485704
0.6395103
0.6853892
0.68605465
0.71669614
0.7388736
0.7157775
0.689602
0.65898335
0.64828724
0.68874395
0.6716844
0.7016501
0.7379154
0.6234261
0.64952093
0.68474466
0.7158795
0.66837096
0.6831177
0.71542037
0.74085516
0.6675347
0.73691475
0.6826433
0.7042988
0.7404809
0.7037988
0.7179276
0.72245467
0.7064839
0.70927787
0.71952254
0.7379921
0.71480733
0.7091282
0.7064943
0.71651244
0.7428781
0.3923496
0.52561134
0.5684665
0.6340099
0.70605075
0.544325
0.691048
0.6921372
0.7233819
0.4616674
0.60256404
0.619566
0.6420582
0.6773234
0.603217
0.6880396
0.6904083
0.7015432
0.66438687
0.6707286
0.69288325
0.65768653
0.66211885
0.69569933
0.70550215
0.69963604
0.7285218
0.5164825
0.5799913
0.6109164
0.66982406
0.6951753
0.6372934
0.70120686
0.6965631
0.733678
0.54381317
0.6376344
0.6803752
0.6427841
0.69994676
0.6643965
0.6652654
0.73281866
0.60312
0.67738026
0.7025757
0.6980375
0.7332126
0.66793865
0.64679354
0.67070276
0.7045955
0.7341414
0.6717586
0.70328605
0.71249676
0.70569396
0.7135676
0.7076107
0.74062985
0.49596494
0.60687864
0.64197063
0.66106266
0.6925651
0.6777482
0.6730252
0.70076114
0.73762035
0.6162526
0.73154765
0.6460875
0.6675992
0.704244
0.7072863
0.68714356
0.715355
0.70727384
0.72057223
0.6806638
0.71173054
0.71017194
0.7439348
0.654307
0.71219623
0.66657734
0.6497838
0.6743986
0.708635
0.6868834
0.6759726
0.6742248
0.722322
0.71840465
0.7104357
0.71189773
0.7178141
0.6937725
0.7129223
0.71413684
0.74684894
0.71259725
0.67446196
0.691266
0.71143275
0.7147402
0.715131
0.68183625
0.69129354
0.746901
0.6916565
0.74697316
0.6822243
0.71153796
0.7201663
0.7170095
0.725806
0.747938
0.5573229
0.629942
0.67103016
0.668118
0.67476666
0.68846047
0.7117217
0.74237955
0.62628865
0.70752275
0.74422055
0.67093205
0.72738945
0.6822094
0.729692
0.7307394
0.7181729
0.7295419
0.7532261
0.6760995
0.68356925
0.7485344
0.7325465
0.723089
0.72036326
0.72231877
0.7175397
0.75492793
0.6604462
0.68926114
0.685938
0.68037367
0.7455707
0.683108
0.7179342
0.718724
0.72595125
0.7257523
0.72598946
0.7562026
0.68848026
0.6826328
0.7264217
0.72931516
0.6879699
0.7277125
0.7320389
0.7319283
0.72296
0.7244926
0.7214274
0.7568164
0.52006555
0.560603
0.6836802
0.61900043
0.709948
0.65294105
0.68677676
0.7075602
0.7139606
0.72137535
0.58240455
0.6713367
0.66458166
0.64644516
0.6962425
0.65093386
0.7115078
0.7169371
0.71366215
0.71642333
0.6946951
0.7191962
0.7514847
0.65752625
0.6654025
0.74349487
0.6847482
0.72946465
0.64703643
0.6958123
0.71806526
0.7243427
0.71753615
0.72210145
0.7514711
0.7176341
0.75596046
0.68738925
0.7176811
0.66395944
0.67060316
0.7263302
0.7342619
0.759263
0.62223065
0.66749775
0.6725811
0.692042
0.650632
0.64384156
0.6768764
0.70860195
0.69827783
0.70149976
0.73392004
0.6023119
0.61253583
0.6688531
0.65732414
0.63570213
0.6803607
0.73493654
0.6237235
0.6736414
0.680745
0.6824237
0.70513475
0.7403746
0.5528372
0.6366221
0.64105123
0.7174841
0.64044756
0.6968485
0.71880996
0.73188204
0.66020334
0.7370432
0.7288388
0.76264626
0.7170189
0.66201794
0.7211327
0.69669217
0.69204783
0.7383681
0.7385144
0.7615415
0.72720575
0.6925958
0.7632986
0.76063746
0.7269693
0.7028018
0.74040514
0.7597547
0.73218817
0.74392146
0.767854
0.6119777
0.6980638
0.7067815
0.6911982
0.7235104
0.65702677
0.6860433
0.7147618
0.68754834
0.7208666
0.69983727
0.7274062
0.6176434
0.6817531
0.72847706
0.7035207
0.6930281
0.7579473
0.6950291
0.7344741
0.70931005
0.73293847
0.703683
0.7610398
0.73877
0.7665053
0.7670804
0.7332415
0.73535025
0.766869
0.735475
0.74228203
0.76722324
0.7449989
0.74244875
0.73468816
0.7693709
0.6122961
0.6248888
0.66128504
0.72981936
0.7217858
0.6376591
0.6657357
0.7233704
0.6938249
0.6726567
0.65982777
0.6771069
0.7574853
0.6692858
0.67162573
0.7088111
0.7287708
0.7425597
0.71444166
0.69980353
0.70215994
0.7431842
0.67713076
0.6744073
0.732558
0.769289
0.69063824
0.6989138
0.7643408
0.7304605
0.71484226
0.6967901
0.73345983
0.6931464
0.7103957
0.76625764
0.71277106
0.70971423
0.7330359
0.7366286
0.73293525
0.722023
0.7389251
0.7708235
0.39618263
0.55016434
0.59474766
0.6690859
0.6975435
0.7111338
0.7462655
0.58389026
0.68037236
0.7263981
0.4929418
0.5776166
0.62271625
0.69586104
0.7038036
0.75803953
0.60280025
0.68173844
0.70232683
0.7229506
0.6423024
0.7032613
0.6875725
0.73571986
0.7388471
0.70582604
0.70124435
0.74233365
0.73825383
0.7113552
0.74805
0.67196566
0.7198624
0.7729389
0.5326313
0.57024753
0.60682803
0.6687588
0.66565585
0.72299016
0.66856945
0.67713714
0.6749155
0.7317778
0.7046156
0.7411858
0.6542929
0.677245
0.70313597
0.74934137
0.6032385
0.68604565
0.6945771
0.6567561
0.72294223
0.7091174
0.70063794
0.70241934
0.7202381
0.69924885
0.7375287
0.6879203
0.72765005
0.69213325
0.74573374
0.67348886
0.70260686
0.73764193
0.68175507
0.72079456
0.7474019
0.65443134
0.70960796
0.7426132
0.75514615
0.7128796
0.7614918
0.7479085
0.74796706
0.7787085
0.62574667
0.64108527
0.67326295
0.7363366
0.6359602
0.70870376
0.7220801
0.6847078
0.7220058
0.74197066
0.7232266
0.7514251
0.7494191
0.75680435
0.78572834
0.7459005
0.70706046
0.74055135
0.7246009
0.75290334
0.7819362
0.70756453
0.6763135
0.78133345
0.7131456
0.7233614
0.73208046
0.7384406
0.7556792
0.7225533
0.75901914
0.7797673
0.7420959
0.6980166
0.7466143
0.74042535
0.7258687
0.7504755
0.7474177
0.75625205
0.7870754
0.7812298
0.75020134
0.78121805
0.7151897
0.74684346
0.729639
0.7623328
0.75639683
0.7557862
0.7895644
0.7880596
0.7638172
0.78414166
0.7568741
0.7875646
0.7283588
0.78395504
0.71814597
0.7164184
0.748721
0.7498391
0.75393355
0.7222632
0.72071785
0.7176231
0.72872394
0.7229615
0.7389852
0.7564652
0.75926673
0.76655316
0.79079556
0.7611052
0.7880596
0.7880602
0.7852848
0.78641665
0.79202676
0.79202676
0.79202676
0.79202676
0.79202676
0.79202676
0.79202676
0.79202676
0.79202676
0.79202676
0.79202676
0.79202676
0.79202676
0.79202676
0.79202676
0.79202676
0.79202676
0.79202676
0.79202676
0.79202676
0.79202676
0.79202676
0.79202676
0.79202676
0.79202676
0.79202676
0.79202676
0.79202676
0.79202676
0.79202676
0.79202676
0.79202676
0.79202676
0.79202676
0.79202676
0.79202676
0.79202676
0.79202676
0.79202676
0.79202676
0.79202676
0.79202676
0.79202676
0.79202676
0.79202676
0.79202676
0.79202676
0.79202676
0.79202676
0.79202676
0.79202676
0.79202676
0.79202676
0.79202676
0.79202676
0.79202676
0.79202676
0.79202676
0.79202676
0.79202676
0.79202676
0.79202676
0.79202676
0.79202676
0.79202676
0.79202676
0.79202676
0.79202676
0.79202676
0.79202676
0.79202676
0.79202676
0.79202676
0.79202676
0.79202676
0.79202676
0.79202676
0.79202676
0.79202676
0.79202676
0.79202676
0.79202676
0.79202676
0.79202676
0.79202676
0.79202676
0.79202676
0.79202676
0.79202676
0.79202676
0.79202676
0.79202676
0.79202676
0.79202676
0.79202676
0.79202676
0.79202676
0.79202676
0.79202676
0.79202676
0.79202676
0.79202676
0.79202676
0.79202676
0.79202676
0.79202676
0.79202676
0.79202676
0.79202676
0.79202676
0.79202676
0.79202676
0.79202676
0.79202676
0.79202676
0.79202676
0.79202676
0.79202676
0.79202676
0.79202676
0.79202676
0.79202676
0.79202676
0.79202676
0.79202676
0.79202676
0.79202676
0.79202676
0.79202676
0.79202676
0.79202676
0.79202676
0.79202676
0.79202676
0.79202676
0.79202676
0.79202676
0.79202676
0.79202676
0.79202676
0.79202676
0.79202676
0.79202676
0.79202676
0.79202676
0.79202676
0.79202676
0.79202676
0.79202676
0.79202676
0.79202676
0.79202676
0.79202676
0.79202676
0.79202676
0.79202676
0.79202676
0.79202676
0.79202676
0.79202676
0.79202676
0.79202676
0.79202676
0.79202676
0.79202676
0.79202676
0.79202676
0.79202676
0.79202676
0.79202676
0.79202676
0.79202676
0.79202676
0.79202676
0.79202676
0.79202676
0.79202676
0.79202676
0.79202676
0.79202676
0.79202676
0.79202676
0.79202676
0.79202676
0.79202676
0.79202676
0.79202676
0.79202676
0.79202676
0.79202676
0.79202676
0.79202676
0.79202676
0.79202676
0.79202676
0.79202676
0.79202676
0.79202676
0.79202676
0.79202676
0.79202676
0.79202676
0.79202676
0.79202676
0.79202676
0.79202676
0.79202676
0.79202676
0.79202676
0.79202676
0.79202676
0.79202676
0.79202676
0.79202676
0.79202676
0.79202676
0.79202676
0.79202676
0.79202676
0.79202676
0.79202676
0.79202676
0.79202676
0.79202676
0.79202676
0.79202676
0.79202676
0.79202676
0.79202676
0.79202676
0.79202676
0.79202676
0.79202676
0.79202676
0.79202676
0.79202676
0.79202676
0.79202676
0.79202676
0.79202676
0.79202676
0.79202676
0.79202676
0.79202676
0.79202676
0.79202676
0.79202676
0.79202676
0.79202676
0.79202676
0.79202676
0.79202676
0.79202676
0.79202676
0.79202676
0.79202676
0.79202676
0.79202676
0.79202676
0.79202676
0.79202676
0.79202676
0.79202676
0.79202676
0.79202676
0.79202676
0.79202676
0.79202676
0.79202676
0.79202676
0.79202676
0.79202676
0.79202676
0.79202676
0.79202676
0.79202676
0.79202676
0.79202676
0.79202676
0.79202676
0.79202676
0.79202676
0.79202676
0.79202676
0.79202676
0.79202676
0.79202676
0.79202676
0.79202676
0.79202676
0.79202676
0.79202676
0.79202676
0.79202676
0.79202676
0.79202676
0.79202676
0.79202676
0.79202676
0.79202676
0.79202676
0.79202676
0.79202676
0.79202676
0.79202676
0.79202676
0.79202676
0.79202676
0.79202676
0.79202676
0.79202676
0.79202676
0.79202676
0.79202676
0.79202676
0.79202676
0.79202676
0.79202676
0.79202676
0.79202676
0.79202676
0.79202676
0.79202676
0.79202676
0.79202676
0.79202676
0.79202676
0.79202676
0.79202676
0.79202676
0.79202676
0.79202676
0.79202676
0.79202676
0.79202676
0.79202676
0.79202676
0.79202676
0.79202676
0.79202676
0.79202676
0.79202676
0.79202676
0.79202676
0.79202676
0.79202676
0.79202676
0.79202676
0.79202676
0.79202676
0.79202676
0.79202676
0.79202676
0.79202676
0.79202676
0.79202676
0.79202676
0.79202676
0.79202676
0.79202676
0.79202676
0.79202676
0.79202676
0.79202676
0.79202676
0.79202676
0.79202676
0.79202676
0.79202676
0.79202676
0.79202676
0.79202676
0.79202676
0.79202676
0.79202676
0.79202676
0.79202676
0.79202676
0.79202676
0.79202676
0.79202676
0.79202676
0.79202676
0.79202676
0.79202676
0.79202676
0.79202676
0.79202676
0.79202676
0.79202676
0.79202676
0.79202676
0.79202676
0.79202676
0.79202676
0.79202676
0.79202676
0.79202676
0.79202676
0.79202676
0.79202676
0.79202676
0.79202676
0.79202676
0.79202676
0.79202676
0.79202676
0.79202676
0.79202676
0.79202676
0.79202676
0.79202676
0.79202676
0.79202676
0.79202676
0.79202676
0.79202676
0.79202676
0.79202676
0.79202676
0.79202676
0.79202676
0.79202676
0.79202676
0.79202676
0.79202676
0.79202676
0.79202676
0.79202676
0.79202676
0.79202676
0.79202676
0.79202676
0.79202676
0.79202676
0.79202676
0.79202676
0.79202676
0.79202676
0.79202676
0.79202676
0.79202676
0.79202676
0.79202676
0.79202676
0.79202676
0.79202676
0.79202676
0.79202676
0.79202676
0.79202676
0.79202676
0.79202676
0.79202676
0.79202676
0.79202676
0.79202676
0.79202676
0.79202676
0.79202676
0.79202676
0.79202676
0.79202676
0.79202676
0.79202676
0.79202676
0.79202676
0.79202676
0.79202676
0.79202676
0.79202676
0.79202676
0.79202676
0.79202676
0.79202676
0.79202676
0.79202676
0.79202676
0.79202676
0.79202676
0.79202676
0.79202676
0.79202676
0.79202676
0.79202676
0.79202676
0.79202676
0.79202676
0.79202676
0.79202676
0.79202676
0.79202676
0.79202676
0.79202676
0.79202676
0.79202676
0.79202676
0.79202676
0.79202676
0.79202676
0.79202676
0.79202676
0.79202676
0.79202676
0.79202676
0.79202676
0.79202676
0.79202676
0.79202676
0.79202676
0.79202676
0.79202676
0.79202676
0.79202676
0.79202676
0.79202676
0.79202676
0.79202676
0.79202676
0.79202676
0.79202676
0.79202676
0.79202676
0.79202676
0.79202676
0.79202676
0.79202676
0.79202676
0.79202676
0.79202676
0.79202676
0.79202676
0.79202676
0.79202676
0.79202676
0.79202676
0.79202676
0.79202676
0.79202676
0.79202676
0.79202676
0.79202676
0.79202676
0.79202676
0.79202676
0.79202676
0.79202676
0.79202676
0.79202676
0.79202676
0.79202676
0.79202676
0.79202676
0.79202676
0.79202676
0.79202676
0.79202676
0.79202676
0.79202676
0.79202676
0.79202676
0.79202676
0.79202676
0.79202676
0.79202676
0.79202676
0.79202676
0.79202676
0.79202676
0.79202676
0.79202676
0.79202676
0.79202676
0.79202676
0.79202676
0.79202676
0.79202676
0.79202676
0.79202676
0.79202676
0.79202676
0.79202676
0.79202676
0.79202676
0.79202676
0.79202676
0.79202676
0.79202676
0.79202676
0.79202676
0.79202676
0.79202676
0.79202676
0.79202676
0.79202676
0.79202676
0.79202676
0.79202676
0.79202676
0.79202676
0.79202676
0.79202676
0.79202676
0.79202676
0.79202676
0.79202676
0.79202676
0.79202676
0.79202676
0.79202676
0.79202676
0.79202676
0.79202676
0.79202676
0.79202676
0.79202676
0.79202676
0.79202676
0.79202676
0.79202676
0.79202676
0.79202676
0.79202676
0.79202676
0.79202676
0.79202676
0.79202676
0.79202676
0.79202676
0.79202676
0.79202676
0.79202676
0.79202676
0.79202676
0.79202676
0.79202676
0.79202676
0.79202676
0.79202676
0.79202676
0.79202676
0.79202676
0.79202676
0.79202676
0.79202676
0.79202676
0.79202676
0.79202676
0.79202676
0.79202676
0.79202676
0.79202676
0.79202676
0.79202676
0.79202676
0.79202676
0.79202676
0.79202676
0.79202676
0.79202676
0.79202676
0.79202676
0.79202676
0.79202676
0.79202676
0.79202676
0.79202676
0.79202676
0.79202676
0.79202676
0.79202676
0.79202676
0.79202676
0.79202676
0.79202676
0.79202676
0.79202676
0.79202676
0.79202676
0.79202676
0.79202676
0.79202676
0.79202676
0.79202676
0.79202676
0.79202676
0.79202676
0.79202676
0.79202676
0.79202676
0.79202676
0.79202676
0.79202676
0.79202676
0.79202676
0.79202676
0.79202676
0.79202676
0.79202676
0.79202676
0.79202676
0.79202676
0.79202676
0.79202676
0.79202676
0.79202676
0.79202676
0.79202676
0.79202676
0.79202676
0.79202676
0.79202676
0.79202676
0.79202676
0.79202676
0.79202676
0.79202676
0.79202676
0.79202676
0.79202676
0.79202676
0.79202676
0.79202676
0.79202676
0.79202676
0.79202676
0.79202676
0.79202676
0.79202676
0.79202676
0.79202676
0.79202676
0.79202676
0.79202676
0.79202676
0.79202676
0.79202676
0.79202676
0.79202676
0.79202676
0.79202676
0.79202676
0.79202676
0.79202676
0.79202676
0.79202676
0.79202676
0.79202676
0.79202676
0.79202676
0.79202676
0.79202676
0.79202676
0.79202676
0.79202676
0.79202676
0.79202676
0.79202676
0.79202676
0.79202676
0.79202676
0.79202676
0.79202676
0.79202676
0.79202676
0.79202676
0.79202676
0.79202676
0.79202676
0.79202676
0.79202676
0.79202676
0.79202676
0.79202676
0.79202676
0.79202676
0.79202676
0.79202676
0.79202676
0.79202676
0.79202676
0.79202676
0.79202676
0.79202676
0.79202676
0.79202676
0.79202676
0.79202676
0.79202676
0.79202676
0.79202676
0.79202676
0.79202676
0.79202676
0.79202676
0.79202676
0.79202676
0.79202676
0.79202676
0.79202676
0.79202676
0.79202676
0.79202676
0.79202676
0.79202676
0.79202676
0.79202676
0.79202676
0.79202676
0.79202676
0.79202676
0.79202676
0.79202676
0.79202676
0.79202676
0.79202676
0.79202676
0.79202676
0.79202676
0.79202676
0.79202676
0.79202676
0.79202676
0.79202676
0.79202676
0.79202676
0.79202676
0.79202676
0.79202676
0.79202676
0.79202676
0.79202676
0.79202676
0.79202676
0.79202676
0.79202676
0.79202676
0.79202676
0.79202676
0.79202676
0.79202676
0.79202676
0.79202676
0.79202676
0.79202676
0.79202676
0.79202676
0.79202676
0.79202676
0.79202676
0.79202676
0.79202676
0.79202676
0.79202676
0.79202676
0.79202676
0.79202676
0.79202676
0.79202676
0.79202676
0.79202676
0.79202676
0.79202676
0.79202676
0.79202676
0.79202676
0.79202676
0.79202676
0.79202676
0.79202676
0.79202676
0.79202676
0.79202676
0.79202676
0.79202676
0.79202676
0.79202676
0.79202676
0.79202676
0.79202676
0.79202676
0.79202676
0.79202676
0.79202676
0.79202676
0.79202676
0.79202676
0.79202676
0.79202676
0.79202676
0.79202676
0.79202676
0.79202676
0.79202676
0.79202676
0.79202676
0.79202676
0.79202676
0.79202676
0.79202676
0.79202676
0.79202676
0.79202676
0.79202676
0.79202676
0.79202676
0.79202676
0.79202676
0.79202676
0.79202676
0.79202676
0.79202676
0.79202676
0.79202676
0.79202676
0.79202676
0.79202676
0.79202676
0.79202676
0.79202676
0.79202676
0.79202676
0.79202676
0.79202676
0.79202676
0.79202676
0.79202676
0.79202676
0.79202676
0.79202676
0.79202676
0.79202676
0.79202676
0.79202676
0.79202676
0.79202676
0.79202676
0.79202676
0.79202676
0.79202676
0.79202676
0.79202676
0.79202676
0.79202676
0.79202676
0.79202676
0.79202676
0.79202676
0.79202676
0.79202676
0.79202676
0.79202676
0.79202676
0.79202676
0.79202676
0.79202676
0.79202676
0.79202676
0.79202676
0.79202676
0.79202676
0.79202676
0.79202676
0.79202676
0.79202676
0.79202676
0.79202676
0.79202676
0.79202676
0.79202676
0.79202676
0.79202676
0.79202676
0.79202676
0.79202676
0.79202676
0.79202676
0.79202676
0.79202676
0.79202676
0.79202676
0.79202676
0.79202676
0.79202676
0.79202676
0.79202676
0.79202676
0.79202676
0.79202676
0.79202676
0.79202676
0.79202676
0.79202676
0.79202676
0.79202676
0.79202676
0.79202676
0.79202676
0.79202676
0.79202676
0.79202676
0.79202676
0.79202676
0.79202676
0.79202676
0.79202676
0.79202676
0.79202676
0.79202676
0.79202676
0.79202676
0.79202676
0.79202676
0.79202676
0.79202676
0.79202676
0.79202676
0.79202676
0.79202676
0.79202676
0.79202676
0.79202676
0.79202676
0.79202676
0.79202676
0.79202676
0.79202676
0.79202676
0.79202676
0.79202676
0.79202676
0.79202676
0.79202676
0.79202676
0.79202676
0.79202676
0.79202676
0.79202676
0.79202676
0.79202676
0.79202676
0.79202676
0.79202676
0.79202676
0.79202676
0.79202676
0.79202676
0.79202676
0.79202676
0.79202676
0.79202676
0.79202676
0.79202676
0.79202676
0.79202676
0.79202676
0.79202676
0.79202676
0.79202676
0.79202676
0.79202676
0.79202676
0.79202676
0.79202676
0.79202676
0.79202676
0.79202676
0.79202676
0.79202676
0.79202676
0.79202676
0.79202676
0.79202676
0.79202676
0.79202676
0.79202676
0.79202676
0.79202676
0.79202676
0.79202676
0.79202676
0.79202676
0.79202676
0.79202676
0.79202676
0.79202676
0.79202676
0.79202676
0.79202676
0.79202676
0.79202676
0.79202676
0.79202676
0.79202676
0.79202676
0.79202676
0.79202676
0.79202676
0.79202676
0.79202676
0.79202676
