0.34260094
0.3556949
0.37845248
0.37845248
0.65878886
0.65878886
0.6594578
0.6594578
0.71694064
0.71694064
0.71694064
0.71694064
0.71694064
0.7323245
0.7373069
0.7373069
0.7373069
0.7373069
0.7373069
0.7373069
0.7373069
0.7373069
0.7373069
0.7373069
0.7373069
0.7373069
0.7373069
0.7373069
0.7373069
0.7373069
0.7373069
0.7373069
0.7373069
0.7373069
0.7373069
0.7373069
0.7373069
0.7373069
0.7373069
0.7373069
0.7373069
0.7373069
0.7373069
0.7373069
0.7373069
0.7373069
0.7373069
0.7373069
0.7373069
0.7373069
0.7373069
0.7373069
0.7373069
0.7373069
0.7373069
0.7373069
0.73961085
0.73961085
0.73961085
0.74069834
0.74069834
0.74069834
0.74069834
0.74069834
0.74069834
0.74069834
0.74069834
0.75166655
0.7674029
0.7674029
0.7674029
0.7674029
0.7674029
0.7674029
0.7674029
0.7674029
0.7674029
0.7674029
0.7674029
0.7674029
0.7674029
0.7674029
0.7674029
0.7674029
0.7674029
0.7674029
0.7674029
0.7674029
0.7674029
0.7674029
0.7674029
0.7674029
0.7674029
0.7674029
0.7674029
0.7674029
0.7674029
0.7674029
0.7674029
0.7674029
0.7674029
0.7674029
0.7674029
0.7674029
0.7674029
0.7674029
0.7674029
0.7674029
0.7674029
0.7674029
0.7674029
0.7674029
0.7674029
0.7674029
0.7674029
0.7674029
0.7674029
0.7674029
0.7674029
0.7674029
0.7674029
0.7674029
0.7920269
0.7920269
0.7920269
0.7920269
0.7920269
0.7920269
0.7920269
0.7920269
0.7920269
0.7920269
0.7920269
0.7920269
0.7920269
0.7920269
0.7920269
0.7920269
0.7920269
0.7920269
0.7920269
0.7920269
0.7920269
0.7920269
0.7920269
0.7920269
0.7920269
0.7920269
0.7920269
0.7920269
0.7920269
0.7920269
0.7920269
0.7920269
0.7920269
0.7920269
0.7920269
0.7920269
0.7920269
0.7920269
0.7920269
0.7920269
0.7920269
0.7920269
0.7920269
0.7920269
0.7920269
0.7920269
0.7920269
0.7920269
0.7920269
0.7920269
0.7920269
0.7920269
0.7920269
0.7920269
0.7920269
0.7920269
0.7920269
0.7920269
0.7920269
0.7920269
0.7920269
0.7920269
0.7920269
0.7920269
0.7920269
0.7920269
0.7920269
0.7920269
0.7920269
0.7920269
0.7920269
0.7920269
0.7920269
0.7920269
0.7920269
0.7920269
0.7920269
0.7920269
0.7920269
0.7920269
0.7920269
0.7920269
0.7920269
0.7920269
0.7920269
0.7920269
0.7920269
0.7920269
0.7920269
0.7920269
0.7920269
0.7920269
0.7920269
0.7920269
0.7920269
0.7920269
0.7920269
0.7920269
0.7920269
0.7920269
0.7920269
0.7920269
0.7920269
0.7920269
0.7920269
0.7920269
0.7920269
0.7920269
0.7920269
0.7920269
0.7920269
0.7920269
0.7920269
0.7920269
0.7920269
0.7920269
0.7920269
0.7920269
0.7920269
0.7920269
0.7920269
0.7920269
0.7920269
0.7920269
0.7920269
0.7920269
0.7920269
0.7920269
0.7920269
0.7920269
0.7920269
0.7920269
0.7920269
0.7920269
0.7920269
0.7920269
0.7920269
0.7920269
0.7920269
0.7920269
0.7920269
0.7920269
0.7920269
0.7920269
0.7920269
0.7920269
0.7920269
0.7920269
0.7920269
0.7920269
0.7920269
0.7920269
0.7920269
0.7920269
0.7920269
0.7920269
0.7920269
0.7920269
0.7920269
0.7920269
0.7920269
0.7920269
0.7920269
0.7920269
0.7920269
0.7920269
0.7920269
0.7920269
0.7920269
0.7920269
0.7920269
0.7920269
0.7920269
0.7920269
0.7920269
0.7920269
0.7920269
0.7920269
0.7920269
0.7920269
0.7920269
0.7920269
0.7920269
0.7920269
0.7920269
0.7920269
0.7920269
0.7920269
0.7920269
0.7920269
0.7920269
0.7920269
0.7920269
0.7920269
0.7920269
0.7920269
0.7920269
0.7920269
0.7920269
0.7920269
0.7920269
0.7920269
0.7920269
0.7920269
0.7920269
0.7920269
0.7920269
0.7920269
0.7920269
0.7920269
0.7920269
0.7920269
0.7920269
0.7920269
0.7920269
0.7920269
0.7920269
0.7920269
0.7920269
0.7920269
0.7920269
0.7920269
0.7920269
0.7920269
0.7920269
0.7920269
0.7920269
0.7920269
0.7920269
0.7920269
0.7920269
0.7920269
0.7920269
0.7920269
0.7920269
0.7920269
0.7920269
0.7920269
0.7920269
0.7920269
0.7920269
0.7920269
0.7920269
0.7920269
0.7920269
0.7920269
0.7920269
0.7920269
0.7920269
0.7920269
0.7920269
0.7920269
0.7920269
0.7920269
0.7920269
0.7920269
0.7920269
0.7920269
0.7920269
0.7920269
0.7920269
0.7920269
0.7920269
0.7920269
0.7920269
0.7920269
0.7920269
0.7920269
0.7920269
0.7920269
0.7920269
0.7920269
0.7920269
0.7920269
0.7920269
0.7920269
0.7920269
0.7920269
0.7920269
0.7920269
0.7920269
0.7920269
0.7920269
0.7920269
0.7920269
0.7920269
0.7920269
0.7920269
0.7920269
0.7920269
0.7920269
0.7920269
0.7920269
0.7920269
0.7920269
0.7920269
0.7920269
0.7920269
0.7920269
0.7920269
0.7920269
0.7920269
0.7920269
0.7920269
0.7920269
0.7920269
0.7920269
0.7920269
0.7920269
0.7920269
0.7920269
0.7920269
0.7920269
0.7920269
0.7920269
0.7920269
0.7920269
0.7920269
0.7920269
0.7920269
0.7920269
0.7920269
0.7920269
0.7920269
0.7920269
0.7920269
0.7920269
0.7920269
0.7920269
0.7920269
0.7920269
0.7920269
0.7920269
0.7920269
0.7920269
0.7920269
0.7920269
0.7920269
0.7920269
0.7920269
0.7920269
0.7920269
0.7920269
0.7920269
0.7920269
0.7920269
0.7920269
0.7920269
0.7920269
0.7920269
0.7920269
0.7920269
0.7920269
0.7920269
0.7920269
0.7920269
0.7920269
0.7920269
0.7920269
0.7920269
0.7920269
0.7920269
0.7920269
0.7920269
0.7920269
0.7920269
0.7920269
0.7920269
0.7920269
0.7920269
0.7920269
0.7920269
0.7920269
0.7920269
0.7920269
0.7920269
0.7920269
0.7920269
0.7920269
