11.1272545
0.11127254
0.17635003
0.2471393
0.2790538
0.33551708
0.38170123
0.42744845
0.4892193
0.52734166
0.5742576
0.6167552
0.64997023
0.67005104
0.5008724
0.5965865
0.63721853
0.6528198
0.6733805
0.60761017
0.6552504
0.6552788
0.67932296
0.6552131
0.6551865
0.67558026
0.668642
0.69140166
0.6486156
0.6581129
0.68995786
0.69002634
0.7026215
0.6997615
0.7021394
0.71551216
0.50119126
0.61325246
0.63404095
0.66655886
0.6675011
0.6758786
0.6734704
0.6832344
0.6849515
0.68158615
0.71207637
0.70618767
0.7084599
0.7135328
0.6610125
0.65944827
0.67984945
0.6723584
0.68921465
0.70986253
0.71700203
0.5903583
0.66328347
0.68102324
0.65406775
0.6718602
0.6875815
0.70346487
0.7075421
0.7177363
0.6288258
0.64898664
0.6830599
0.70654136
0.7011185
0.71144587
0.7256224
0.47406548
0.570302
0.65218985
0.6822093
0.6428647
0.66337657
0.6694771
0.6815802
0.6856987
0.70230097
0.682069
0.70532876
0.71064305
0.7181874
0.6131879
0.6508389
0.69785655
0.6875998
0.71975946
0.64406365
0.6836411
0.6996646
0.71313596
0.6952825
0.7046091
0.7080718
0.72115165
0.6657541
0.6909387
0.7176502
0.7090366
0.7107925
0.72335035
0.7177187
0.7268508
0.6348626
0.6822314
0.67945814
0.6903799
0.7096505
0.70913863
0.7123614
0.7142991
0.6908678
0.7228964
0.6675333
0.69244224
0.7018773
0.7061471
0.71766055
0.723351
0.7277748
0.6957602
0.7176344
0.6889727
0.7250103
0.72663
0.71738327
0.7105539
0.7206328
0.7245914
0.7277057
0.7285321
0.6380768
0.6689715
0.67939675
0.7022732
0.7113599
0.72024506
0.6917458
0.71815056
0.7037675
0.7139734
0.72746134
0.7138165
0.70978427
0.71738136
0.7269574
0.73689425
0.57130235
0.6463222
0.67985207
0.68121034
0.69356865
0.6900188
0.6928185
0.72535163
0.66265106
0.69498247
0.6717255
0.70301783
0.72582567
0.68566537
0.7029711
0.72599405
0.69377756
0.723917
0.72882766
0.6955252
0.69726145
0.731553
0.72534215
0.7182307
0.7308908
0.73924184
0.6276193
0.6772546
0.7056678
0.7077408
0.7328505
0.65133697
0.7041429
0.70266825
0.72608083
0.68902856
0.72866005
0.7289971
0.71740556
0.7267775
0.7228944
0.73695314
0.7358308
0.729311
0.73934495
0.7118909
0.7268505
0.73623
0.7131317
0.7216819
0.73687696
0.7307947
0.7385466
0.7478993
0.65531814
0.68721664
0.7001585
0.7138421
0.7125182
0.72397035
0.71791863
0.707687
0.7310453
0.722829
0.7475832
0.74035376
0.74400413
0.74279755
0.75615835
0.6649371
0.69019455
0.6870981
0.7291162
0.701213
0.72205806
0.72302264
0.7175317
0.73438853
0.7105493
0.7262845
0.72196686
0.7224152
0.7250359
0.7464055
0.73923105
0.7284216
0.75174665
0.7384948
0.7464719
0.7453846
0.7458787
0.7415305
0.7598095
0.75986946
0.7534553
0.74867547
0.74807376
0.7618995
0.7620732
0.76371145
0.7539618
0.7622519
0.7547947
0.7531379
0.76178205
0.7668097
0.76620656
0.7607765
0.7667537
0.7679214
0.4695446
0.5813444
0.6279595
0.6724562
0.6617998
0.67327046
0.6935169
0.6734101
0.6978257
0.7194046
0.6018217
0.67215437
0.6905232
0.70103097
0.72273934
0.6378412
0.6804515
0.69202685
0.7192747
0.6400074
0.6921492
0.703377
0.72057605
0.7084956
0.7146766
0.7198101
0.7145584
0.75251967
0.6766916
0.71361846
0.713116
0.7193055
0.724229
0.72073585
0.70664126
0.72480667
0.71208334
0.7274735
0.72164214
0.72108436
0.7304466
0.7163958
0.72864693
0.73865896
0.73148656
0.73661363
0.7388087
0.7478619
0.726146
0.7492953
0.73507607
0.74130636
0.7358329
0.7482286
0.7418717
0.7488235
0.7497084
0.7672738
0.75484324
0.7578967
0.75694865
0.7573483
0.762983
0.76154333
0.76252836
0.76874125
0.5656504
0.6522111
0.6791726
0.66577876
0.67404765
0.72826433
0.59157395
0.6645031
0.6796459
0.7165443
0.6997438
0.7196015
0.6910915
0.7216093
0.7185433
0.7452379
0.69925517
0.70041627
0.7335349
0.7114466
0.72423005
0.72736794
0.72000265
0.73518133
0.74074227
0.74399114
0.74767303
0.73469466
0.7457131
0.74439436
0.74258304
0.75147355
0.7484243
0.76068544
0.74894696
0.7574371
0.762323
0.7625583
0.7639237
0.7574277
0.77014375
0.5244324
0.66875726
0.7054865
0.6687555
0.7050833
0.7051277
0.7244803
0.64821225
0.67502874
0.6814072
0.70268995
0.7262279
0.6937835
0.7146841
0.71754205
0.7275195
0.7033889
0.72938174
0.742677
0.6601206
0.6975853
0.7230042
0.6880109
0.72375184
0.71157235
0.72636914
0.7314924
0.73591125
0.7281608
0.7556653
0.7229819
0.735008
0.721583
0.7552648
0.75782275
0.75278246
0.75862294
0.75799865
0.76446784
0.7677624
0.6981965
0.74129206
0.7251446
0.72607887
0.7275019
0.7333415
0.7285039
0.73417383
0.732499
0.7471322
0.74724734
0.7473079
0.75411284
0.752444
0.7507149
0.75472695
0.7591387
0.756967
0.75974023
0.7657913
0.7614065
0.7596323
0.7612717
0.7711738
0.55718666
0.6323307
0.67185855
0.64033264
0.7095064
0.71656984
0.6638734
0.7039802
0.71413934
0.73488975
0.68743074
0.7146868
0.7234533
0.7316123
0.72882617
0.73467124
0.74948674
0.70052695
0.7148323
0.72570634
0.73133016
0.7282494
0.7466722
0.7373658
0.7335526
0.75260603
0.7577875
0.7428824
0.7659428
0.7476981
0.7573214
0.7484809
0.7549189
0.753586
0.7613441
0.75046074
0.7660416
0.767614
0.7286496
0.7279883
0.7418987
0.7400153
0.7374154
0.74399626
0.74922144
0.75648165
0.7620967
0.7565861
0.7587828
0.76124984
0.76751816
0.7605874
0.7632579
0.7558879
0.7583111
0.77387357
0.49964684
0.5814483
0.640919
0.67972755
0.6812313
0.67808235
0.69790024
0.67691743
0.7046937
0.70413595
0.7140683
0.6566044
0.68192464
