3.047331
0.15236655
0.22012213
0.30459043
0.31947923
0.42115682
0.4681233
0.56994176
0.5975388
0.6052934
0.632152
0.6432349
0.66405714
0.5269325
0.58240104
0.6490668
0.68209416
0.5462321
0.58641094
0.62144333
0.6105159
0.69059193
0.51072234
0.565583
0.6431039
0.665874
0.64180106
0.6871468
0.66506416
0.6762961
0.64195955
0.67639023
0.66557056
0.69742817
0.6529507
0.64363277
0.6776932
0.6614109
0.6847854
0.689211
0.68935215
0.69720656
0.6875973
0.7185236
0.5506136
0.62476623
0.6913973
0.5348302
0.65176386
0.6903499
0.6949296
0.72806007
0.5067948
0.6004372
0.68301827
0.6186597
0.6225412
0.7105289
0.5611197
0.6286297
0.68557626
0.60712117
0.62861097
0.657356
0.6909857
0.6413578
0.70751965
0.70225465
0.69623554
0.7107011
0.69786704
0.72980756
0.56813717
0.58572793
0.6288277
0.71607333
0.59299845
0.6560834
0.69336873
0.67200726
0.66899973
0.731144
0.55815625
0.6219266
0.6779471
0.63299024
0.6286919
0.67917997
0.7000632
0.69918543
0.66597563
0.7071627
0.7336181
0.64052665
0.69096094
0.6706296
0.6838165
0.6451715
0.6480299
0.6742383
0.73865336
0.59588784
0.6655383
0.64104897
0.7003165
0.6872409
0.7002439
0.7064715
0.7108072
0.6699653
0.7373876
0.6348885
0.6680578
0.7149356
0.6775001
0.7069036
0.71730906
0.67544806
0.68299377
0.6806146
0.73805755
0.6375373
0.70103085
0.687456
0.7429922
0.39676067
0.5790037
0.69076633
0.63406265
0.651989
0.67133296
0.6499545
0.6451601
0.6653803
0.6459215
0.70157814
0.70408636
0.735289
0.458656
0.59540874
0.660576
0.70901835
0.74036396
0.5446268
0.66675913
0.6233498
0.67465544
0.67419904
0.71259856
0.7146574
0.7139169
0.719772
0.71719545
0.72037166
0.74991775
0.6522943
0.675635
0.69199616
0.6611396
0.7599088
0.69058716
0.7016274
0.72641206
0.6971821
0.72667605
0.7296891
0.7631184
0.6930798
0.7029372
0.7021109
0.697647
0.7433805
0.7322469
0.72932184
0.74048364
0.72983295
0.7318485
0.76759386
0.52754676
0.6784407
0.63575035
0.7194182
0.6907795
0.75700754
0.72258556
0.69428384
0.7223845
0.6960954
0.72559595
0.74267805
0.6924396
0.73286927
0.70394075
0.7320723
0.7289131
0.7283156
0.70063704
0.7272703
0.7597135
0.7316732
0.7295542
0.7346636
0.7650911
0.7451226
0.7648378
0.7359626
0.73107153
0.7648572
0.7629863
0.7312547
0.73111373
0.7341058
0.76520044
0.7308034
0.7661489
0.73378
0.7649951
0.76212174
0.76212895
0.7324538
0.7457819
0.7295281
0.7411348
0.739046
0.7649951
0.7299011
0.7293734
0.7407335
0.7349413
0.767747
0.69969577
0.7179269
0.60780364
0.7188661
0.6536374
0.73235935
0.68410766
0.7228406
0.6968248
0.6922115
0.731053
0.7228415
0.7585379
0.65038425
0.657611
0.67035735
0.74202985
0.69401354
0.70453894
0.73095506
0.7527417
0.7325734
0.7664587
0.7665746
0.73371816
0.73589617
0.76359016
0.74024385
0.76656395
0.76358527
0.7445106
0.7667223
0.7663206
0.73085195
0.7668021
0.7691947
0.3852604
0.535677
0.6915629
0.6321858
0.6356832
0.6635919
0.6723695
0.70249593
0.67825186
0.736726
0.55889386
0.6845272
0.7133603
0.663703
0.729348
0.6116644
0.6991844
0.64693415
0.7403491
0.6309236
0.69616336
0.754656
0.6250478
0.6606668
0.65287083
0.7267545
0.65961516
0.7170183
0.69950384
0.6995867
0.70536935
0.7335106
0.7354742
0.7500431
0.7328625
0.735438
0.7710134
0.3414644
0.5794726
0.6225103
0.67232287
0.61239654
0.66192836
0.6386134
0.6634872
0.7000352
0.65073746
0.70566446
0.7084897
0.7421037
0.5342759
0.60371757
0.6234849
0.74296325
0.607276
0.74387324
0.67831147
0.6722325
0.71834373
0.7376998
0.75405896
0.7482766
0.7518133
0.7259522
0.6844853
0.6791474
0.72003686
0.7437942
0.7792789
0.67296666
0.7091162
0.6539187
0.73920614
0.6808109
0.7231518
0.7125093
0.74463236
0.7147242
0.7121335
0.75630116
0.6812483
0.7608049
0.7289772
0.75003517
0.7234743
0.72680837
0.73422194
0.7810272
0.6896287
0.7181045
0.7496888
0.7826153
0.7503051
0.7457632
0.784199
0.78221714
0.7227808
0.75128853
0.7862999
0.71740913
0.79202676
0.79202676
0.79202676
0.79202676
0.79202676
0.79202676
0.79202676
0.79202676
0.79202676
0.79202676
0.79202676
0.79202676
0.79202676
0.79202676
0.79202676
0.79202676
0.79202676
0.79202676
0.79202676
0.79202676
0.79202676
0.79202676
0.79202676
0.79202676
0.79202676
0.79202676
0.79202676
0.79202676
0.79202676
0.79202676
0.79202676
0.79202676
0.79202676
0.79202676
0.79202676
0.79202676
0.79202676
0.79202676
0.79202676
0.79202676
0.79202676
0.79202676
0.79202676
0.79202676
0.79202676
0.79202676
0.79202676
0.79202676
0.79202676
0.79202676
0.79202676
0.79202676
0.79202676
0.79202676
0.79202676
0.79202676
0.79202676
0.79202676
0.79202676
0.79202676
0.79202676
0.79202676
0.79202676
0.79202676
0.79202676
0.79202676
0.79202676
0.79202676
0.79202676
0.79202676
0.79202676
0.79202676
0.79202676
0.79202676
0.79202676
0.79202676
0.79202676
0.79202676
0.79202676
0.79202676
0.79202676
0.79202676
0.79202676
0.79202676
0.79202676
0.79202676
0.79202676
0.79202676
0.79202676
0.79202676
0.79202676
0.79202676
0.79202676
0.79202676
0.79202676
0.79202676
0.79202676
0.79202676
0.79202676
0.79202676
0.79202676
0.79202676
0.79202676
0.79202676
0.79202676
0.79202676
0.79202676
0.79202676
0.79202676
0.79202676
0.79202676
0.79202676
0.79202676
0.79202676
0.79202676
0.79202676
0.79202676
0.79202676
0.79202676
0.79202676
0.79202676
0.79202676
0.79202676
0.79202676
0.79202676
0.79202676
0.79202676
0.79202676
0.79202676
0.79202676
0.79202676
0.79202676
0.79202676
0.79202676
0.79202676
0.79202676
0.79202676
0.79202676
0.79202676
0.79202676
0.79202676
0.79202676
0.79202676
0.79202676
0.79202676
0.79202676
0.79202676
0.79202676
0.79202676
0.79202676
0.79202676
0.79202676
0.79202676
0.79202676
0.79202676
0.79202676
0.79202676
0.79202676
0.79202676
0.79202676
0.79202676
0.79202676
0.79202676
0.79202676
0.79202676
0.79202676
0.79202676
0.79202676
0.79202676
0.79202676
0.79202676
0.79202676
0.79202676
0.79202676
0.79202676
0.79202676
0.79202676
0.79202676
0.79202676
0.79202676
0.79202676
0.79202676
0.79202676
0.79202676
0.79202676
0.79202676
0.79202676
0.79202676
0.79202676
0.79202676
0.79202676
0.79202676
0.79202676
0.79202676
0.79202676
0.79202676
0.79202676
0.79202676
0.79202676
0.79202676
0.79202676
0.79202676
0.79202676
0.79202676
0.79202676
0.79202676
0.79202676
0.79202676
0.79202676
0.79202676
0.79202676
0.79202676
0.79202676
0.79202676
0.79202676
0.79202676
0.79202676
0.79202676
0.79202676
0.79202676
0.79202676
0.79202676
0.79202676
0.79202676
0.79202676
0.79202676
0.79202676
0.79202676
0.79202676
0.79202676
0.79202676
0.79202676
0.79202676
0.79202676
0.79202676
0.79202676
0.79202676
0.79202676
0.79202676
0.79202676
0.79202676
0.79202676
0.79202676
0.79202676
0.79202676
0.79202676
0.79202676
0.79202676
0.79202676
0.79202676
0.79202676
0.79202676
0.79202676
0.79202676
0.79202676
0.79202676
0.79202676
0.79202676
0.79202676
0.79202676
0.79202676
0.79202676
0.79202676
0.79202676
0.79202676
0.79202676
0.79202676
0.79202676
0.79202676
0.79202676
0.79202676
0.79202676
0.79202676
0.79202676
0.79202676
0.79202676
0.79202676
0.79202676
0.79202676
0.79202676
0.79202676
0.79202676
0.79202676
0.79202676
0.79202676
0.79202676
0.79202676
0.79202676
0.79202676
0.79202676
0.79202676
0.79202676
0.79202676
0.79202676
0.79202676
0.79202676
0.79202676
0.79202676
0.79202676
0.79202676
0.79202676
0.79202676
0.79202676
0.79202676
0.79202676
0.79202676
0.79202676
0.79202676
0.79202676
0.79202676
0.79202676
0.79202676
0.79202676
0.79202676
0.79202676
0.79202676
0.79202676
0.79202676
0.79202676
0.79202676
0.79202676
0.79202676
0.79202676
0.79202676
0.79202676
0.79202676
0.79202676
0.79202676
0.79202676
0.79202676
0.79202676
0.79202676
0.79202676
0.79202676
0.79202676
0.79202676
0.79202676
0.79202676
0.79202676
0.79202676
0.79202676
0.79202676
0.79202676
0.79202676
0.79202676
0.79202676
0.79202676
0.79202676
0.79202676
0.79202676
0.79202676
0.79202676
0.79202676
0.79202676
0.79202676
0.79202676
0.79202676
0.79202676
0.79202676
0.79202676
0.79202676
0.79202676
0.79202676
0.79202676
0.79202676
0.79202676
0.79202676
0.79202676
0.79202676
0.79202676
0.79202676
0.79202676
0.79202676
0.79202676
0.79202676
0.79202676
0.79202676
0.79202676
0.79202676
0.79202676
0.79202676
0.79202676
0.79202676
0.79202676
0.79202676
0.79202676
0.79202676
0.79202676
0.79202676
0.79202676
0.79202676
0.79202676
0.79202676
0.79202676
0.79202676
0.79202676
0.79202676
0.79202676
0.79202676
0.79202676
0.79202676
0.79202676
0.79202676
0.79202676
0.79202676
0.79202676
0.79202676
0.79202676
0.79202676
0.79202676
0.79202676
0.79202676
0.79202676
0.79202676
0.79202676
0.79202676
0.79202676
0.79202676
0.79202676
0.79202676
0.79202676
0.79202676
0.79202676
0.79202676
0.79202676
0.79202676
0.79202676
0.79202676
0.79202676
0.79202676
0.79202676
0.79202676
0.79202676
0.79202676
0.79202676
0.79202676
0.79202676
0.79202676
0.79202676
0.79202676
0.79202676
0.79202676
0.79202676
0.79202676
0.79202676
0.79202676
0.79202676
0.79202676
0.79202676
0.79202676
0.79202676
0.79202676
0.79202676
0.79202676
0.79202676
0.79202676
0.79202676
0.79202676
0.79202676
0.79202676
0.79202676
0.79202676
0.79202676
0.79202676
0.79202676
0.79202676
0.79202676
0.79202676
0.79202676
0.79202676
0.79202676
0.79202676
0.79202676
0.79202676
0.79202676
0.79202676
0.79202676
0.79202676
0.79202676
0.79202676
0.79202676
0.79202676
0.79202676
0.79202676
0.79202676
0.79202676
0.79202676
0.79202676
0.79202676
0.79202676
0.79202676
0.79202676
0.79202676
0.79202676
0.79202676
0.79202676
0.79202676
0.79202676
0.79202676
0.79202676
0.79202676
0.79202676
0.79202676
0.79202676
0.79202676
0.79202676
0.79202676
0.79202676
0.79202676
0.79202676
0.79202676
0.79202676
0.79202676
0.79202676
0.79202676
0.79202676
0.79202676
0.79202676
0.79202676
0.79202676
0.79202676
0.79202676
0.79202676
0.79202676
0.79202676
0.79202676
0.79202676
0.79202676
0.79202676
0.79202676
0.79202676
0.79202676
0.79202676
0.79202676
0.79202676
0.79202676
0.79202676
0.79202676
0.79202676
0.79202676
0.79202676
0.79202676
0.79202676
0.79202676
0.79202676
0.79202676
0.79202676
0.79202676
0.79202676
0.79202676
0.79202676
0.79202676
0.79202676
0.79202676
0.79202676
0.79202676
0.79202676
0.79202676
0.79202676
0.79202676
0.79202676
0.79202676
0.79202676
0.79202676
0.79202676
0.79202676
0.79202676
0.79202676
0.79202676
0.79202676
0.79202676
0.79202676
0.79202676
0.79202676
0.79202676
0.79202676
0.79202676
0.79202676
0.79202676
0.79202676
0.79202676
0.79202676
0.79202676
0.79202676
0.79202676
0.79202676
0.79202676
0.79202676
0.79202676
0.79202676
0.79202676
0.79202676
0.79202676
0.79202676
0.79202676
0.79202676
0.79202676
0.79202676
0.79202676
0.79202676
0.79202676
0.79202676
0.79202676
0.79202676
0.79202676
0.79202676
0.79202676
0.79202676
0.79202676
0.79202676
0.79202676
0.79202676
0.79202676
0.79202676
0.79202676
0.79202676
0.79202676
0.79202676
0.79202676
0.79202676
0.79202676
0.79202676
0.79202676
0.79202676
0.79202676
0.79202676
0.79202676
0.79202676
0.79202676
0.79202676
0.79202676
0.79202676
0.79202676
0.79202676
0.79202676
0.79202676
