1.5704651
0.078523256
0.159869
0.18007414
0.21091858
0.2974699
0.31074122
0.34647837
0.35659602
0.4285919
0.50410825
0.6041244
0.66853976
0.3156237
0.4780962
0.62611383
0.6613406
0.5828577
0.7093743
0.6854669
0.7168684
0.59167665
0.67740834
0.6434461
0.65352744
0.652824
0.6646663
0.68703777
0.68791705
0.6877286
0.7229501
0.45293298
0.50896955
0.5790681
0.62011206
0.68471044
0.5668112
0.62304354
0.63118184
0.65227896
0.72140115
0.52757305
0.6437818
0.647377
0.6784507
0.5584942
0.59072363
0.6352457
0.6817416
0.65866
0.65808904
0.69662666
0.66664803
0.65683615
0.662478
0.69642025
0.72457635
0.5676515
0.6717338
0.5826353
0.66058624
0.65990627
0.6936942
0.6665857
0.7283303
0.70146585
0.7331355
0.4958898
0.6135081
0.68587863
0.59313446
0.6238444
0.7007159
0.6636951
0.70149004
0.66033316
0.6644487
0.6606277
0.6612309
0.6964487
0.6935566
0.72799337
0.54248345
0.6243423
0.62444514
0.6949203
0.6076023
0.6401459
0.67244214
0.698919
0.72438246
0.5465647
0.5989019
0.61351985
0.6521733
0.70823735
0.6402856
0.70346946
0.69974136
0.731044
0.57339925
0.68157494
0.6978995
0.70157313
0.73458225
0.7294581
0.6678869
0.7003277
0.70383906
0.7014159
0.73835975
0.5658399
0.54018885
0.6501969
0.65308565
0.69059324
0.66990405
0.70108926
0.64052486
0.6938648
0.69638425
0.699543
0.6998743
0.7349082
0.5135046
0.642118
0.70803314
0.7102438
0.7379991
0.6473123
0.6493246
0.7127822
0.6550905
0.6713201
0.63825047
0.668635
0.64479315
0.63504165
0.644635
0.6736008
0.670862
0.7034756
0.7080918
0.7049613
0.73849094
0.615696
0.66603184
0.65019953
0.6795538
0.645459
0.73011637
0.7390338
0.74525094
0.53910637
0.5633228
0.60820174
0.62620413
0.64160097
0.66061246
0.7151588
0.6169205
0.6774577
0.7126187
0.72312844
0.5627119
0.6154661
0.7290351
0.67773956
0.7223429
0.6995156
0.7571496
0.6409678
0.69187224
0.72823703
0.71114385
0.7250571
0.75101554
0.60754013
0.694005
0.5869101
0.6905712
0.72312707
0.63376963
0.71854824
0.71340644
0.66719574
0.69717294
0.7297758
0.70223343
0.71274674
0.69770783
0.74411917
0.65781975
0.6757761
0.7356468
0.7046019
0.7327658
0.7066535
0.70365506
0.70089525
0.7044882
0.7286431
0.73356193
0.7656661
0.76748645
0.6550518
0.6704751
0.6913027
0.718832
0.7053143
0.7474496
0.77060497
0.61481136
0.6778263
0.6919393
0.6694515
0.7059975
0.72588634
0.6644355
0.73922694
0.6203307
0.6942391
0.66874474
0.63778603
0.7435547
0.6697383
0.7290365
0.71966493
0.740633
0.7115406
0.7748251
0.6123868
0.67589784
0.70171094
0.70945287
0.72714335
0.6529848
0.74327844
0.6460226
0.68781316
0.7378303
0.73762673
0.7497721
0.7034085
0.71414524
0.6775679
0.71223843
0.75501794
0.7200588
0.77792996
0.71141505
0.7763059
0.69414294
0.7412433
0.72142386
0.7542064
0.71450704
0.72488385
0.72318953
0.7278679
0.71721745
0.74622124
0.72069776
0.7275444
0.7073392
0.71825224
0.71801084
0.71702635
0.75438625
0.7895644
0.7217012
0.72956103
0.73878324
0.75036395
0.78518546
0.7851863
0.7855145
0.79202676
0.79202676
0.79202676
0.79202676
0.79202676
0.79202676
0.79202676
0.79202676
0.79202676
0.79202676
0.79202676
0.79202676
0.79202676
0.79202676
0.79202676
0.79202676
0.79202676
0.79202676
0.79202676
0.79202676
0.79202676
0.79202676
0.79202676
0.79202676
0.79202676
0.79202676
0.79202676
0.79202676
0.79202676
0.79202676
0.79202676
0.79202676
0.79202676
0.79202676
0.79202676
0.79202676
0.79202676
0.79202676
0.79202676
0.79202676
0.79202676
0.79202676
0.79202676
0.79202676
0.79202676
0.79202676
0.79202676
0.79202676
0.79202676
0.79202676
0.79202676
0.79202676
0.79202676
0.79202676
0.79202676
0.79202676
0.79202676
0.79202676
0.79202676
0.79202676
0.79202676
0.79202676
0.79202676
0.79202676
0.79202676
0.79202676
0.79202676
0.79202676
0.79202676
0.79202676
0.79202676
0.79202676
0.79202676
0.79202676
0.79202676
0.79202676
0.79202676
0.79202676
0.79202676
0.79202676
0.79202676
0.79202676
0.79202676
0.79202676
0.79202676
0.79202676
0.79202676
0.79202676
0.79202676
0.79202676
0.79202676
0.79202676
0.79202676
0.79202676
0.79202676
0.79202676
0.79202676
0.79202676
0.79202676
0.79202676
0.79202676
0.79202676
0.79202676
0.79202676
0.79202676
0.79202676
0.79202676
0.79202676
0.79202676
0.79202676
0.79202676
0.79202676
0.79202676
0.79202676
0.79202676
0.79202676
0.79202676
0.79202676
0.79202676
0.79202676
0.79202676
0.79202676
0.79202676
0.79202676
0.79202676
0.79202676
0.79202676
0.79202676
0.79202676
0.79202676
0.79202676
0.79202676
0.79202676
0.79202676
0.79202676
0.79202676
0.79202676
0.79202676
0.79202676
0.79202676
0.79202676
0.79202676
0.79202676
0.79202676
0.79202676
0.79202676
0.79202676
0.79202676
0.79202676
0.79202676
0.79202676
0.79202676
0.79202676
0.79202676
0.79202676
0.79202676
0.79202676
0.79202676
0.79202676
0.79202676
0.79202676
0.79202676
0.79202676
0.79202676
0.79202676
0.79202676
0.79202676
0.79202676
0.79202676
0.79202676
0.79202676
0.79202676
0.79202676
0.79202676
0.79202676
0.79202676
0.79202676
0.79202676
0.79202676
0.79202676
0.79202676
0.79202676
0.79202676
0.79202676
0.79202676
0.79202676
0.79202676
0.79202676
0.79202676
0.79202676
0.79202676
0.79202676
0.79202676
0.79202676
0.79202676
0.79202676
0.79202676
0.79202676
0.79202676
0.79202676
0.79202676
0.79202676
0.79202676
0.79202676
0.79202676
0.79202676
0.79202676
0.79202676
0.79202676
0.79202676
0.79202676
0.79202676
0.79202676
0.79202676
0.79202676
0.79202676
0.79202676
0.79202676
0.79202676
0.79202676
0.79202676
0.79202676
0.79202676
0.79202676
0.79202676
