1.5416741
0.07708371
0.14366457
0.20299752
0.2660442
0.2947536
0.33533114
0.33656278
0.3531166
0.3869081
0.33910546
0.37908936
0.39085934
0.39639336
0.40259036
0.4238153
0.39088657
0.4012776
0.4065536
0.42849073
0.39432007
0.39792266
0.43291646
0.41557878
0.43627352
0.42882603
0.44291687
0.4097765
0.44318232
0.46940392
0.4178738
0.44209808
0.45927572
0.46129352
0.4503332
0.4480605
0.4390623
0.4666985
0.41939226
0.4764092
0.43856114
0.47975937
0.4635241
0.48639783
0.45559177
0.4305068
0.44444245
0.46941692
0.48956332
0.44610772
0.44323826
0.4786384
0.46168286
0.479214
0.4931252
0.46334848
0.46391082
0.47527146
0.49601445
0.5099398
0.46819282
0.472001
0.49796754
0.47786412
0.4962817
0.4892323
0.501884
0.5088003
0.5165807
0.49447376
0.48927808
0.4827752
0.47764492
0.5020954
0.5063946
0.51916265
0.46555024
0.4726952
0.49447507
0.45677012
0.49932274
0.48041457
0.47501498
0.51256055
0.5223041
0.4971532
0.49791032
0.5103519
0.5062672
0.5190843
0.4773121
0.51735127
0.5145863
0.5132551
0.48995948
0.5098806
0.49347204
0.50748026
0.53318363
0.44245633
0.49928507
0.49582654
0.50380766
0.50381184
0.51601106
0.54059094
0.4728642
0.49462324
0.48324323
0.48264328
0.51714236
0.52848566
0.54748243
0.5168384
0.52949053
0.52755105
0.5110966
0.5110265
0.5151738
0.5481757
0.5450485
0.5339482
0.50932705
0.551083
0.4959662
0.49463376
0.5111543
0.53619266
0.53159225
0.53974026
0.5437501
0.5281682
0.54453564
0.5380591
0.5203074
0.5350137
0.5560439
0.4316829
0.4865505
0.5102374
0.50855434
0.5534139
0.5237411
0.52210766
0.5685199
0.5357288
0.5621525
0.557651
0.5776543
0.49332327
0.5096353
0.5522558
0.5526165
0.52277267
0.5164929
0.54433453
0.54166865
0.56634736
0.54547405
0.5516115
0.5734853
0.53712416
0.544237
0.5717448
0.5333744
0.5741448
0.5749017
0.5701242
0.57859427
0.52284163
0.5288845
0.5726946
0.5552423
0.52833045
0.54455876
0.52060205
0.55708027
0.53726774
0.5644187
0.5564362
0.5490097
0.5636375
0.5423678
0.5682195
0.553885
0.5612906
0.5741004
0.54641855
0.58368886
0.49434656
0.49155673
0.5164064
0.5515076
0.5560519
0.54347837
0.5264078
0.53535795
0.5269715
0.55067617
0.57108355
0.52241004
0.54883444
0.5441271
0.56479365
0.57452065
0.5502949
0.55643415
0.58099145
0.5586933
0.5797227
0.5876389
0.5308958
0.5501707
0.55770195
0.55878437
0.5822605
0.5526135
0.5154608
0.5760383
0.51762784
0.53151315
0.55906737
0.5886045
0.563429
0.5190162
0.5571281
0.526914
0.56869984
0.5117217
0.5615996
0.5978486
0.5240456
0.52306575
0.51865023
0.55083144
0.533346
0.5350684
0.5682465
0.5318893
0.5747136
0.57281
0.56488055
0.5649732
0.5604507
0.5935846
0.56062233
0.56413966
0.57415664
0.56261086
0.58432436
0.57975805
0.56890804
0.5803604
0.5885109
0.6032525
0.4736082
0.48705602
0.5225642
0.51248205
0.52055794
0.561696
0.52748466
0.53730243
0.56777304
0.50614357
0.55809414
0.5668805
0.5933877
0.5551926
0.5307835
0.56366885
0.5395802
0.5815222
0.56285083
0.5755584
0.59228563
0.57208425
0.5923999
0.5968459
0.5723251
0.5930467
0.5753765
0.5815596
0.57662797
0.5973366
0.60337174
0.5600176
0.5735787
0.6074708
0.58867514
0.6051398
0.5912884
0.60050994
0.60160744
0.59189856
0.60896885
0.5892169
0.6025586
0.5643815
0.5928106
0.6146884
0.49676594
0.5150162
0.5297099
0.5408174
0.564404
0.5746623
0.56493187
0.5661649
0.5429889
0.572726
0.5804855
0.5428998
0.5627596
0.55987895
0.5919844
0.55085033
0.5810908
0.58902466
0.58444226
0.6103915
0.52723825
0.5397061
0.60601723
0.56979346
0.5935527
0.6114434
0.59126484
0.5900729
0.57646996
0.59261507
0.590216
0.5944674
0.5943742
0.5958179
0.60228926
0.56729174
0.59737295
0.5901716
0.6023884
0.6195275
0.5413866
0.5381645
0.60146296
0.55185664
0.5726829
0.5520064
0.58675444
0.5901242
0.54692096
0.61710477
0.59139097
0.60001755
0.6097847
0.62408984
0.4903039
0.5425347
0.52138436
0.5439888
0.5885893
0.5434171
0.5360768
0.53000134
0.5821725
0.5421088
0.57758015
0.5584443
0.53882575
0.5734621
0.60993373
0.6008934
0.52695614
0.5370178
0.57304394
0.5815463
0.5942267
0.58411473
0.5989014
0.5847312
0.5829331
0.58156824
0.615215
0.5080846
0.5525001
0.5752354
0.52117145
0.5442374
0.59666747
0.5822244
0.58238524
0.5619743
0.5749876
0.5925783
0.5889724
0.5967109
0.54610175
0.5393221
0.5880531
0.59826857
0.58375937
0.6014063
0.589329
0.6165877
0.58619416
0.6113576
0.5967945
0.6221584
0.6137835
0.61071754
0.6108019
0.6266223
0.5829546
0.61304605
0.5952613
0.6146744
0.6055158
0.5938123
0.59994817
0.6228202
0.57465285
0.58686465
0.5395657
0.60494936
0.5712581
0.57651997
0.6098668
0.6094767
0.6018613
0.57103896
0.6123632
0.57191366
0.57710814
0.5966473
0.6175597
0.59018475
0.596719
0.58474004
0.59476846
0.58492166
0.5991538
0.6149882
0.61152595
0.60401154
0.6057809
0.6015557
0.6202684
0.6297027
0.58935666
0.583955
0.6025078
0.560865
0.59123623
0.6033296
0.5879282
0.5818
0.6097465
0.6091863
0.59565485
0.60996497
0.6209319
0.59512097
0.5879465
0.60223067
0.5995227
0.57324064
0.59962225
0.5977101
0.5959956
0.6048883
0.6271252
0.584313
0.5878021
0.57269514
0.6047277
0.5896419
0.6267621
0.59942573
0.6050726
0.6220745
0.5812026
0.58504534
0.61472297
0.6201485
0.5496883
0.59182715
0.59925437
0.62720233
0.6024396
0.60049075
0.600311
0.5734339
0.62123895
0.5754511
0.6101929
0.59724915
0.6073686
0.6208021
0.60680354
0.6127293
0.58939373
0.6215402
0.62003326
