1.793954
0.0896977
0.12550321
0.22409296
0.2465158
0.27392083
0.2716306
0.29307652
0.29228744
0.30468374
0.25049138
0.27269495
0.31355056
0.26435375
0.29740825
0.31063667
0.30558047
0.32073948
0.28865665
0.3204098
0.31771272
0.3296393
0.3283793
0.32769972
0.32484263
0.32792547
0.33859214
0.29387328
0.30706024
0.32233736
0.32126138
0.32067502
0.31828266
0.33456853
0.32472327
0.32593852
0.31946436
0.3274446
0.31793547
0.34298128
0.28799996
0.31144914
0.32538924
0.33275285
0.31918526
0.3396643
0.3125319
0.34114173
0.3299434
0.33397594
0.33800438
0.33422494
0.3335991
0.3437985
0.33255428
0.32251197
0.3451758
0.33162993
0.32799485
0.33555862
0.33551633
0.34709758
0.28466004
0.30903944
0.2984979
0.30060244
0.3159397
0.3431482
0.33684903
0.31482345
0.30545297
0.32143945
0.30278012
0.32377657
0.313082
0.3311475
0.32381004
0.34842724
0.33791226
0.34990376
0.3392473
0.3387365
0.33966833
0.33779913
0.33346778
0.3363102
0.34670183
0.33845344
0.35270235
0.3222351
0.30143073
0.3303979
0.3324656
0.31220734
0.33251432
0.32000047
0.31179896
0.33202717
0.32238698
0.3224675
0.33249193
0.34669477
0.3001584
0.32769832
0.30356655
0.31850258
0.3332153
0.333028
0.34406286
0.31223407
0.33023483
0.34873736
0.3315404
0.34491354
0.3393063
0.32430145
0.35134298
0.34339115
0.33869487
0.33928195
0.35132703
0.3539589
0.25001168
0.296835
0.32247815
0.3337894
0.28669047
0.32018816
0.31613654
0.30552322
0.32415125
0.32588297
0.33245838
0.33281347
0.33902395
0.34250435
0.3325445
0.33017248
0.33294523
0.33642617
0.3392474
0.327968
0.35001847
0.32961738
0.33714798
0.3421982
0.35152942
0.33099678
0.3379496
0.3436675
0.3394092
0.35060355
0.3331286
0.33640328
0.33407006
0.34068128
0.34930316
0.33779615
0.35033852
0.33497792
0.35055676
0.3298543
0.3544804
0.30137455
0.3144555
0.29387036
0.31903443
0.33497652
0.33369797
0.32919046
0.34557247
0.33808416
0.34401533
0.34870028
0.3276189
0.31335548
0.3307015
0.35112816
0.33319148
0.34637213
0.3521714
0.3298801
0.3405898
0.3405009
0.34440827
0.34365502
0.34425458
0.35524032
0.33979052
0.34096035
0.34883922
0.3416845
0.34188426
0.34539562
0.35502118
0.35215077
0.33123338
0.35091823
0.33957177
0.35074058
0.35534713
0.34472412
0.35335618
0.3499087
0.33973503
0.34009925
0.33434075
0.34192878
0.33048794
0.3368953
0.35536095
0.35327655
0.33904392
0.34247833
0.3441648
0.35532117
0.32771137
0.35668042
0.26719162
0.28193063
0.31572798
0.31752223
0.32996994
0.33997872
0.3405773
0.3428036
0.33665004
0.33903784
0.35046896
0.3475926
0.32766244
0.32508737
0.35425016
0.32215387
0.3205683
0.3116477
0.34800792
0.34279773
0.3340783
0.33829355
0.3378116
0.3522407
0.32995278
0.3407585
0.3428341
0.35666788
0.31134886
0.31801766
0.34897006
0.33502787
0.3228656
0.33107084
0.35246634
0.34971827
0.3381144
0.35275108
0.35657057
0.32397395
0.3295222
0.35345688
0.32913128
0.3419923
0.34068045
0.33215472
0.35710922
0.34063026
0.34162778
0.35265598
0.3572803
0.33959147
0.3456103
0.3586344
0.3115479
0.33211297
0.34019002
0.34995973
0.33543533
0.34508103
0.3333585
0.33736637
0.3405921
0.33488542
0.33960724
0.35748735
0.31636018
0.35010523
0.30715537
0.33256653
0.33586696
0.33241257
0.3230312
0.346376
0.35597035
0.35867867
0.34024996
0.35653198
0.3570797
0.33424
0.33672503
0.34690553
0.33239204
0.34827736
0.34914714
0.34939757
0.3599414
0.3386795
0.34348238
0.34201866
0.3392538
0.33536443
0.33606824
0.34549478
0.34688643
0.36193413
0.31707588
0.3314641
0.34072483
0.3296507
0.34909463
0.3370813
0.3352478
0.3494598
0.3608409
0.32822123
0.33899942
0.34963366
0.30508155
0.34283018
0.34748307
0.33458757
0.3460131
0.34336478
0.3371448
0.34917268
0.35768482
0.35974076
0.33471778
0.3540908
0.35001302
0.3568056
0.34877276
0.3556338
0.36497456
0.28397277
0.31056973
0.33934775
0.3270143
0.33154643
0.35824558
0.3557423
0.33452702
0.3501448
0.34932524
0.36699566
0.30905554
0.3232034
0.34828767
0.33367038
0.35305044
0.3554538
0.34749
0.35327893
0.3522096
0.35609046
0.36898035
0.29865742
0.32530552
0.34655097
0.33915824
0.3458237
0.3397239
0.34146857
0.34676725
0.34599823
0.36677033
0.34160548
0.36454922
0.3238175
0.3465628
0.33714664
0.35156727
0.3420815
0.3536101
0.3627648
0.32964996
0.35142332
0.37159684
0.3021248
0.32375395
0.31021112
0.33013994
0.34474856
0.33286
0.3475154
0.33908388
0.35080194
0.35193878
0.33829197
0.35732606
0.36195454
0.3511564
0.35163352
0.35882485
0.3686261
0.33273476
0.3412764
0.32534012
0.32575053
0.35835144
0.368521
0.33004677
0.34959418
0.3507466
0.3443337
0.3675424
0.3370128
0.35594016
0.35980955
0.36156347
0.35043946
0.35964006
0.3476815
0.35959804
0.372291
0.33746585
0.34319216
0.3396224
0.37141627
0.3660486
0.34987897
0.37187836
0.36993474
0.37572843
0.3169226
0.33598453
0.3697734
0.35756975
0.35616654
0.3720273
0.3612866
0.37491137
0.36324406
0.36430264
0.3747398
0.36375907
0.37510625
0.37602443
0.34906048
0.34569854
0.3408243
0.3673167
0.37354976
0.33627284
0.33772114
0.3541561
0.36677375
0.350159
0.36020416
0.35818332
0.36285156
0.3708716
0.3679583
0.35141778
0.3583458
0.36625442
0.36720067
0.363577
0.37664676
0.35065612
0.3592888
0.37115005
0.35099784
0.3626334
0.37365082
0.36336318
0.3627739
0.3640077
0.3753044
0.37052637
0.37506643
0.373244
0.37082076
0.37387633
0.371341
0.3617801
0.37315565
0.37303108
0.3724736
0.37411225
0.350287
0.37653872
0.36440426
0.37466222
0.36277193
0.37682948
0.34546012
0.34999067
0.37593704
0.37166795
0.34859055
0.36169624
0.3667363
0.3753788
0.36192685
0.36422643
0.36658973
0.3634188
0.3760518
0.3740577
0.34991458
0.37329918
0.37412778
0.3693944
0.36450297
0.36065933
0.3768465
0.3605905
0.3645619
0.37725368
0.313685
0.33286077
0.32495937
0.3563299
0.34026852
0.35431704
0.36504975
0.34546015
0.35624304
0.35681164
0.3615044
0.37380195
0.34867835
0.35713154
0.34328416
0.37285718
0.34342924
0.33502132
0.3521538
0.36271322
0.35707498
0.35797113
0.34956032
0.3720163
0.36358878
0.3734618
0.35326332
0.3621882
0.37418503
0.3493896
0.35336515
0.36176157
0.34180975
0.36214918
0.36584994
0.3764655
0.35115463
0.37549287
0.35465413
0.33483657
0.36002758
0.37486976
0.3342984
0.33039752
0.34527153
0.35840625
0.343588
0.36767977
0.368543
0.35219502
0.3765311
0.3648209
0.35734105
0.36285427
0.37233445
0.36157075
0.36185592
0.3726342
0.37222755
0.37361652
0.3651888
0.37124497
0.35728502
0.35612524
0.36320493
0.37557745
0.35193047
0.35304916
0.3531893
0.3757165
0.37710562
0.37185463
0.37649626
0.3669598
0.376289
0.3646016
0.37557858
0.37765536
0.34708494
0.3561119
0.36006552
0.36224613
0.37584907
0.35442793
0.3661055
0.36245206
0.3447453
0.37409604
0.35896388
0.37545806
0.35131863
0.37323627
0.35454893
0.3760623
0.36344236
0.37321627
0.37861553
0.35083532
0.36373007
0.3593276
0.3485771
0.35077104
0.37472877
0.36089838
0.36348924
0.36211184
0.37626424
0.35760832
0.37827462
0.34461892
0.34348768
0.3518204
0.36813322
0.3429823
0.36549968
0.37910828
0.28451887
0.3243362
0.32055765
0.35390565
0.33647683
0.34343857
0.35619777
0.35895297
0.34273738
0.37090713
0.3461339
0.35251123
0.36007023
0.3439805
0.36284593
0.35942063
0.36372823
0.36399552
0.36370704
0.36398733
0.362391
0.36440712
0.376402
0.32344773
0.37386832
0.33053368
0.36054516
0.35700583
0.37241524
0.35228407
0.36398053
0.36547282
0.35016787
0.36970335
0.3527159
0.37632734
0.363114
0.37691242
0.37178916
0.36484513
0.3534643
0.3722891
0.3687607
0.36609718
0.36728945
0.37825316
0.33861288
0.36101097
0.3533774
0.35170436
0.37471244
0.3679815
0.3668318
0.36973026
0.38059744
0.34198695
0.33006102
0.34134743
0.34593448
0.3612121
0.37286848
0.34699923
0.3741885
0.36578614
0.36282146
0.3780112
0.36229867
0.3761759
0.3424665
0.36112922
0.36544275
0.3641764
0.37486064
0.35168207
0.35311714
0.36341447
0.3633916
0.37437117
0.3761552
0.3805276
0.37442487
0.3636908
0.37637925
0.37619078
0.37775487
0.3784994
0.3804465
0.35396323
0.3707736
0.36880884
0.37646005
0.38060763
0.35286838
0.37796205
0.38070208
0.36894283
0.3806839
0.3795336
0.3791124
0.36735252
0.3670093
0.37688655
0.38118035
0.29255414
0.32385683
0.33767644
0.35063562
0.34684083
0.3342583
0.36766258
0.34396496
0.35722375
0.36288917
0.3564325
0.36363882
0.3763731
0.30666092
0.3291852
0.34859163
0.3577537
0.36265957
0.36956
0.34940705
0.3612209
0.36378935
0.37400088
0.3420865
0.35082957
0.37301522
0.35907537
0.36379096
0.362562
0.37110513
0.36567327
0.37490803
0.3745815
0.35686374
0.3747348
0.37253052
0.3631209
0.37911707
0.32704878
0.35820174
0.37556225
0.373274
0.37697294
0.37719375
0.36772633
0.3645702
0.36224312
0.37898436
0.3662457
0.36120436
0.36172614
0.37771243
0.37684208
0.37687683
0.36931163
0.38132963
0.32301253
0.3359477
0.34746522
0.35293263
0.33728734
0.3591148
0.3742242
0.36319348
0.36510238
0.36305907
0.37695634
0.34171742
0.35571107
0.3666135
0.3568682
0.36810786
0.38095805
0.36076492
0.3460536
0.35975438
0.3638028
0.36497992
0.37899607
0.34987587
0.36634797
0.35574448
0.36138874
0.3746327
0.3779056
0.36971995
0.3690922
0.37698966
0.35768422
0.38016117
0.37633088
0.37139803
0.37901083
0.36848614
0.3820871
0.35169286
0.3615113
0.3577749
0.36415944
0.35305443
0.36204618
0.3702737
0.36574143
0.35813457
0.35264236
0.36204702
0.36485308
0.37998646
0.3616666
0.36238536
0.3497893
0.36392373
0.35264665
0.37741044
0.37266248
0.37921122
0.3691268
0.36634174
0.37452832
0.3539374
0.3764598
0.37326506
0.37777987
0.3683534
0.35139838
0.37742692
0.3669532
0.36789754
0.38211673
0.33897734
0.3499284
0.3648487
0.36922136
0.36502704
0.377634
0.3554684
0.36096704
0.38079387
0.3663321
0.3648383
0.3774584
0.34996334
0.3656537
0.36752287
0.37441534
0.35788918
0.38154635
0.3822835
0.3487282
0.34066623
0.36859164
0.36110622
0.35250872
0.3737295
0.38455456
0.30746824
0.34082028
0.36135334
0.3072876
0.33764887
0.36366814
0.36159104
0.37339568
0.3720171
0.37171453
0.36377275
0.35930112
0.36943218
0.37930664
0.32464355
0.37037694
0.34556562
0.33591765
0.32410112
0.37886286
0.36162522
0.35874945
0.37232256
0.37368476
0.382461
0.35897794
0.3834241
0.3541432
0.34640276
0.3647287
0.33088636
0.35821858
0.35493383
0.37722543
0.379289
0.3820799
0.36428624
0.38192216
0.36840957
0.37480193
0.36824897
0.37843782
0.3835945
0.38687417
0.3372056
0.36067986
0.37271088
0.33971113
0.35725293
0.38096386
0.37862062
0.37182537
0.35643628
0.3856084
0.35824305
0.36928684
0.3695294
0.36680686
0.3505126
0.37581342
0.3725409
0.38627362
0.3753876
0.38441306
0.3875876
0.35524744
0.38685927
0.38825935
0.3783918
0.37916896
0.37924582
0.36983466
0.3697374
0.38230628
0.3656357
0.35980064
0.3629962
0.37234735
0.38795498
0.36727923
0.36796996
0.37918776
0.3663974
0.38177356
0.38320917
0.37259433
0.3895298
0.32403713
0.3304679
0.32501954
0.34071213
0.33514684
0.37289792
0.31081733
0.31763107
0.32785207
0.32668206
0.3620039
0.3563095
0.3637241
0.3634861
0.35793835
0.36279094
0.35801786
0.3791408
0.35103366
0.36597192
0.37057933
0.3602742
