0.4085663
0.41196814
0.41196814
0.4190364
0.4190364
0.42032754
0.42032754
0.42032754
0.430602
0.47223923
0.6552
0.66357386
0.66357386
0.7126829
0.7126829
0.7126829
0.7126829
0.7126829
0.73259574
0.73259574
0.73259574
0.73259574
0.73259574
0.73259574
0.73259574
0.73259574
0.73259574
0.73259574
0.73259574
0.73259574
0.73259574
0.73259574
0.7372127
0.7372127
0.7372127
0.7372127
0.7420079
0.7420079
0.7420079
0.7420079
0.7420079
0.7420079
0.7420079
0.7420079
0.7420079
0.7420079
0.7420079
0.7420079
0.7420079
0.7420079
0.7420079
0.7420079
0.7420079
0.7420079
0.7420079
0.7420079
0.7420079
0.7420079
0.7420079
0.7420079
0.7420079
0.7420079
0.7420079
0.7420079
0.7420079
0.7420079
0.7420079
0.7420079
0.7420079
0.7420079
0.7420079
0.7420079
0.74211997
0.74211997
0.74211997
0.74211997
0.74211997
0.74211997
0.74211997
0.74211997
0.74211997
0.74211997
0.74211997
0.74211997
0.74211997
0.74211997
0.74211997
0.74211997
0.74211997
0.74211997
0.74211997
0.74211997
0.74211997
0.74211997
0.74211997
0.74211997
0.74211997
0.74211997
0.74211997
0.74211997
0.74211997
0.74211997
0.74211997
0.74211997
0.74211997
0.74211997
0.74211997
0.74211997
0.74211997
0.74211997
0.74211997
0.74211997
0.74211997
0.74211997
0.74211997
0.74211997
0.74211997
0.74211997
0.74211997
0.74211997
0.74211997
0.74211997
0.74211997
0.74211997
0.74211997
0.74211997
0.74211997
0.74211997
0.74211997
0.74211997
0.74211997
0.74211997
0.74211997
0.74211997
0.74211997
0.74211997
0.74211997
0.74211997
0.74211997
0.74211997
0.74211997
0.74211997
0.74211997
0.74211997
0.74211997
0.74211997
0.74211997
0.74211997
0.74211997
0.74211997
0.74211997
0.74211997
0.74211997
0.74211997
0.74211997
0.74211997
0.74211997
0.74211997
0.74211997
0.74211997
0.74211997
0.74211997
0.74211997
0.74211997
0.74211997
0.74211997
0.74211997
0.74211997
0.74211997
0.74211997
0.74211997
0.74211997
0.74211997
0.74211997
0.74211997
0.74211997
0.74211997
0.74211997
0.74211997
0.74211997
0.74211997
0.74211997
0.74211997
0.74211997
0.74211997
0.74211997
0.74211997
0.74211997
0.74211997
0.74211997
0.74211997
0.74211997
0.74211997
0.74211997
0.74211997
0.74211997
0.74211997
0.74211997
0.74211997
0.74211997
0.74211997
0.74211997
0.74211997
0.74211997
0.74211997
0.74211997
0.74211997
0.74211997
0.74211997
0.74211997
0.74211997
0.74211997
0.74211997
0.74211997
0.74211997
0.74294156
0.74294156
0.74294156
0.74294156
0.74294156
0.74294156
0.74294156
0.74294156
0.74294156
0.74294156
0.74294156
0.74294156
0.74294156
0.74294156
0.74294156
0.74294156
0.74294156
0.74294156
0.74294156
0.74294156
0.74294156
0.74294156
0.74294156
0.74294156
0.74294156
0.74294156
0.74294156
0.74294156
0.74294156
0.74294156
0.74294156
0.74294156
0.74294156
0.74294156
0.74294156
0.74294156
0.74294156
0.74294156
0.74294156
0.74294156
0.74294156
0.74294156
0.74294156
0.74294156
0.74294156
0.74294156
0.74294156
0.74294156
0.74294156
0.74294156
0.74294156
0.74294156
0.74294156
0.74294156
0.74294156
0.74294156
0.74294156
0.74294156
0.74294156
0.74294156
0.74294156
0.74294156
0.74294156
0.74294156
0.74294156
0.74294156
0.74294156
0.74294156
0.74294156
0.74294156
0.74294156
0.74294156
0.74294156
0.74294156
0.74294156
0.74294156
0.74294156
0.74294156
0.74294156
0.74294156
0.74294156
0.74294156
0.74294156
0.74294156
0.74294156
0.74294156
0.74294156
0.74294156
0.74294156
0.74294156
0.74294156
0.74294156
0.74294156
0.74294156
0.74294156
0.74294156
0.74294156
0.74294156
0.74294156
0.74294156
0.74294156
0.74294156
0.74294156
0.74294156
0.74294156
0.74294156
0.74294156
0.74294156
0.74294156
0.74294156
0.74294156
0.74294156
0.74294156
0.74294156
0.74294156
0.74294156
0.74294156
0.74294156
0.74294156
0.74294156
0.74294156
0.74294156
0.74294156
0.74294156
0.74294156
0.74294156
0.74294156
0.74294156
0.74294156
0.74294156
0.74294156
0.74294156
0.74294156
0.74294156
0.74294156
0.74294156
0.74294156
0.74294156
0.74294156
0.74294156
0.74294156
0.74294156
0.74294156
0.74294156
0.74294156
0.74294156
0.74294156
0.74294156
0.74294156
0.74294156
0.74294156
0.74294156
0.74294156
0.74294156
0.74294156
0.74294156
0.74294156
0.74294156
0.74294156
0.74294156
0.74294156
0.74294156
0.74294156
0.74294156
0.74294156
0.74294156
0.74294156
0.74294156
0.74294156
0.74294156
0.74294156
0.74294156
0.74294156
0.74294156
0.74294156
0.74294156
0.74294156
0.74294156
0.74294156
0.50823104
0.50823104
0.50823104
0.50823104
0.50823104
0.50823104
0.50823104
0.50823104
0.50823104
0.50823104
0.50823104
0.50823104
0.50823104
0.50823104
0.50823104
0.5097719
0.5097719
0.5097719
0.5097719
0.5405797
0.54535
0.54535
0.54535
0.54535
0.5512065
0.6023029
0.6023029
0.6023029
0.6023029
0.6023029
0.6023029
0.6023029
0.6023029
0.6023029
0.6023029
0.6023029
0.6023029
0.6023029
0.6023029
0.6023029
0.6023029
0.6023029
0.6023029
0.60628474
0.6088092
0.6088092
0.6088092
0.6088092
0.61900556
0.61900556
0.623339
0.623339
0.623339
0.623339
0.623339
0.623339
0.623339
0.623339
0.623339
0.623339
0.623339
0.623339
0.623339
0.623339
0.63522017
0.63522017
0.63522017
0.63522017
0.63522017
0.63522017
0.63522017
0.63522017
0.6364801
0.6364801
0.6364801
0.6364801
0.6364801
0.6364801
0.6364801
0.6364801
0.6364801
0.6364801
0.6440245
0.6440245
0.6440245
0.6503201
0.6503201
0.6503201
0.6503201
0.6503201
0.6503201
0.6503201
0.6503201
0.6503201
0.6503201
0.6503201
0.6503201
0.6503201
0.6503201
0.6503201
0.6503201
0.6503201
0.6503201
0.6503201
0.6578402
0.6578402
0.6578402
