10.979689
0.10979689
0.1796565
0.2510178
0.33176243
0.41217917
0.5155105
0.5934385
0.64090043
0.6679339
0.59704477
0.6415815
0.65368843
0.6686611
0.65230834
0.6876171
0.52156126
0.5965223
0.65035826
0.68251413
0.6558593
0.66480273
0.6740696
0.6845261
0.67583734
0.68686235
0.685029
0.6879131
0.6673224
0.6834528
0.6963841
0.5482296
0.6562186
0.6742259
0.6930412
0.6932811
0.69640803
0.7020648
0.6752418
0.692354
0.6983014
0.7105595
0.65132445
0.6800008
0.697307
0.69301414
0.70280015
0.71305585
0.65898097
0.69005007
0.7039084
0.69847333
0.6965906
0.71331114
0.70878685
0.71582
0.65823364
0.6914891
0.7036792
0.7081131
0.71486974
0.69476783
0.6886476
0.7086326
0.72141176
0.5708262
0.6306545
0.68723816
0.6688128
0.68621314
0.7037124
0.71275324
0.7125159
0.72485244
0.52100307
0.61667496
0.6508541
0.6770977
0.6872096
0.6869687
0.69544894
0.6947547
0.70945174
0.71037656
0.72102165
0.659227
0.69277954
0.7125574
0.72578925
0.6499682
0.68575305
0.7142202
0.69660777
0.7056945
0.7090696
0.72832626
0.6856506
0.70010656
0.71452224
0.7202987
0.69887245
0.716843
0.72283936
0.7274639
0.71767884
0.7232968
0.71935683
0.73581904
0.55681235
0.64801425
0.69063026
0.71466357
0.6710135
0.71944076
0.70653677
0.7207445
0.7216606
0.7152381
0.7284725
0.7238597
0.7343979
0.7304415
0.715359
0.73093414
0.7300297
0.7389104
0.61106986
0.64152473
0.70677537
0.7019142
0.71233666
0.7434136
0.6337787
0.67937064
0.68303126
0.7193969
0.7188018
0.7317824
0.7420013
0.714883
0.7453778
0.7103105
0.7259186
0.74466044
0.7398377
0.74595
0.7425442
0.74883753
0.7126426
0.71475464
0.7237291
0.7489862
0.7381881
0.7428869
0.74682134
0.74380904
0.74506426
0.75609034
0.68421435
0.73019403
0.713287
0.71736044
0.74314034
0.74855095
0.74274236
0.75025976
0.74340004
0.7462983
0.75226814
0.7444469
0.75126207
0.75088876
0.74776983
0.75820565
0.6830172
0.69359267
0.7117501
0.74045503
0.7122846
0.7378865
0.74491966
0.7465608
0.747082
0.75197077
0.7405475
0.7346257
0.734272
0.739387
0.7533841
0.7421583
0.7512407
0.74487424
0.75204515
0.74543047
0.7523548
0.75299263
0.75905347
0.5700904
0.6694775
0.7266236
0.64666003
0.6873085
0.71641153
0.69065523
0.704877
0.7367447
0.67948604
0.729256
0.7100298
0.7249614
0.73628867
0.7433131
0.6924667
0.72433573
0.7285089
0.7220195
0.73854935
0.7328909
0.734897
0.7505428
0.72258735
0.74782866
0.74855185
0.7542081
0.73747724
0.74878967
0.7554005
0.75719345
0.7567432
0.7504066
0.7512673
0.76332396
0.62394595
0.7053994
0.72905266
0.6763507
0.7188792
0.7123386
0.7386415
0.6997559
0.7313396
0.74277335
0.7290549
0.74635285
0.7544427
0.75146383
0.7466873
0.7651905
0.73383856
0.7519065
0.7498291
0.7619455
0.75489306
0.7595477
0.7596801
0.76677966
0.755587
0.7672493
0.7602619
0.7677966
0.59385896
0.6482343
0.69738036
0.7186821
0.63373107
0.6844108
0.7004124
0.7077152
0.7409766
0.6330704
0.70874304
0.7212875
0.7115647
0.73993987
0.6925482
0.74858165
0.7222243
0.7402437
0.73567015
0.7513368
0.74985975
0.7530372
0.7478088
0.7682414
0.5693867
0.6457804
0.7015312
0.6846687
0.7114214
0.7129234
0.7115936
0.72428495
0.63646054
0.69994104
0.71369994
0.72029227
0.7222973
0.7612406
0.71582514
0.71531314
0.75002444
0.7343636
0.7439472
0.7517055
0.75735885
0.7630745
0.7687057
0.6848477
0.72851104
0.72242934
0.7352107
0.75146216
0.75309426
0.75142825
0.7452757
0.76190263
0.76432794
0.7654754
0.76294327
0.76983535
0.581907
0.6923635
0.7160318
0.71927124
0.7173683
0.73931503
0.7116672
0.7531264
0.7412622
0.7241593
0.76237136
0.7503785
0.7512677
0.7640978
0.7659596
0.7641771
0.77089524
0.60184515
0.68339205
0.71956205
0.6884134
0.72901
0.6797508
0.7345425
0.7314906
0.752064
0.7283641
0.73462754
0.74628943
0.7536284
0.7742588
0.5921747
0.6761012
0.719742
0.69944733
0.72455704
0.7365475
0.705999
0.72951424
0.74399894
0.6821257
0.7351759
0.7354648
0.7603863
0.75450003
0.7586147
0.7462712
0.75819635
0.75432444
0.75428224
0.76355696
0.76903856
0.7053509
0.74433273
0.7474821
0.7651266
0.7511705
0.76937956
0.74488974
0.74270487
0.75340384
0.7664538
0.7741264
0.7410518
0.7656595
0.77358866
0.745964
0.77077585
0.77782935
0.7615986
0.7833641
0.77571166
0.783514
0.77725816
0.7653345
0.7843731
0.7765511
0.7917812
0.7871789
0.7876375
0.79145247
0.79202735
0.13525248
0.24878384
0.384538
0.54460156
0.6346394
0.6567704
0.6231394
0.6483683
0.6675925
0.6505986
0.6758291
0.59289145
0.63949686
0.68366975
0.64311594
0.69506663
0.6081589
0.66353357
0.6533949
0.7002211
0.67060167
0.6841145
0.7002144
0.7175361
0.57474256
0.6416652
0.67687017
0.6793109
0.6984724
0.6876844
0.69610673
0.70305383
0.7008237
0.71859694
0.655187
0.69879645
0.6901558
0.71662444
0.7184816
0.7172481
0.72473854
0.6812785
0.7071302
0.72556406
0.7052174
0.71646726
0.7272743
0.64939904
0.700374
0.6970883
0.6993286
0.7116666
0.72559905
0.7095915
0.7190408
0.72743934
0.73288363
0.6072472
0.66610605
0.69214356
0.6980466
0.7281007
0.69973
0.7222367
0.74448305
0.64752364
0.70724833
0.7087557
0.732214
0.72555196
0.7371157
0.73674506
0.74061185
0.7401933
0.75088286
0.46483055
0.6100139
0.65251315
0.70205605
0.7051511
0.73328483
0.63858896
0.6919615
0.7208004
0.69283587
0.71824104
0.72426796
0.73807245
0.69119895
0.7312062
0.7395977
0.7298862
0.74183273
0.7534374
0.62699676
0.71429336
0.7158054
0.717616
0.73522127
0.7459002
