1.2452745
0.124527454
0.16845456
0.24267268
0.33843842
0.28745967
0.37582484
0.4088838
0.45068675
0.47565895
0.49379477
0.54804987
0.54802436
0.591197
0.6060286
0.64735353
0.6908281
0.7088771
0.73379487
0.77422565
0.7952503
0.843558
0.86095506
0.89637184
0.9409707
0.95989144
0.9799321
1.0224984
1.0363139
1.0685599
1.1046362
1.1538336
1.1781615
1.2101021
1.2418778
1.2627034
1.2944639
1.3184459
1.3590872
1.3963084
1.4130888
1.449442
1.4807373
1.5180829
1.5328275
1.5795643
1.6020362
1.6310161
1.6392816
1.6948277
1.7189028
1.7495916
1.7691826
1.8027508
1.8636911
1.8555464
1.8653021
1.9356697
2.0000906
1.9905437
2.032268
2.0531538
2.107535
2.1227968
2.163488
2.2027698
2.2038069
2.2331598
2.2741122
2.3082404
2.3432894
2.373095
2.393704
2.432719
2.4592206
2.4942007
2.534739
2.5853117
2.5944805
2.6089673
2.6518111
2.676294
2.7175198
2.7393172
2.7753577
2.8120008
2.8244858
2.862286
2.9032016
2.9317687
2.9727635
3.008573
3.0264301
3.0651574
3.128839
3.1159186
3.1408894
3.201861
3.242611
3.2632535
3.3186145
0.30748045
