0.21832693
0.21832693
0.21832693
0.3281317
0.3281317
0.3281317
0.3458787
0.3458787
0.3482985
0.3482985
0.3482985
0.3482985
0.3482985
0.3482985
0.3482985
0.3482985
0.3482985
0.3482985
0.3482985
0.3507402
0.3507402
0.3507402
0.3507428
0.35367134
0.35367134
0.35367134
0.35367134
0.35367134
0.35367134
0.35367134
0.35367134
0.35367134
0.35367134
0.35367134
0.35367134
0.35367134
0.35367134
0.35367134
0.35367134
0.35367134
0.35367134
0.35367134
0.35906965
0.35906965
0.35906965
0.35906965
0.35906965
0.35906965
0.35906965
0.35906965
0.35906965
0.35906965
0.35906965
0.35906965
0.35906965
0.35906965
0.35906965
0.35906965
0.35906965
0.35906965
0.36154124
0.36154124
0.36154124
0.36154124
0.36154124
0.36154124
0.36154124
0.36154124
0.36154124
0.36154124
0.36154124
0.36154124
0.36154124
0.36154124
0.36154124
0.36154124
0.36154124
0.36154124
0.36154124
0.36154124
0.36154124
0.36154124
0.36154124
0.36154124
0.36154124
0.36154124
0.36154124
0.36154124
0.36154124
0.36154124
0.36154124
0.36154124
0.36154124
0.36154124
0.36154124
0.36154124
0.36154124
0.36154124
0.36154124
0.36154124
0.36154124
0.36586878
0.36586878
0.36586878
0.36586878
0.36586878
0.36586878
0.36586878
0.36586878
0.36586878
0.36586878
0.36586878
0.36586878
0.36586878
0.36586878
0.36586878
0.36586878
0.36586878
0.36586878
0.36586878
0.36586878
0.36586878
0.36586878
0.36586878
0.36586878
0.36586878
0.3659757
0.3659757
0.3659757
0.3659757
0.3659757
0.3659757
0.3659757
0.3659757
0.3659757
0.3659757
0.3659757
0.3659757
0.3659757
0.3659757
0.3659757
0.3699017
0.3699017
0.3699017
0.3699017
0.3699017
0.3699017
0.3699017
0.3699017
0.3699017
0.3699017
0.3699017
0.3699017
0.3699017
0.3699017
0.3699017
0.3699017
0.3699017
0.3699017
0.3699017
0.3699017
0.3699017
0.3699017
0.3699017
0.3699017
0.3699017
0.3699017
0.3699017
0.3699017
0.3699017
0.3699017
0.3699017
0.3699017
0.3699017
0.3699017
0.3699017
0.3699017
0.3699017
0.3699017
0.3699017
0.3699017
0.3699017
0.3699017
0.3699017
0.3699017
0.3699017
0.3699017
0.3699017
0.3699017
0.3699017
0.3699017
0.3699017
0.3699017
0.3699017
0.3699017
0.3699017
0.3699017
0.3699017
0.3699017
0.3699017
0.3699017
0.3699017
0.3699017
0.3699017
0.3699017
0.3699017
0.3699017
0.3699017
0.3699017
0.3699017
0.3699017
0.3699017
0.3699017
0.3699017
0.3699017
0.3699017
0.3699017
0.36991298
0.36991298
0.36991298
0.36991298
0.36991298
0.36991298
0.36991298
0.36991298
0.36991298
0.36991298
0.36991298
0.36991298
0.36991298
0.36991298
0.36991298
0.36991298
0.36991298
0.36991298
0.36991298
0.36991298
0.36991298
0.36991298
0.36991298
0.36991298
0.36991298
0.36991298
0.36991298
0.36991298
0.36991298
0.36991298
0.36991298
0.36991298
0.36991298
0.36991298
0.36991298
0.36991298
0.36991298
0.370401
0.370401
0.370401
0.370401
0.370401
0.370401
0.370401
0.370401
0.370401
0.370401
0.370401
0.370401
0.370401
0.370401
0.370401
0.370401
0.370401
0.370401
0.370401
0.370401
0.370401
0.370401
0.370401
0.370401
0.370401
0.370401
0.370401
0.370401
0.370401
0.370401
0.3803259
0.39493904
0.39493904
0.39493904
0.39493904
0.39493904
0.39493904
0.39493904
0.39493904
0.39493904
0.39493904
0.39493904
0.39493904
0.39493904
0.39493904
0.39493904
0.39493904
0.39493904
0.39493904
0.39493904
0.39493904
0.39493904
0.39493904
0.39493904
0.39493904
0.39493904
0.39493904
0.39493904
0.39493904
0.39493904
0.39493904
0.39493904
0.39493904
0.39493904
0.39493904
0.39493904
0.39493904
0.39493904
0.39493904
0.39493904
0.39493904
0.39493904
0.39493904
0.39493904
0.39493904
0.39493904
0.39493904
0.39493904
0.39493904
0.39493904
0.39493904
0.39493904
0.39493904
0.39493904
0.39493904
0.39493904
0.39493904
0.39493904
0.39493904
0.39493904
0.39493904
0.39493904
0.39493904
0.39493904
0.39493904
0.39493904
0.39493904
0.39493904
0.39493904
0.39493904
0.39493904
0.39493904
0.39493904
0.39493904
0.39493904
0.39493904
0.39493904
0.39493904
0.39493904
0.39493904
0.39493904
0.39493904
0.39493904
0.39493904
0.39493904
0.39493904
0.39493904
0.39493904
0.39493904
0.39493904
0.39493904
0.39493904
0.39493904
0.39493904
0.39493904
0.39493904
0.39493904
0.39493904
0.39493904
0.39493904
0.39493904
0.39493904
0.39493904
0.39493904
0.39493904
0.39493904
0.39493904
0.39493904
0.39493904
0.39493904
0.39493904
0.39493904
0.39493904
0.39493904
0.39493904
0.39493904
0.39493904
0.39493904
0.39493904
0.39493904
0.39493904
0.39493904
0.39493904
0.39493904
0.39493904
0.39493904
0.39493904
0.39493904
0.39493904
0.39493904
0.39493904
0.39493904
0.39493904
0.39493904
0.39493904
0.39493904
0.39493904
0.39493904
0.39493904
0.39493904
0.39493904
0.39493904
0.39493904
0.39493904
0.39493904
0.39493904
0.39493904
0.39493904
0.39493904
0.39493904
0.39493904
0.39493904
0.39493904
0.39493904
0.39493904
0.39493904
0.39493904
0.39493904
0.39493904
0.39493904
0.39493904
0.39493904
0.39493904
0.39493904
0.39493904
0.39493904
0.39493904
0.39493904
0.39493904
0.39493904
0.39493904
0.39493904
0.39493904
0.39493904
0.39493904
0.39493904
0.39493904
0.39493904
0.39493904
0.39493904
0.39493904
0.39493904
0.39493904
0.39493904
0.39493904
0.39493904
0.39493904
0.39493904
0.39493904
0.39493904
0.39493904
0.39493904
0.39493904
0.39493904
0.39493904
0.39493904
0.39493904
0.39493904
0.39493904
0.39493904
0.39493904
0.39493904
0.39493904
0.39493904
0.39493904
0.39493904
0.39493904
0.39493904
0.39493904
0.39493904
0.39493904
0.39493904
0.39493904
0.39493904
0.39493904
0.39493904
0.39493904
0.39493904
0.39493904
0.39493904
0.40362328
0.40362328
0.40362328
0.40362328
0.40362328
0.40362328
0.40362328
0.40362328
0.40362328
0.40362328
0.40362328
0.40362328
0.40362328
0.40362328
0.40362328
0.40362328
0.40362328
0.40362328
0.40362328
0.40362328
0.40362328
0.40362328
0.40362328
0.40362328
0.40362328
0.40362328
0.40362328
0.40362328
0.40362328
0.40362328
0.40362328
0.40362328
0.40362328
0.40362328
0.40362328
0.40362328
0.40362328
0.40362328
0.40362328
0.40412316
0.40412316
0.40412316
0.40412316
0.40412316
0.40412316
0.40412316
0.40412316
0.40412316
0.40412316
0.40412316
0.40412316
0.40412316
0.40412316
0.40412316
0.40412316
0.40412316
0.40412316
0.40412316
0.40412316
0.40412316
0.40412316
0.40412316
0.40412316
0.40881878
0.40881878
0.40881878
0.40881878
0.40881878
0.40881878
0.40881878
0.40881878
0.40881878
0.40881878
0.40881878
0.40881878
0.40881878
0.40881878
0.40881878
0.40881878
0.40881878
0.40881878
0.40881878
0.40881878
0.40881878
0.40881878
0.40881878
0.40881878
0.40881878
0.40881878
0.40881878
0.40881878
0.40881878
0.40881878
0.40881878
0.40881878
0.40881878
0.40881878
0.40881878
0.40881878
0.40881878
0.40881878
0.40881878
0.40881878
0.40881878
0.40881878
0.40881878
0.40881878
0.40881878
0.40881878
0.40881878
0.40881878
0.40881878
0.40881878
0.40881878
0.40881878
0.40881878
0.40881878
0.40881878
0.40881878
0.40881878
0.40881878
0.40881878
0.40881878
0.40881878
0.40881878
0.40881878
0.40881878
0.40881878
0.40881878
0.40881878
0.40881878
0.40886223
0.40886223
0.40886223
0.40886223
0.40886223
0.40886223
0.40886223
0.40886223
0.40886223
0.40886223
0.40886223
0.40886223
0.40886223
0.40886223
0.40886223
0.40886223
0.40886223
0.40886223
0.40886223
0.40886223
0.40886223
0.40886223
0.40886223
0.40886223
0.40886223
0.40886223
0.40886223
0.40886223
0.40886223
0.40886223
0.40886223
0.40886223
0.40886223
0.40886223
0.40886223
0.40886223
0.40886223
0.40886223
0.40886223
0.40886223
0.40886223
0.40886223
0.40886223
0.40886223
0.40886223
0.40886223
0.40886223
0.40886223
0.40886223
0.40886223
0.40886223
0.40886223
0.40886223
0.40886223
0.41072538
0.41072538
0.41072538
0.41072538
0.41072538
0.41072538
0.41072538
0.41072538
0.41072538
0.41072538
0.41072538
0.41072538
0.41072538
0.41072538
0.41072538
0.41072538
0.41072538
0.41072538
0.41072538
0.41072538
0.41072538
0.41072538
0.41072538
0.41072538
0.41072538
0.41072538
0.41072538
0.41072538
0.41072538
0.41072538
0.41072538
0.41072538
0.41072538
0.41072538
0.41072538
0.41072538
0.41072538
0.41072538
0.41072538
0.41072538
0.41072538
0.41072538
0.411813
0.411813
0.411813
0.411813
0.411813
0.411813
0.411813
0.411813
0.411813
0.411813
0.411813
0.411813
0.411813
0.411813
0.411813
0.411813
0.411813
0.411813
0.411813
0.411813
0.411813
0.411813
0.411813
0.411813
0.411813
0.411813
0.411813
0.411813
0.411813
0.411813
0.411813
0.411813
0.411813
0.411813
0.411813
0.4136917
0.4136917
0.4136917
0.4136917
0.4136917
0.4136917
0.4136917
0.4136917
0.4136917
0.4136917
0.4136917
0.4136917
0.4136917
0.4136917
0.4136917
0.4136917
0.4136917
0.4136917
0.4136917
0.4136917
0.4136917
0.4136917
0.4136917
0.4136917
0.4136917
0.4136917
0.4136917
0.4136917
0.4136917
0.4136917
0.4136917
0.4136917
0.4136917
0.4136917
0.4136917
0.4136917
0.4136917
0.4136917
0.4136917
0.4136917
0.4136917
0.4136917
0.4136917
0.4136917
0.4136917
0.4136917
0.4136917
0.4136917
0.4136917
0.4136917
0.4136917
0.4136917
0.4136917
0.4136917
0.4136917
0.4136917
0.4136917
0.4136917
0.4136917
0.4136917
0.4136917
0.4136917
0.4136917
0.4136917
0.4136917
0.4136917
0.4136917
0.4136917
0.4136917
0.4136917
0.4136917
0.4136917
0.4136917
0.4136917
0.4136917
0.4136917
0.4136917
0.4136917
0.4136917
0.4136917
0.4136917
0.4136917
0.4136917
0.4136917
0.4136917
0.4136917
0.4136917
0.4136917
0.4136917
0.4136917
0.4136917
0.4136917
0.4136917
0.4136917
0.4136917
0.4136917
0.4136917
0.4136917
0.4136917
0.4136917
0.4136917
0.4136917
0.4136917
0.4136917
0.4136917
0.4136917
0.4136917
0.4136917
0.4136917
0.4136917
0.4136917
0.4136917
0.4136917
0.4136917
0.4136917
0.4136917
0.4136917
0.4136917
0.4136917
0.4136917
0.4136917
0.4136917
0.4136917
0.4136917
0.4136917
0.4136917
0.4136917
0.4136917
0.4136917
0.4136917
0.4136917
0.4136917
0.4136917
0.4136917
0.4136917
0.4136917
0.4136917
0.4136917
0.4136917
0.4136917
0.4136917
0.4136917
0.4136917
0.4136917
0.4136917
0.4136917
0.4136917
0.4136917
0.4136917
0.4136917
0.4136917
0.4136917
0.4136917
0.4136917
0.4136917
0.4136917
0.4136917
0.4136917
0.4136917
0.4136917
0.4136917
0.41492894
0.41492894
0.41492894
0.41492894
0.41492894
0.41492894
0.41492894
0.41492894
0.41492894
0.41492894
0.41492894
0.41492894
0.41492894
0.41492894
0.41492894
0.41492894
0.41492894
0.41492894
0.41492894
0.41492894
0.41492894
0.41492894
0.41492894
0.41492894
0.41492894
0.41492894
0.41492894
0.41492894
0.41492894
0.41492894
0.41492894
0.41492894
0.41492894
0.41492894
0.41492894
0.41492894
0.41492894
0.41492894
0.41492894
0.41492894
0.41492894
0.41492894
0.41492894
0.41492894
0.41492894
0.41492894
0.41492894
0.41492894
0.41492894
0.41492894
0.41492894
0.41492894
0.41492894
0.41492894
0.41492894
0.41492894
0.41492894
0.41492894
0.41492894
0.41492894
0.41492894
0.41492894
0.41492894
0.41492894
0.41492894
0.41492894
0.41492894
0.41492894
0.41492894
0.41492894
0.41492894
0.41492894
0.41492894
0.41492894
