0.25823143
0.26148552
0.26148552
0.26148552
0.3157781
0.3157781
0.3157781
0.3157781
0.3157781
0.3157781
0.3157781
0.3157781
0.3157781
0.3157781
0.3157781
0.3157781
0.3157781
0.34537324
0.35693833
0.35693833
0.35693833
0.35693833
0.35693833
0.35693833
0.35693833
0.35693833
0.35693833
0.35693833
0.35693833
0.35693833
0.35693833
0.35693833
0.35693833
0.35693833
0.3793103
0.3793103
0.3793103
0.3793103
0.3793103
0.3793103
0.3793103
0.3793103
0.3793103
0.3793103
0.44694018
0.44694018
0.44694018
0.44694018
0.44694018
0.44694018
0.44694018
0.47297964
0.5058284
0.5058284
0.5058284
0.5058284
0.5058284
0.5058284
0.5156215
0.5156215
0.5156215
0.5156215
0.5156215
0.5156215
0.5156215
0.5156215
0.5156215
0.5156215
0.5483989
0.5483989
0.5483989
0.5483989
0.5483989
0.5483989
0.5483989
0.5483989
0.5483989
0.5483989
0.5483989
0.5483989
0.5483989
0.5483989
0.5483989
0.5483989
0.5483989
0.5483989
0.5483989
0.5483989
0.5483989
0.5483989
0.5483989
0.5483989
0.5483989
0.5483989
0.5483989
0.5483989
0.5483989
0.5483989
0.5483989
0.5483989
0.5762356
0.5762356
0.5762356
0.5762356
0.5762356
0.5762356
0.5762356
0.5762356
0.5762356
0.5762356
0.5762356
0.5762356
0.5762356
0.5762356
0.5762356
0.5762356
0.5762356
0.5762356
0.5762356
0.5762356
0.5762356
0.5762356
0.5762356
0.5762356
0.5762356
0.5762356
0.5762356
0.5762356
0.5762356
0.5762356
0.5762356
0.5762356
0.5762356
0.5762356
0.5762356
0.5762356
0.58617765
0.58617765
0.58617765
0.61934215
0.61934215
0.61934215
0.61934215
0.61934215
0.61934215
0.61934215
0.61934215
0.61934215
0.61934215
0.61934215
0.61934215
0.61934215
0.61934215
0.61934215
0.61934215
0.61934215
0.61934215
0.61934215
0.61934215
0.61934215
0.61934215
0.61934215
0.61934215
0.61934215
0.61934215
0.61934215
0.61934215
0.61934215
0.61934215
0.61934215
0.61934215
0.61934215
0.61934215
0.61934215
0.61934215
0.61934215
0.61934215
0.61934215
0.61934215
0.61934215
0.61934215
0.61934215
0.61934215
0.61934215
0.61934215
0.61934215
0.61934215
0.61934215
0.61934215
0.61934215
0.61934215
0.61934215
0.61934215
0.61934215
0.61934215
0.61934215
0.61934215
0.61934215
0.61934215
0.6388454
0.6388454
0.6388454
0.6388454
0.6388454
0.6388454
0.6388454
0.6388454
0.6388454
0.6388454
0.6388454
0.6388454
0.6388454
0.6388454
0.6388454
0.6388454
0.6388454
0.6388454
0.6388454
0.6388454
0.6388454
0.6388454
0.6388454
0.6388454
0.6388454
0.6388454
0.6388454
0.6388454
0.63931066
0.63931066
0.63931066
0.63931066
0.63931066
0.63931066
0.63931066
0.63931066
0.63931066
0.63931066
0.63931066
0.63931066
0.63931066
0.63931066
0.63931066
0.63931066
0.63931066
0.63931066
0.63931066
0.63931066
0.63931066
0.63931066
0.63931066
0.63931066
0.63931066
0.63931066
0.63931066
0.63931066
0.63931066
0.63931066
0.63931066
0.63931066
0.63931066
0.63931066
0.63931066
0.63931066
0.63931066
0.63931066
0.63931066
0.63931066
0.63931066
0.63931066
0.63931066
0.63931066
0.63931066
0.63931066
0.63931066
0.63931066
0.63931066
0.63931066
0.63931066
0.63931066
0.63931066
0.63931066
0.63931066
0.63931066
0.63931066
0.63931066
0.63931066
0.63931066
0.63931066
0.63931066
0.63931066
0.63931066
0.63931066
0.63931066
0.63931066
0.63931066
0.63931066
0.63931066
0.63931066
0.63931066
0.63931066
0.63931066
0.63931066
0.63931066
0.63931066
0.63931066
0.63931066
0.63931066
0.63931066
0.63931066
0.63931066
0.63931066
0.63931066
0.63931066
0.63931066
0.63931066
0.63931066
0.63931066
0.63931066
0.63931066
0.63931066
0.63931066
0.63931066
0.63931066
0.63931066
0.63931066
0.63931066
0.63931066
0.63931066
0.63931066
0.63931066
0.63931066
0.63931066
0.63931066
0.63931066
0.63931066
0.63931066
0.63931066
0.63931066
0.63931066
0.63931066
0.63931066
0.63931066
0.63931066
0.63931066
0.63931066
0.63931066
0.63931066
0.63931066
0.63931066
0.63931066
0.64357245
0.64357245
0.64357245
0.64357245
0.64357245
0.64357245
0.64357245
0.64357245
0.64357245
0.64357245
0.64357245
0.64357245
0.64357245
0.64357245
0.64357245
0.64357245
0.64357245
0.64357245
0.64357245
0.64357245
0.64357245
0.64357245
0.64357245
0.64357245
0.64357245
0.64357245
0.64357245
0.64357245
0.64357245
0.64357245
0.64357245
0.64357245
0.64357245
0.64357245
0.64357245
0.64357245
0.64357245
0.64357245
0.64357245
0.64357245
0.64357245
0.64357245
0.64357245
0.64357245
0.64357245
0.64357245
0.64357245
0.64357245
0.64357245
0.64357245
0.64357245
0.64357245
0.64357245
0.64357245
0.64357245
0.64357245
0.64357245
0.64357245
0.64357245
0.64357245
0.64357245
0.64357245
0.64357245
0.64357245
0.64357245
0.64357245
0.64357245
0.64357245
0.64357245
0.64357245
0.64357245
0.64357245
0.64357245
0.64357245
0.64357245
0.64357245
0.64357245
0.64357245
0.64357245
0.64357245
0.64357245
0.64357245
0.64357245
0.64357245
0.64357245
0.64357245
0.64357245
0.64357245
0.64357245
0.64357245
0.64357245
0.64357245
0.64357245
0.64357245
0.64357245
0.64357245
0.64357245
0.64357245
0.64357245
0.64357245
0.64357245
0.64357245
0.64357245
0.64357245
0.64357245
0.64357245
0.64357245
0.64357245
0.64357245
0.64357245
0.64357245
0.64357245
0.64357245
0.64357245
0.64357245
0.64357245
0.64357245
0.64357245
0.64357245
0.64357245
0.64357245
0.64357245
0.6465697
0.6465697
0.6465697
0.6465697
0.6465697
0.6465697
0.6465697
0.6465697
0.6465697
0.6465697
0.6465697
0.6465697
0.6465697
0.6465697
0.6465697
0.6465697
0.6465697
0.6465697
0.6465697
0.6465697
0.6465697
0.6465697
0.6465697
0.6465697
0.6465697
0.6465697
0.6465697
0.6465697
0.6465697
0.6465697
0.6465697
0.6465697
0.6465697
0.6465697
0.6465697
0.6465697
0.6465697
0.6465697
0.6465697
0.6465697
0.6465697
0.6465697
0.6465697
0.6465697
0.6465697
0.6465697
0.6465697
0.6465697
0.6465697
0.6465697
0.6465697
0.6465697
0.6465697
0.6465697
0.6465697
0.6465697
0.6465697
0.6465697
0.6465697
0.6465697
0.6465697
0.648168
0.648168
0.648168
0.648168
0.648168
0.648168
0.648168
0.648168
0.648168
0.648168
0.648168
0.648168
0.648168
0.648168
0.648168
0.648168
0.648168
0.648168
0.648168
0.648168
0.648168
0.648168
0.648168
0.648168
0.648168
0.648168
0.648168
0.648168
0.648168
0.648168
0.648168
0.648168
0.648168
0.648168
0.648168
0.648168
0.648168
0.648168
0.648168
0.648168
0.648168
0.648168
0.648168
0.648168
0.648168
0.648168
0.648168
0.648168
0.648168
0.648168
0.648168
0.648168
0.648168
0.648168
0.648168
0.648168
0.648168
0.648168
0.648168
0.648168
0.648168
0.648168
0.648168
0.648168
0.648168
0.648168
0.648168
0.648168
0.648168
0.648168
0.648168
0.648168
0.648168
0.648168
0.648168
0.648168
0.648168
0.648168
0.648168
0.648168
0.648168
0.648168
0.648168
0.648168
0.648168
0.648168
0.648168
0.6484795
0.6484795
0.6484795
0.649619
0.649619
0.649619
0.649619
0.649619
0.649619
0.649619
0.649619
0.649619
0.649619
0.649619
0.649619
0.649619
0.649619
0.649619
0.649619
0.649619
0.649619
0.649619
0.649619
0.649619
0.649619
0.649619
0.649619
0.649619
0.65336925
0.65336925
0.65336925
0.65336925
0.65336925
0.65336925
0.65336925
0.65336925
0.65336925
0.65336925
0.65336925
0.65336925
0.65336925
0.65336925
0.65336925
0.65336925
0.65336925
0.65336925
0.65336925
0.65336925
0.65336925
0.65336925
0.65336925
0.65336925
0.65336925
0.65336925
0.65336925
0.65336925
0.65336925
0.65336925
0.65336925
0.65336925
0.65336925
0.65336925
0.65336925
0.65336925
0.65336925
0.65336925
0.65336925
0.65336925
0.65336925
0.65336925
0.65336925
0.65336925
0.65336925
0.65336925
0.65336925
0.65336925
0.65336925
0.65336925
0.65336925
0.65336925
0.65336925
0.65336925
0.65336925
0.65336925
0.65336925
0.65336925
0.65336925
0.65336925
0.65336925
0.65336925
0.65336925
0.65336925
0.65336925
0.65336925
0.65336925
0.65336925
0.65336925
0.65336925
0.65336925
0.65336925
0.65336925
0.65336925
0.65336925
0.65336925
0.65337044
0.65337044
0.65337044
0.65337044
0.65337044
0.65337044
0.65337044
0.65337044
0.65337044
0.65337044
0.65337044
0.65337044
0.65337044
0.65337044
0.65337044
0.65337044
0.65337044
0.65337044
0.65337044
0.65337044
0.65337044
0.65337044
0.65337044
0.65337044
0.65337044
0.65337044
0.65337044
0.65337044
0.65337044
0.6549101
0.6549101
0.6549101
0.6549101
0.6549101
0.6549101
0.6549101
0.6549101
0.6549101
0.6549101
0.6549101
0.6549101
0.6549101
0.6549101
0.6549101
0.6549101
0.6549101
0.6549101
0.65510684
0.65510684
0.65510684
0.65510684
0.65510684
0.65510684
0.65510684
0.65510684
0.65510684
0.65510684
0.65510684
0.65510684
0.65510684
0.65510684
0.65510684
0.65510684
0.65510684
0.65510684
0.65510684
0.65510684
0.65510684
0.65510684
0.65510684
0.65510684
0.65510684
0.65510684
0.65510684
0.65510684
0.65510684
0.65510684
0.65510684
0.65510684
0.65510684
0.65510684
0.65510684
0.65510684
0.65510684
0.65510684
0.65510684
0.65510684
0.65510684
0.65510684
0.65510684
0.65510684
0.65510684
0.65510684
0.65510684
0.65510684
0.65510684
0.65510684
0.65510684
0.65510684
0.65510684
0.65510684
0.65510684
0.65510684
0.65510684
0.65510684
0.65510684
0.65510684
0.65510684
0.65510684
0.65510684
0.65510684
0.65510684
0.65510684
0.65510684
0.65510684
0.65510684
0.65510684
0.65510684
0.65510684
0.65510684
0.65510684
0.65510684
0.65510684
0.65510684
0.65510684
0.65510684
0.65510684
0.65510684
0.65510684
0.65510684
0.65510684
0.65510684
0.65510684
0.65510684
0.65510684
0.65510684
0.65510684
0.65510684
0.65510684
0.65510684
0.65510684
0.65510684
0.65510684
0.65510684
0.65510684
0.65510684
0.65510684
0.6569444
0.6569444
0.6569444
0.6569444
0.6569444
0.6569444
0.6569444
0.6569444
0.6569444
0.6569444
0.6569444
0.6569444
0.6569444
0.6569444
0.6569444
0.6569444
0.6569444
0.6569444
0.6569444
0.6569444
0.6569444
0.6569444
0.6569444
0.6569444
0.6569444
0.6569444
0.6569444
0.6569444
0.6569444
0.6569444
0.6569444
0.6569444
0.6569444
0.6569444
0.6569444
0.6569444
0.6569444
0.6569444
0.6569444
0.6569444
0.6569444
0.6569444
0.6569444
0.6569444
0.6569444
0.6569444
0.6569444
0.6569444
0.6569444
0.6569444
0.6569444
0.6569444
0.6569444
0.6569444
0.6569444
0.6569444
0.6569444
0.6569444
0.6569444
0.6569444
0.6569444
0.6569444
0.6569444
0.6569444
0.6569444
0.6569444
0.6569444
0.6569444
0.6569444
0.6569444
0.6569444
0.6569444
0.6569444
0.6569444
0.6569444
0.6569444
0.6569444
0.6569444
0.6569444
0.6569444
0.6569444
0.6569444
0.6569444
0.6569444
0.6569444
0.6569444
0.6618481
0.6618481
0.6618481
0.6618481
0.6618481
0.6618481
0.6618481
0.6618481
0.6618481
0.6618481
0.6618481
0.6618481
0.6618481
0.6618481
0.6618481
0.6618481
0.6618481
0.6618481
0.6618481
0.6618481
0.6618481
0.6618481
0.6618481
0.6618481
0.6618481
0.6618481
0.6618481
0.6618481
0.6618481
0.6618481
0.6618481
0.6618481
0.6618481
0.6618481
0.6618481
0.6618481
0.6618481
0.6618481
0.6618481
0.6618481
0.6618481
0.6618481
0.6618481
0.6618481
