0.7323218
0.07323218
0.09755476
0.101740494
0.0984849
0.113083005
0.12078345
0.12671787
0.12781443
0.137279
0.14251426
0.15929346
0.16520606
0.15307811
0.15853147
0.16959062
0.16980606
0.14411986
0.15162376
0.1780362
0.214293
0.24320808
0.24021229
0.23981002
0.25419933
0.25615773
0.2497566
0.24370214
0.24197802
0.252788
0.25586215
0.25331149
0.25519103
0.24233794
0.2567461
0.24828458
0.26965588
0.25739256
0.31582093
0.32414156
0.3521766
0.33073202
0.3458193
0.3490006
0.3526253
0.32691526
0.32798013
0.34961423
0.33277753
0.3529279
0.34065375
0.35122138
0.35003576
0.3503914
0.35379428
0.32376972
0.32006735
0.32940525
0.35360852
0.3522355
0.3531662
0.35548782
0.34948653
0.35217473
0.35614783
0.30536488
0.33330315
0.3565515
0.34862223
0.30985063
0.35629922
0.353589
0.35677284
0.35275915
0.35707635
0.2978169
0.3137384
0.32187897
0.33134085
0.3561832
0.33296323
0.3534245
0.35631937
0.34596342
0.3330149
0.3559562
0.35896063
0.34248394
0.3077696
0.34052864
0.35517958
0.3605619
0.31101266
0.35351032
0.3706497
0.36464858
0.37094787
0.36422092
0.36759156
0.3688435
0.37286508
0.32068214
0.36491996
0.34441715
0.3717366
0.33898196
0.34674245
0.37400013
0.36546525
0.36997932
0.3591207
0.37378114
0.34259766
0.37251958
0.3742862
0.35785046
0.3408438
0.3539755
0.36639747
0.3762153
0.35741094
0.37058896
0.37775686
0.3486098
0.37180552
0.35813355
0.37441263
0.31674513
0.37771696
0.35189205
0.3744797
0.3714016
0.37539178
0.36879966
0.3766256
0.37251127
0.37759668
0.3536471
0.34888816
0.37227103
0.37439212
0.37471542
0.37805924
0.36286187
0.35386494
0.34510633
0.35354763
0.377854
0.34876448
0.33749795
0.3460695
0.3466208
0.37564126
0.3497954
0.3788167
0.37068352
0.36992013
0.37371194
0.35991237
0.37065223
0.37839836
0.3664716
0.3686571
0.35166925
0.3794388
0.3698987
0.35526618
0.379443
0.35625088
0.37239614
0.32634154
0.3562793
0.3818454
0.3595001
0.39090255
0.4021202
0.38029778
0.40080008
0.35150874
0.4026429
0.40487877
0.38778147
0.34906954
0.36514926
0.3954696
0.40311638
0.3781718
0.3967229
0.39921373
0.40524465
0.3847193
0.36547726
0.40241775
0.40118146
0.3753402
0.40535313
0.3960592
0.3958458
0.3770355
0.40581602
0.4047094
0.3998738
0.38211197
0.40034312
0.40552777
0.40048283
0.40508017
0.4061244
0.38857156
0.39735907
0.3772138
0.405073
0.4002748
0.40543908
0.40626574
0.4028036
0.4057978
0.3997171
0.37541565
0.40619478
0.38092297
0.39769047
0.40287715
0.40610313
0.3998513
0.40529794
0.40627378
0.37303948
0.399651
0.40598115
0.40627402
0.3852672
0.39583486
0.39795023
0.40041137
0.39048558
0.40158644
0.40588284
0.3819374
0.39741254
0.4032217
0.39183646
0.40486154
0.37728497
0.38479543
0.40658388
0.35310918
0.37317467
0.38170534
0.39970174
0.38954726
0.4003244
0.4063344
0.39803752
0.40731448
0.3966946
0.40166068
0.40524307
0.40784496
0.38267848
0.40513086
0.3917272
0.40038833
0.40365058
0.40400553
0.40211806
0.40774375
0.3699041
0.40890002
0.33322963
0.39764997
0.393228
0.3882976
0.4060928
0.40883255
0.37742007
0.3801786
0.40760845
0.40243068
0.4121399
0.36872822
0.40907437
0.36468163
0.34014183
0.3924721
0.40661064
0.4056014
0.39339918
0.41049567
0.3863259
0.40588704
0.39059755
0.41375232
0.38931596
0.4144451
0.39356357
0.38797864
0.4144543
0.41548973
0.3558316
0.40657455
0.39977193
0.38900226
0.4127167
0.40283084
0.4082683
0.41341606
0.41504365
0.39970815
0.40652728
0.4143375
0.39812547
0.4150024
0.38291293
0.39425668
0.4092053
0.41430798
0.40836865
0.41546893
0.4097069
0.41333228
0.41549596
0.37195086
0.3720222
0.3759888
0.39864805
0.38311633
0.38256592
0.3798392
0.40085393
0.35002232
0.40786862
0.4009006
0.41231304
0.36224517
0.38991958
0.35329896
0.40380144
0.38278902
0.40338984
0.40858442
0.4052302
0.40697485
0.40476388
0.412831
0.41496187
0.38036388
0.4130041
0.40200233
0.41543278
0.40717712
0.40019375
0.41398573
0.38400438
0.41215926
0.41171345
0.41452113
0.4155611
0.28948784
0.37980014
0.36060888
0.3958438
0.39412683
0.34503692
0.40461415
0.40632004
0.34543493
0.3771502
0.3776785
0.40999705
0.40565532
0.3806954
0.40915817
0.41188782
0.32548374
0.39134073
0.40865344
0.37990025
0.4036553
0.4134304
0.41105133
0.40160125
0.40768474
0.40866822
0.4071483
0.41230363
0.36625758
0.38031322
0.41435558
0.39144072
0.4149279
0.39728338
0.41423815
0.4128914
0.4083125
0.41526565
0.39449912
0.38008696
0.38126105
0.3787666
0.40257797
0.35086602
0.38841352
0.3929272
0.41461748
0.40564466
0.41570958
0.4016525
0.38662767
0.38370007
0.41386643
0.3820636
0.41392606
0.41381183
0.41587383
0.35775334
0.39614648
0.3949101
0.3775315
0.40540534
0.37415355
0.3993972
0.38954967
0.41263404
0.41383067
0.40696877
0.41508517
0.41665983
0.4050877
0.41067904
0.4066395
0.40046817
0.4157248
0.38975048
0.4053449
0.41630214
0.41587162
0.4165379
0.40917245
0.40766874
0.41447204
0.41086277
0.41563034
0.41582948
0.40738884
0.41442227
0.408357
0.4169603
0.37644416
0.39755633
0.39882073
0.40888396
0.41158113
0.406276
0.39216
0.40717214
0.4157018
0.35481983
0.4031628
0.39100146
0.39098638
0.39098638
0.41493696
0.41563192
0.39310035
0.41646948
0.408058
0.41648895
0.412714
0.41438708
0.416004
0.4102654
0.41650623
0.41700897
0.39764962
0.41628537
0.4117948
0.41200748
0.41132393
0.39215165
0.38983172
0.41610974
0.40702146
0.41634288
0.36987585
0.4139139
0.3511762
0.39972383
0.3856252
0.41078585
0.41642436
0.41521102
0.41294798
0.40177736
0.41709414
0.37415755
0.40928394
0.41390276
0.4158399
0.4114893
0.41300672
0.3896512
0.41687995
0.4169332
0.4171361
0.4106514
0.41646236
0.41691017
0.41646057
0.4163862
0.41646236
0.41636682
0.41710758
0.41609842
0.41691938
0.41301447
0.4175504
0.36249235
0.3506111
0.39668185
0.4010687
0.40643635
0.36211848
0.38644636
0.40085196
0.41406608
0.40449786
0.38654763
0.3931172
0.3914237
0.4089539
0.41367316
0.38551491
0.39325207
0.4176337
0.35431534
0.41387415
0.41910887
0.3879313
0.41912904
0.41174227
0.41231737
0.4133299
0.4192981
0.40898448
0.41950685
0.37910032
0.4081872
0.3924432
0.4166347
0.4094016
0.41881055
0.42001414
0.38823912
0.36188975
0.40630874
0.3868076
0.38901824
0.39443922
0.41282296
0.41331023
0.39190266
0.4184796
0.41270024
0.41261968
0.4191915
0.3887621
0.3981541
0.39440003
0.41878396
0.4098014
0.40647307
0.4034919
0.38890865
0.3961121
0.41653338
0.41180968
0.41178098
0.3863566
0.39538494
0.4176115
0.41563836
0.41638055
0.41130129
0.41368285
0.42007113
0.41803306
0.4192359
0.4201816
0.40884084
0.3946963
0.41863012
0.41672158
0.41898584
0.3990869
0.42017993
0.40928277
0.39204484
0.4078056
0.41074833
0.39406914
0.41789213
0.40211472
0.3937479
0.4150362
0.41797107
0.38695768
0.41473588
0.37240762
0.4188378
0.41369653
0.418365
0.3954088
0.4151759
0.41984183
0.39704058
0.4047669
0.4189101
0.4112688
0.4140238
0.41882005
0.4090578
0.4185384
0.41977882
0.41016906
0.41205058
0.4194363
0.41375566
0.4142372
0.4202388
0.41339645
0.3910988
0.41695204
0.39260936
0.41185004
0.41834646
0.418959
0.38013235
0.4100228
0.4019146
0.39465174
0.41713563
0.4191579
0.38541952
0.4108149
0.38709816
0.41976875
0.4022408
0.418919
0.3932076
0.4067889
0.41152495
0.41413054
0.41930622
0.41430563
0.41413555
0.42027372
0.37157267
0.41674042
0.4118885
0.41937917
0.41505295
0.38793093
0.39036575
0.41408753
0.4195169
0.42023253
0.40360337
0.40784773
0.41661096
0.39514405
0.41562182
0.3870725
0.40446153
0.41981214
0.37143174
0.40519208
0.41153032
0.41737676
0.40494448
0.41675216
0.42026272
0.3889404
0.35031134
0.410623
0.41450182
0.41382533
0.41875482
0.41291875
0.41814056
0.3936635
0.4136672
0.4201146
0.41193265
0.4168478
0.4157133
0.41388994
0.41415215
0.3921204
0.4199376
0.4196989
0.41955382
0.420187
0.4120322
0.41632575
0.38954848
0.41953126
0.41952333
0.41325098
0.4180076
0.4203054
0.3958361
0.41268572
0.41989246
0.40975064
0.41876498
0.4195096
0.41993293
0.41931266
0.41922402
0.42014328
0.41232914
0.4190835
0.40957737
0.41662103
0.40560597
0.41748208
0.42026013
0.41278148
0.41567463
0.41994888
0.41672316
0.41102758
0.4202953
0.41597408
0.41447097
0.4200943
0.41913122
0.40455332
0.41513243
0.41824228
0.40561444
0.42001504
0.411137
0.4203163
0.40594286
0.415986
0.40986156
0.4098486
0.4197568
0.4154901
0.41971368
0.4157524
0.37218434
0.40921694
0.39043915
0.41876277
0.4101677
0.4149168
0.4203334
0.38099673
0.4125061
0.404179
0.41891536
0.40233916
0.39369935
0.41578555
0.4188251
0.4133149
0.39253023
0.39575273
0.41681266
0.40701947
0.41346526
0.39238065
0.41930723
0.4136911
0.41863814
0.41693002
0.41301742
0.3938061
0.3954423
0.41750607
0.4202919
0.38383046
0.3889653
0.4173132
0.4170538
0.36689872
0.39820224
0.41450286
0.418718
0.42002407
0.38825715
0.41922683
0.4197772
0.41265798
0.41787547
0.42036206
0.38843518
0.41637856
0.38353187
0.41908735
0.4117663
0.41885227
0.41786805
0.41587225
0.3960262
0.4203232
0.41088897
0.39186028
0.3945024
0.4153902
0.41541237
0.41332188
0.40816602
0.4194482
0.39644152
0.41931897
0.40271783
0.4136067
0.4203844
0.4132595
0.41536036
0.41758123
0.4119957
0.39645392
0.41459137
0.41520128
0.4189579
0.42040864
0.41038814
0.39692488
0.4138794
0.39464095
0.4196179
0.4188699
0.41669822
0.4204381
0.4204381
0.4204381
0.4204381
0.4204381
0.4204381
0.4204381
0.4204381
0.4204381
0.4204381
0.4204381
0.4204381
0.4204381
0.4204381
0.4204381
0.4204381
0.4204381
0.4204381
0.4204381
0.4204381
0.4204381
0.4204381
0.4204381
0.4204381
0.4204381
0.4204381
0.4204381
0.4204381
0.4204381
0.4204381
0.4204381
0.4204381
0.4204381
0.4204381
0.4204381
0.4204381
0.4204381
0.4204381
0.4204381
0.4204381
0.4204381
0.4204381
0.4204381
0.4204381
0.4204381
0.4204381
0.4204381
0.4204381
0.4204381
0.4204381
0.4204381
0.4204381
0.4204381
0.4204381
0.4204381
0.4204381
0.4204381
0.4204381
0.4204381
0.4204381
0.4204381
0.4204381
0.4204381
0.4204381
0.4204381
0.4204381
0.4204381
0.4204381
0.4204381
0.4204381
0.4204381
0.4204381
0.4204381
0.4204381
0.4204381
0.4204381
0.4204381
0.4204381
0.4204381
0.4204381
0.4204381
0.4204381
0.4204381
0.4204381
0.4204381
0.4204381
0.4204381
0.4204381
0.4204381
0.4204381
0.4204381
0.4204381
0.4204381
0.4204381
0.4204381
0.4204381
0.4204381
0.4204381
0.4204381
0.4204381
0.4204381
0.4204381
0.4204381
0.4204381
0.4204381
0.4204381
0.4204381
0.4204381
0.4204381
0.4204381
0.4204381
0.4204381
0.4204381
0.4204381
0.4204381
0.4204381
0.4204381
0.4204381
0.4204381
0.4204381
0.4204381
0.4204381
0.4204381
0.4204381
0.4204381
0.4204381
0.4204381
0.4204381
0.4204381
0.4204381
0.4204381
0.4204381
0.4204381
0.4204381
0.4204381
0.4204381
0.4204381
0.4204381
0.4204381
0.4204381
0.4204381
0.4204381
0.4204381
0.4204381
0.4204381
0.4204381
0.4204381
0.4204381
0.4204381
0.4204381
0.4204381
0.4204381
0.4204381
0.4204381
0.4204381
0.4204381
0.4204381
0.4204381
0.4204381
0.4204381
0.4204381
0.4204381
0.4204381
0.4204381
0.4204381
0.4204381
0.4204381
0.4204381
0.4204381
0.4204381
0.4204381
0.4204381
0.4204381
0.4204381
0.4204381
0.4204381
0.4204381
0.4204381
0.4204381
0.4204381
0.4204381
0.4204381
0.4204381
0.4204381
0.4204381
0.4204381
0.4204381
0.4204381
0.4204381
0.4204381
0.4204381
0.4204381
0.4204381
0.4204381
0.4204381
0.4204381
0.4204381
0.4204381
0.4204381
0.4204381
0.4204381
0.4204381
0.4204381
0.4204381
0.4204381
0.4204381
0.4204381
0.4204381
0.4204381
0.4204381
0.4204381
0.4204381
0.4204381
0.4204381
0.4204381
0.4204381
0.4204381
0.4204381
0.4204381
0.4204381
0.4204381
0.4204381
0.4204381
0.4204381
0.4204381
0.4204381
0.4204381
0.4204381
0.4204381
0.4204381
0.4204381
0.4204381
0.4204381
0.4204381
0.4204381
0.4204381
0.4204381
0.4204381
0.4204381
0.4204381
0.4204381
0.4204381
0.4204381
0.4204381
0.4204381
0.4204381
0.4204381
0.4204381
0.4204381
0.4204381
0.4204381
0.4204381
0.4204381
0.4204381
0.4204381
0.4204381
0.4204381
0.4204381
0.4204381
0.4204381
0.4204381
0.4204381
0.4204381
0.4204381
0.4204381
0.4204381
0.4204381
0.4204381
0.4204381
0.4204381
0.4204381
0.4204381
0.4204381
0.4204381
0.4204381
0.4204381
0.4204381
0.4204381
0.4204381
0.4204381
0.4204381
0.4204381
0.4204381
0.4204381
0.4204381
0.4204381
0.4204381
0.4204381
0.4204381
0.4204381
0.4204381
0.4204381
0.4204381
0.4204381
0.4204381
0.4204381
0.4204381
0.4204381
0.4204381
0.4204381
0.4204381
0.4204381
0.4204381
0.4204381
0.4204381
0.4204381
0.4204381
0.4204381
0.4204381
0.4204381
0.4204381
0.4204381
0.4204381
0.4204381
0.4204381
0.4204381
0.4204381
0.4204381
0.4204381
0.4204381
0.4204381
0.4204381
0.4204381
0.4204381
0.4204381
0.4204381
0.4204381
0.4204381
0.4204381
0.4204381
0.4204381
0.4204381
0.4204381
0.4204381
0.4204381
0.4204381
0.4204381
0.4204381
0.4204381
0.4204381
0.4204381
0.4204381
0.4204381
0.4204381
0.4204381
0.4204381
0.4204381
0.4204381
0.4204381
0.4204381
0.4204381
0.4204381
0.4204381
0.4204381
0.4204381
0.4204381
0.4204381
0.4204381
0.4204381
0.4204381
0.4204381
0.4204381
0.4204381
0.4204381
0.4204381
0.4204381
0.4204381
0.4204381
0.4204381
0.4204381
0.4204381
0.4204381
0.4204381
0.4204381
0.4204381
0.4204381
0.4204381
0.4204381
0.4204381
0.4204381
0.4204381
0.4204381
0.4204381
0.4204381
0.4204381
0.4204381
0.4204381
0.4204381
0.4204381
0.4204381
0.4204381
0.4204381
0.4204381
0.4204381
0.4204381
0.4204381
0.4204381
0.4204381
0.4204381
0.4204381
0.4204381
0.4204381
0.4204381
0.4204381
0.4204381
0.4204381
0.4204381
0.4204381
0.4204381
0.4204381
0.4204381
0.4204381
0.4204381
0.4204381
0.4204381
0.4204381
0.4204381
0.4204381
0.4204381
0.4204381
0.4204381
0.4204381
0.4204381
0.4204381
0.4204381
0.4204381
0.4204381
0.4204381
0.4204381
0.4204381
0.4204381
0.4204381
0.4204381
0.4204381
0.4204381
0.4204381
0.4204381
0.4204381
0.4204381
0.4204381
0.4204381
0.4204381
0.4204381
0.4204381
0.4204381
0.4204381
0.4204381
0.4204381
0.4204381
0.4204381
0.4204381
0.4204381
0.4204381
0.4204381
0.4204381
0.4204381
0.4204381
0.4204381
0.4204381
0.4204381
0.4204381
0.4204381
0.4204381
0.4204381
0.4204381
0.4204381
0.4204381
0.4204381
0.4204381
0.4204381
0.4204381
0.4204381
0.4204381
0.4204381
0.4204381
0.4204381
0.4204381
0.4204381
0.4204381
0.4204381
0.4204381
0.4204381
0.4204381
0.4204381
0.4204381
0.4204381
0.4204381
0.4204381
0.4204381
0.4204381
0.4204381
0.4204381
0.4204381
0.4204381
0.4204381
0.4204381
0.4204381
0.4204381
0.4204381
0.4204381
0.4204381
0.4204381
0.4204381
0.4204381
0.4204381
0.4204381
0.4204381
0.4204381
0.4204381
0.4204381
0.4204381
0.4204381
0.4204381
0.4204381
0.4204381
0.4204381
0.4204381
0.4204381
0.4204381
0.4204381
0.4204381
0.4204381
0.4204381
0.4204381
0.4204381
0.4204381
0.4204381
0.4204381
0.4204381
0.4204381
0.4204381
0.4204381
0.4204381
0.4204381
0.4204381
0.4204381
0.4204381
0.4204381
0.4204381
0.4204381
0.4204381
0.4204381
0.4204381
0.4204381
0.4204381
0.4204381
0.4204381
0.4204381
0.4204381
0.4204381
0.4204381
0.4204381
0.4204381
0.4204381
0.4204381
0.4204381
0.4204381
0.4204381
0.4204381
0.4204381
0.4204381
0.4204381
0.4204381
0.4204381
0.4204381
0.4204381
0.4204381
0.4204381
0.4204381
0.4204381
0.4204381
0.4204381
0.4204381
0.4204381
0.4204381
0.4204381
0.4204381
0.4204381
0.4204381
0.4204381
0.4204381
0.4204381
0.4204381
0.4204381
0.4204381
0.4204381
0.4204381
0.4204381
0.4204381
0.4204381
0.4204381
0.4204381
0.4204381
0.4204381
0.4204381
0.4204381
0.4204381
0.4204381
0.4204381
0.4204381
0.4204381
0.4204381
0.4204381
0.4204381
0.4204381
0.4204381
0.4204381
0.4204381
0.4204381
0.4204381
0.4204381
0.4204381
0.4204381
0.4204381
0.4204381
0.4204381
0.4204381
0.4204381
0.4204381
0.4204381
0.4204381
0.4204381
0.4204381
0.4204381
0.4204381
0.4204381
0.4204381
0.4204381
0.4204381
0.4204381
0.4204381
0.4204381
0.4204381
0.4204381
0.4204381
0.4204381
0.4204381
0.4204381
0.4204381
0.4204381
0.4204381
0.4204381
0.4204381
0.4204381
0.4204381
0.4204381
0.4204381
0.4204381
0.4204381
0.4204381
0.4204381
0.4204381
0.4204381
0.4204381
0.4204381
0.4204381
0.4204381
0.4204381
0.4204381
0.4204381
0.4204381
0.4204381
0.4204381
0.4204381
0.4204381
0.4204381
0.4204381
0.4204381
0.4204381
0.4204381
0.4204381
0.4204381
0.4204381
0.4204381
0.4204381
0.4204381
0.4204381
0.4204381
0.4204381
0.4204381
0.4204381
0.4204381
0.4204381
0.4204381
0.4204381
0.4204381
0.4204381
0.4204381
0.4204381
0.4204381
0.4204381
0.4204381
0.4204381
0.4204381
0.4204381
0.4204381
0.4204381
0.4204381
0.4204381
0.4204381
0.4204381
0.4204381
0.4204381
0.4204381
0.4204381
0.4204381
0.4204381
0.4204381
0.4204381
0.4204381
0.4204381
0.4204381
0.4204381
0.4204381
0.4204381
0.4204381
0.4204381
0.4204381
0.4204381
0.4204381
0.4204381
0.4204381
0.4204381
0.4204381
0.4204381
0.4204381
0.4204381
0.4204381
0.4204381
0.4204381
0.4204381
0.4204381
0.4204381
0.4204381
0.4204381
0.4204381
0.4204381
0.4204381
0.4204381
0.4204381
0.4204381
0.4204381
0.4204381
0.4204381
0.4204381
0.4204381
0.4204381
0.4204381
0.4204381
0.4204381
0.4204381
0.4204381
0.4204381
0.4204381
0.4204381
0.4204381
0.4204381
0.4204381
0.4204381
0.4204381
0.4204381
0.4204381
0.4204381
0.4204381
0.4204381
0.4204381
0.4204381
0.4204381
0.4204381
0.4204381
0.4204381
0.4204381
0.4204381
0.4204381
0.4204381
0.4204381
0.4204381
0.4204381
0.4204381
0.4204381
0.4204381
0.4204381
0.4204381
0.4204381
0.4204381
0.4204381
0.4204381
0.4204381
0.4204381
0.4204381
0.4204381
0.4204381
0.4204381
0.4204381
0.4204381
0.4204381
0.4204381
0.4204381
0.4204381
0.4204381
0.4204381
0.4204381
0.4204381
0.4204381
0.4204381
0.4204381
0.4204381
0.4204381
0.4204381
0.4204381
0.4204381
0.4204381
0.4204381
0.4204381
0.4204381
0.4204381
0.4204381
0.4204381
0.4204381
0.4204381
0.4204381
0.4204381
0.4204381
0.4204381
0.4204381
0.4204381
0.4204381
0.4204381
0.4204381
0.4204381
0.4204381
0.4204381
0.4204381
0.4204381
0.4204381
0.4204381
0.4204381
0.4204381
0.4204381
0.4204381
0.4204381
0.4204381
0.4204381
0.4204381
0.4204381
0.4204381
0.4204381
0.4204381
0.4204381
0.4204381
0.4204381
0.4204381
0.4204381
0.4204381
0.4204381
0.4204381
0.4204381
0.4204381
0.4204381
0.4204381
0.4204381
0.4204381
0.4204381
0.4204381
0.4204381
0.4204381
0.4204381
0.4204381
0.4204381
0.4204381
0.4204381
0.4204381
0.4204381
0.4204381
0.4204381
0.4204381
0.4204381
0.4204381
0.4204381
0.4204381
0.4204381
0.4204381
0.4204381
0.4204381
0.4204381
0.4204381
0.4204381
0.4204381
0.4204381
0.4204381
0.4204381
0.4204381
0.4204381
0.4204381
0.4204381
0.4204381
0.4204381
0.4204381
0.4204381
0.4204381
0.4204381
0.4204381
0.4204381
0.4204381
0.4204381
0.4204381
0.4204381
0.4204381
0.4204381
0.4204381
0.4204381
0.4204381
0.4204381
0.4204381
0.4204381
0.4204381
0.4204381
0.4204381
0.4204381
0.4204381
0.4204381
0.4204381
0.4204381
0.4204381
0.4204381
0.4204381
0.4204381
0.4204381
0.4204381
0.4204381
0.4204381
0.4204381
0.4204381
0.4204381
0.4204381
0.4204381
0.4204381
0.4204381
0.4204381
0.4204381
0.4204381
0.4204381
0.4204381
0.4204381
0.4204381
0.4204381
0.4204381
0.4204381
0.4204381
0.4204381
0.4204381
0.4204381
0.4204381
0.4204381
0.4204381
0.4204381
0.4204381
0.4204381
0.4204381
0.4204381
0.4204381
0.4204381
0.4204381
0.4204381
0.4204381
0.4204381
0.4204381
0.4204381
0.4204381
0.4204381
0.4204381
0.4204381
0.4204381
0.4204381
0.4204381
0.4204381
0.4204381
0.4204381
0.4204381
0.4204381
0.4204381
0.4204381
0.4204381
0.4204381
0.4204381
0.4204381
0.4204381
0.4204381
0.4204381
0.4204381
0.4204381
0.4204381
0.4204381
0.4204381
0.4204381
0.4204381
0.4204381
0.4204381
0.4204381
0.4204381
0.4204381
0.4204381
0.4204381
0.4204381
0.4204381
0.4204381
0.4204381
0.4204381
0.4204381
0.4204381
0.4204381
0.4204381
0.4204381
0.4204381
0.4204381
0.4204381
0.4204381
0.4204381
0.4204381
0.4204381
0.4204381
0.4204381
0.4204381
0.4204381
0.4204381
0.4204381
0.4204381
0.4204381
0.4204381
0.4204381
0.4204381
0.4204381
0.4204381
0.4204381
0.4204381
0.4204381
0.4204381
0.4204381
0.4204381
0.4204381
0.4204381
0.4204381
0.4204381
0.4204381
0.4204381
0.4204381
0.4204381
0.4204381
0.4204381
0.4204381
0.4204381
0.4204381
0.4204381
0.4204381
0.4204381
0.4204381
0.4204381
0.4204381
0.4204381
0.4204381
0.4204381
0.4204381
0.4204381
0.4204381
0.4204381
0.4204381
0.4204381
0.4204381
0.4204381
0.4204381
0.4204381
0.4204381
0.4204381
0.4204381
0.4204381
0.4204381
0.4204381
0.4204381
0.4204381
0.4204381
0.4204381
0.4204381
0.4204381
0.4204381
0.4204381
0.4204381
0.4204381
0.4204381
0.4204381
0.4204381
0.4204381
0.4204381
0.4204381
0.4204381
0.4204381
0.4204381
0.4204381
0.4204381
0.4204381
0.4204381
0.4204381
0.4204381
0.4204381
0.4204381
0.4204381
0.4204381
0.4204381
0.4204381
0.4204381
0.4204381
0.4204381
0.4204381
0.4204381
0.4204381
0.4204381
0.4204381
0.4204381
0.4204381
0.4204381
0.4204381
0.4204381
0.4204381
0.4204381
0.4204381
0.4204381
0.4204381
0.4204381
0.4204381
0.4204381
0.4204381
0.4204381
0.4204381
0.4204381
0.4204381
0.4204381
0.4204381
0.4204381
0.4204381
0.4204381
0.4204381
0.4204381
0.4204381
0.4204381
0.4204381
0.4204381
0.4204381
0.4204381
0.4204381
0.4204381
0.4204381
0.4204381
0.4204381
0.4204381
0.4204381
0.4204381
0.4204381
0.4204381
0.4204381
0.4204381
0.4204381
0.4204381
0.4204381
0.4204381
0.4204381
