0.8512081
0.08512081
0.1383445
0.1571612
0.16308537
0.21279705
0.2619844
0.24730918
0.2693645
0.32467565
0.33062354
0.3032636
0.33900324
0.37210813
0.384568
0.42558438
0.48852292
0.5212478
0.4608379
0.544746
0.47526798
0.47659725
0.46484265
0.5228805
0.5641805
0.3387085
0.44187766
0.45673686
0.5142927
0.5397512
0.5770329
0.49747235
0.4783648
0.50007623
0.46878654
0.51332974
0.59073156
0.41020793
0.49230853
0.5124315
0.5327744
0.5170722
0.5379034
0.61100864
0.47649097
0.5069389
0.58641714
0.48957914
0.5224687
0.524649
0.56505597
0.5745501
0.5629493
0.60619277
0.5372921
0.5386732
0.6158093
0.5193082
0.5977336
0.5051952
0.506021
0.5630766
0.53417313
0.6194073
0.43103877
0.44915026
0.511259
0.57114756
0.5563923
0.6091651
0.5910276
0.5930538
0.6287536
0.33820784
0.4615392
0.48201132
0.4968563
0.4957429
0.58689755
0.52894664
0.5340742
0.5154038
0.50685394
0.6016413
0.5099422
0.5493666
0.59125024
0.58837193
0.6278969
0.56974876
0.565305
0.5900663
0.5822791
0.6216589
0.57927
0.56677234
0.5640605
0.63902295
0.58808625
0.6030723
0.5688814
0.56821316
0.55354416
0.60316616
0.600736
0.5848645
0.6463981
0.58747685
0.629514
0.5631545
0.54972255
0.61990416
0.6493681
0.5863209
0.5620756
0.5567995
0.5953785
0.5966984
0.621926
0.6475597
0.6127274
0.60855067
0.6108037
0.60225916
0.62663317
0.6407975
0.59826523
0.6185345
0.64942634
0.6172231
0.65482944
0.5257073
0.58243954
0.59280574
0.59755814
0.6129886
0.6199816
0.6082416
0.65340436
0.66335124
0.47304097
0.59880596
0.5310655
0.5786892
0.5540093
0.60829175
0.5509972
0.580382
0.5831673
0.5890625
0.59279233
0.60120547
0.5404719
0.56948894
0.60744536
0.59789866
0.60865146
0.6565015
0.59193075
0.65246665
0.5611606
0.61746067
0.60615766
0.6496736
0.6248072
0.6063938
0.6257559
0.6529788
0.56160796
0.56191826
0.59853536
0.5673713
0.6086295
0.62264484
0.6030925
0.66450655
0.43607277
0.4631215
0.502
0.52818257
0.5596304
0.42215234
0.45361257
0.49373922
0.6209848
0.46460906
0.5362753
0.51080364
0.5547224
0.552498
0.5942739
0.5231823
0.5418075
0.51404685
0.61910284
0.5243209
0.50897634
0.5429405
0.61004794
0.6435362
0.62260234
0.5961338
0.55970204
0.6046201
0.5586842
0.5724567
0.6019302
0.65908235
0.56772953
0.57988364
0.563885
0.6013489
0.61808515
0.6473555
0.6657853
0.66719294
0.44321877
0.5788453
0.6525496
0.61930156
0.5948359
0.6194624
0.64667183
0.62240624
0.6347343
0.6148726
0.65802664
0.66962886
0.48937577
0.5531021
0.5762379
0.56602293
0.6500041
0.62075645
0.6610732
0.6666319
0.6491128
0.6704475
0.6058096
0.68495595
0.48586982
0.567859
0.672288
0.705748
0.54078084
0.5379351
0.6826335
0.6489281
0.7147168
0.5909342
0.61116356
0.60479146
0.61043894
0.5851041
0.7218531
0.66008747
0.6566592
0.72563934
0.72619
0.7251903
0.6684986
0.7338029
0.46877694
0.58485186
0.683226
0.65751016
0.65761125
0.7249964
0.53254807
0.7193628
0.66745776
0.72260964
0.6642374
0.73388594
0.6013893
0.7252869
0.5589846
0.6960026
0.67485505
0.7364822
0.48425922
0.6613455
0.7401172
0.7005173
0.74211985
0.6893897
0.7514442
0.7173818
0.7575878
0.69736147
0.75800776
0.75983447
0.76026577
0.76026577
0.76026577
0.76026577
0.76026577
0.76026577
0.76026577
0.76026577
0.76026577
0.76026577
0.76026577
0.76026577
0.76026577
0.76026577
0.76026577
0.76026577
0.76026577
0.76026577
0.76026577
0.76026577
0.76026577
0.76026577
0.76026577
0.76026577
0.76026577
0.76026577
0.76026577
0.76026577
0.76026577
0.76026577
0.76026577
0.76026577
0.76026577
0.76026577
0.76026577
0.76026577
0.76026577
0.76026577
0.76026577
0.76026577
0.76026577
0.76026577
0.76026577
0.76026577
0.76026577
0.76026577
0.76026577
0.76026577
0.76026577
0.76026577
0.76026577
0.76026577
0.76026577
0.76026577
0.76026577
0.76026577
0.76026577
0.76026577
0.76026577
0.76026577
0.76026577
0.76026577
0.76026577
0.76026577
0.76026577
0.76026577
0.76026577
0.76026577
0.76026577
0.76026577
0.76026577
0.76026577
0.76026577
0.76026577
0.76026577
0.76026577
0.76026577
0.76026577
0.76026577
0.76026577
0.76026577
0.76026577
0.76026577
0.76026577
0.76026577
0.76026577
0.76026577
0.76026577
0.76026577
0.76026577
0.76026577
0.76026577
0.76026577
0.76026577
0.76026577
0.76026577
0.76026577
0.76026577
0.76026577
0.76026577
0.76026577
0.76026577
0.76026577
0.76026577
0.76026577
0.76026577
0.76026577
0.76026577
0.76026577
0.76026577
0.76026577
0.76026577
0.76026577
0.76026577
0.76026577
0.76026577
0.76026577
0.76026577
0.76026577
0.76026577
0.76026577
0.76026577
0.76026577
0.76026577
0.76026577
0.76026577
0.76026577
0.76026577
0.76026577
0.76026577
0.76026577
0.76026577
0.76026577
0.76026577
0.76026577
0.76026577
0.76026577
0.76026577
0.76026577
0.76026577
0.76026577
0.76026577
0.76026577
0.76026577
0.76026577
0.76026577
0.76026577
0.76026577
0.76026577
0.76026577
0.76026577
0.76026577
0.76026577
0.76026577
0.76026577
0.76026577
0.76026577
0.76026577
0.76026577
0.76026577
0.76026577
0.76026577
0.76026577
0.76026577
0.76026577
0.76026577
0.76026577
0.76026577
0.76026577
0.76026577
0.76026577
0.76026577
0.76026577
0.76026577
0.76026577
0.76026577
0.76026577
0.76026577
0.76026577
0.76026577
0.76026577
0.76026577
0.76026577
0.76026577
0.76026577
0.76026577
0.76026577
0.76026577
0.76026577
0.76026577
0.76026577
0.76026577
0.76026577
0.76026577
0.76026577
0.76026577
0.76026577
0.76026577
0.76026577
0.76026577
0.76026577
0.76026577
0.76026577
0.76026577
0.76026577
0.76026577
0.76026577
0.76026577
0.76026577
0.76026577
