0.7491213
0.07491213
0.13949291
0.15855208
0.20888118
0.2398316
0.26310626
0.28936583
0.26933485
0.34684664
0.361847
0.33774248
0.35730666
0.3509323
0.39954132
0.40009207
0.4146424
0.34952694
0.41420236
0.32623127
0.3641627
0.39746317
0.41306353
0.38936627
0.41725928
0.42465657
0.33602244
0.3680829
0.39631814
0.4158836
0.39151892
0.41669637
0.39863163
0.37961116
0.42874303
0.29650825
0.31200847
0.37618616
0.3753628
0.40480846
0.41026145
0.4235797
0.44153795
0.38542303
0.3992964
0.45771393
0.3487039
0.35233253
0.43651825
0.48245972
0.41407546
0.44493574
0.4514667
0.50581515
0.38543248
0.40866938
0.4426887
0.44940647
0.46268383
0.4950614
0.46192145
0.49314147
0.47784886
0.49632663
0.5134412
0.33161214
0.47617263
0.3566042
0.44358915
0.4720738
0.4705419
0.45705986
0.51893914
0.42676973
0.45870438
0.42647138
0.4830416
0.4445528
0.5109516
0.4921847
0.5243272
0.44584766
0.4886911
0.51362944
0.5043218
0.47795597
0.49281502
0.49873966
0.5294301
0.45794973
0.48118106
0.46854442
0.48987612
0.49605647
0.5244553
0.5078219
0.5006812
0.49283043
0.53437096
0.405032
0.52433896
0.45922756
0.49645177
0.5038233
0.49820596
0.5179309
0.5032747
0.48992229
0.49553436
0.51883715
0.49576002
0.5120979
0.5377451
0.3720066
0.4788662
0.49439955
0.51028144
0.54610604
0.4434332
0.451291
0.4613297
0.50763
0.4577478
0.54016316
0.5432902
0.5309826
0.54910004
0.56168103
0.54949105
0.54349244
0.5423884
0.5446933
0.5258252
0.56848717
0.5404042
0.5536866
0.5563533
0.5114797
0.49938425
0.5115911
0.54437244
0.5014455
0.51934963
0.561219
0.552652
0.5385106
0.5344149
0.54500324
0.56929433
0.4958958
0.5343618
0.49692756
0.5387867
0.56072116
0.5560296
0.5770527
0.49689358
0.50843775
0.5473012
0.5641459
0.5826145
0.5379502
0.53563917
0.47162652
0.5522958
0.5650771
0.49291497
0.58607346
0.58298177
0.59020615
0.55319494
0.56592476
0.5665431
0.5168541
0.5368028
0.5608803
0.5822711
0.5674671
0.582702
0.58552605
0.5623435
0.58521944
0.59399825
0.46483985
0.46865016
0.5025236
0.5010163
0.51944786
0.5318033
0.536744
0.5269026
0.5758928
0.4804139
0.5337873
0.5692996
0.5805138
0.57897973
0.5467146
0.5668925
0.54908705
0.57346356
0.5804044
0.6002209
0.4858385
0.5247597
0.5317011
0.5414768
0.5760521
0.57079256
0.56133133
0.528357
0.56075084
0.58577454
0.5191661
0.5580924
0.56940377
0.5567829
0.59633523
0.54909813
0.6012498
0.5941532
0.48969254
0.5742947
0.5691632
0.5352056
0.590567
0.600389
0.5244931
0.5976721
0.5961585
0.59759575
0.5742665
0.60503685
0.5399965
0.519859
0.528057
0.596949
0.54144037
0.5570086
0.5699886
0.5506916
0.58284026
0.5426107
0.5627352
0.5468419
0.59023744
0.5585336
0.5806654
0.5543046
0.5953604
0.5859393
0.5745013
0.60811424
0.543658
0.5650719
0.5452613
0.58711666
0.6045153
0.5309791
0.5100767
0.5465767
0.46335444
0.5671164
0.5440997
0.46332794
0.54621834
0.5922258
0.5472188
0.5141689
0.5990609
0.6051208
0.545224
0.5645317
0.596112
0.5961876
0.59360725
0.5833895
0.601662
0.5890319
0.5500888
0.5626995
0.5927769
0.6018771
0.6056646
0.5925097
0.6052187
0.60910237
0.48663726
0.5645965
0.53986645
0.571005
0.4816588
0.5177837
0.47697753
0.5111999
0.5349196
0.57660306
0.5048121
0.5084667
0.55498636
0.5404573
0.5424067
0.5181953
0.53552055
0.5830868
0.59833276
0.58303124
0.5418561
0.5844677
0.5811646
0.5495597
0.60306424
0.558797
0.572519
0.6085326
0.554688
0.58747274
0.50827247
0.5057977
0.5877033
0.56798315
0.5490614
0.5829261
0.5500242
0.60755783
0.54832345
0.59759974
0.60607624
0.5781938
0.5847269
0.60771257
0.5634226
0.5363677
0.575084
0.55240834
0.57666147
0.59295726
0.6014175
0.55677176
0.5739385
0.592035
0.56758344
0.6000987
0.57142645
0.5742728
0.5768798
0.60167664
0.6080831
0.6047354
0.6121284
0.4574276
0.4679969
0.56671035
0.57908654
0.5202695
0.5528737
0.57727367
0.53951323
0.54064715
0.5973204
0.5409972
0.5831915
0.48196283
0.5577817
0.5397817
0.53982794
0.5680546
0.54403365
0.5810912
0.5368294
0.56331646
0.55987084
0.5778461
0.54519963
0.5758243
0.5989944
0.48989463
0.5513352
0.5484022
0.5421801
0.58093417
0.59363574
0.5382861
0.54251826
0.56972885
0.56723493
0.6026844
0.53348184
0.5729505
0.55234635
0.5787832
0.5612029
0.59430665
0.5759455
0.5988113
0.60991293
0.4444796
0.48857123
0.49354315
0.5984918
0.56620085
0.5909656
0.56897056
0.59606904
0.5645454
0.57407916
0.5563997
0.57907623
0.59326774
0.54241896
0.59469604
0.5849576
0.5430188
0.57547605
0.5585227
0.51377636
0.56180394
0.6050851
0.46465722
0.506935
0.5307831
0.59147274
0.5570215
0.52972066
0.5743088
0.6011766
0.58288974
0.5244907
0.5901842
0.58009344
0.5960387
0.57143277
0.5907219
0.5195373
0.58375466
0.5621821
0.58909565
0.52131903
0.5798005
0.59361386
0.57809013
0.59261674
0.5458965
0.5460647
0.59757054
0.54894775
0.5945842
0.54176414
0.60419255
0.54189646
0.51835096
0.5807258
0.60505235
0.59842384
0.5819441
0.5313014
0.5195379
0.56014353
0.58789593
0.5659983
0.5732568
0.56042874
0.607487
0.5683621
0.5790789
0.6113314
0.5642103
0.54945153
0.5713933
0.5927702
0.5541151
0.5516091
0.55045104
0.5995703
0.5172442
0.591236
0.60316926
0.6003319
0.6047405
0.5450328
0.5519797
0.5904713
0.5158811
0.54834354
0.573762
0.5804293
0.5664552
0.5907247
0.58534294
0.54937595
0.5946338
0.5571929
0.5710159
0.58764267
0.54792726
0.57418334
0.55328155
0.6075493
0.61155987
0.5616969
0.54270875
0.55335164
44
0.597598
