0.30448332
0.10290376
0.44689396
0.15663326
0.44689396
0.18313782
0.6519397
0.21909232
0.6519397
0.212243
0.6519397
0.21405537
0.6519397
0.2294575
0.6519397
0.23254612
0.6519397
0.24101968
0.6519397
0.23725817
0.6519397
0.25353906
0.6519397
0.25575572
0.6519397
0.26429084
0.6519397
0.30370238
0.6519397
0.24679723
0.6519397
0.29268423
0.6519397
0.26851624
0.6519397
0.29732794
0.6519397
0.2773338
0.6519397
0.2868704
0.6519397
0.28903532
0.6519397
0.2981985
0.6519397
0.2956112
0.6519397
0.2986355
0.6519397
0.2897195
0.6998293
0.30775973
0.6998293
0.31117776
0.6998293
0.30612868
0.6998293
0.3479452
0.6998293
0.30975652
0.6998293
0.30496007
0.6998293
0.33814734
0.6998293
0.30508906
0.6998293
0.34026513
0.6998293
0.31377214
0.6998293
0.35736394
0.6998293
0.3481445
0.6998293
0.36487597
0.6998293
0.34594464
0.6998293
0.3663692
0.6998293
0.34861785
0.6998293
0.37031496
0.6998293
0.35534194
0.6998293
0.3705692
0.6998293
0.3794627
0.6998293
0.36013326
0.7628191
0.3870358
0.7628191
0.3998031
0.7628191
0.38210464
0.7628191
0.41966662
0.7628191
0.35661688
0.7628191
0.3771478
0.7628191
0.35061365
0.7628191
0.41272998
0.7628191
0.414913
0.7628191
0.41218495
0.7628191
0.46908456
0.7628191
0.43235093
0.7628191
0.41927433
0.7628191
0.42497545
0.7628191
0.40881324
0.7628191
0.44683433
0.7628191
0.45215735
0.7628191
0.47266182
0.7628191
0.4741284
0.7628191
0.4586187
0.7628191
0.4888602
0.7628191
0.5295364
0.7628191
0.5322906
0.7628191
0.54065716
0.7628191
0.5167447
0.7628191
0.49431556
0.7628191
0.5270676
0.7628191
0.5027579
0.7628191
0.50127834
0.7628191
0.54036236
0.7628191
0.54286134
0.7628191
0.53455293
0.7628191
0.5710062
0.7628191
0.59830785
0.7628191
0.6302789
0.7628191
0.6252985
0.7628191
0.6182905
0.7628191
0.63187337
0.7628191
0.6653375
0.7628191
0.4813053
0.7628191
0.4902769
0.7628191
0.4559033
0.7628191
0.45076293
0.7628191
0.49671927
0.7628191
0.49447384
0.7628191
0.5292994
0.7628191
0.50589865
0.76782805
0.54276145
0.76782805
0.54564995
0.76782805
0.56193936
0.76782805
0.55067
0.76782805
0.56015575
0.76782805
0.55502445
0.76782805
0.580941
0.76782805
0.6118104
0.76782805
0.5999733
0.76782805
0.6368734
0.76782805
0.58747685
0.76782805
0.5965057
0.76782805
0.5976518
0.76782805
0.5818028
0.76782805
0.59813875
0.76782805
0.5782777
0.76782805
0.5874018
0.76782805
0.58807904
0.76782805
0.5861793
0.76782805
0.5895143
0.76782805
0.578683
0.76782805
0.60112107
0.76782805
0.5802308
0.76782805
0.584598
0.76782805
0.5903913
0.76782805
0.59209853
0.76782805
0.5956527
0.76782805
0.59900814
0.76782805
0.6231917
0.76782805
0.6229033
0.76782805
0.6328603
0.76782805
0.6118394
0.76782805
0.6166796
0.76782805
0.6319406
0.76782805
0.6253711
0.76782805
0.62546504
0.76782805
0.6085738
0.76782805
0.6131167
0.76782805
0.62760234
0.76782805
0.61541975
0.76782805
0.6426722
0.76782805
0.6413008
0.76782805
0.6516465
0.76782805
0.64839256
0.76782805
0.6500554
0.76782805
0.6502319
0.76782805
0.6559552
0.76782805
0.6278256
0.76782805
0.6189804
0.76782805
0.63471097
0.76782805
0.6189177
0.76782805
0.6370206
0.76782805
0.619279
0.76782805
0.6184372
0.76782805
0.62685114
0.76782805
0.6238559
0.79005444
0.6555797
0.79005444
0.66237366
0.79005444
0.6627868
0.79005444
0.66892797
0.79005444
0.64155424
0.79005444
0.6417967
0.79005444
0.6454971
0.79005444
0.6349843
0.79005444
0.6327463
0.79005444
0.63301045
0.79005444
0.63254833
0.79005444
0.6295823
0.79005444
0.6367655
0.79005444
0.6361453
0.79005444
0.63662684
0.79005444
0.64943266
0.79005444
0.64264655
0.79005444
0.62268764
0.79005444
0.6225441
0.79005444
0.62540096
0.79005444
0.6681593
0.79005444
0.63877094
0.79005444
0.63459194
0.79005444
0.63270825
0.79005444
0.6257921
0.79005444
0.6496459
0.79005444
0.6605104
0.79005444
0.6844391
0.79005444
0.66151786
0.79005444
0.6674879
0.79005444
0.6604724
0.79005444
0.6612651
0.79005444
0.6582767
0.79005444
0.66521657
0.79005444
0.6818446
0.79005444
0.6680867
0.79005444
0.65866274
0.79005444
0.6662274
0.79005444
0.66032207
0.79005444
0.6751592
0.79005444
0.6777531
0.79005444
0.6660882
0.79005444
0.66792476
0.79005444
0.67039573
0.79005444
0.66676104
0.79005444
0.6608884
0.79005444
0.67394286
0.79005444
0.6691636
0.79005444
0.66162455
0.79005444
0.65659434
0.79005444
0.6625519
0.79005444
0.660167
0.79005444
0.66267985
0.79005444
0.6736052
0.79005444
0.672897
0.79005444
0.66980934
0.79005444
0.6835052
0.79005444
0.6801141
0.79005444
0.6873587
0.79005444
0.6599485
0.79005444
0.6617897
0.79005444
0.65965724
0.79005444
0.6612851
0.79005444
0.66493905
0.79005444
0.67751145
0.79005444
0.6643702
0.79005444
0.6702627
0.79005444
0.66584474
0.79005444
0.67672086
0.79005444
0.693342
0.79005444
0.6898425
0.79005444
0.6969547
0.79005444
0.6920122
0.79005444
0.6939345
0.79005444
0.70091426
0.79005444
0.56179243
0.79005444
0.57279295
0.79005444
0.5887427
0.79005444
0.58784026
0.79005444
0.56412023
0.79005444
0.5948938
0.79005444
0.5659997
0.79005444
0.5777899
0.79005444
0.5686496
0.79005444
0.5912898
0.79005444
0.59905946
0.79005444
0.60747445
0.79005444
0.60838234
0.79005444
0.64044505
0.79005444
0.63537747
0.79005444
0.6264042
0.79005444
0.65666556
0.79005444
0.6390649
0.79005444
0.65490216
0.79005444
0.63683784
0.79005444
0.68846947
0.79005444
0.66354305
0.79005444
0.63406813
0.79005444
0.6323899
0.79005444
0.63073224
0.79005444
0.6311687
0.79005444
0.6552986
0.79005444
0.6379133
0.79005444
0.6424295
0.79005444
0.66207194
0.79005444
0.66319406
0.79005444
0.66944677
0.79005444
0.6617836
0.79005444
0.6943296
0.79005444
0.6926817
0.79005444
0.7274669
0.79005444
0.40681762
0.79005444
0.37112755
0.79005444
0.441294
0.79005444
0.43027115
0.79005444
0.41652194
0.79005444
0.4494856
0.79005444
0.489338
0.79005444
0.5002574
0.79005444
0.47339493
0.79005444
0.45132828
0.79005444
0.4698364
0.79005444
0.4783936
0.79005444
0.4992389
0.79005444
0.49218512
0.79005444
0.49971858
0.79005444
0.52103937
0.79005444
0.54062414
0.79005444
0.5437887
0.79005444
0.53613406
0.79005444
0.5620357
0.79005444
0.569893
0.79005444
0.5640653
0.79005444
0.58672297
0.79005444
0.53617036
0.79005444
0.5548984
0.79005444
0.52459747
0.79005444
0.5456932
0.79005444
0.54076815
0.79005444
0.54009706
0.79005444
0.54360473
0.79005444
0.56327844
0.79005444
0.58310515
0.79005444
0.5733101
0.79005444
0.58715576
0.79005444
0.5858947
0.79005444
0.5944636
0.79005444
0.61273164
0.79005444
0.59774864
0.79005444
0.5931364
0.79005444
0.60063344
0.79005444
0.5913085
0.79005444
0.59594446
0.79005444
0.6004009
0.79005444
0.59689796
0.79005444
0.6106976
0.79005444
0.61731195
0.79005444
0.6254837
0.79005444
0.61683166
0.79005444
0.6346992
0.79005444
0.56382495
0.79005444
0.5702867
0.79005444
0.5540694
0.79005444
0.5558876
0.79005444
0.56710535
0.79005444
0.5515635
0.79005444
0.55023277
0.79005444
0.558
0.79005444
0.58926934
0.79005444
0.5765587
0.79005444
0.5726471
0.79005444
0.59741616
0.79005444
0.5933256
0.79005444
0.5844162
0.79005444
0.5921493
0.79005444
0.5807194
0.79005444
0.5879431
0.79005444
0.5956758
0.79005444
0.62256485
0.79005444
0.5941055
0.79005444
0.59078354
0.79005444
0.5976761
0.79005444
0.59438205
0.79005444
0.6004635
0.79005444
0.6129737
0.79005444
0.6130007
0.79005444
0.6263951
0.79005444
0.6287962
0.79005444
0.62140375
0.79005444
0.6129571
0.79005444
0.62242687
0.79005444
0.6198493
0.79005444
0.6149198
0.79005444
0.62918425
0.79005444
0.64634144
0.79005444
0.60701454
0.79005444
0.60987675
0.79005444
0.59299827
0.79005444
0.6250197
0.79005444
0.5973389
0.79005444
0.6288459
0.79005444
0.6221155
0.79005444
0.62248755
0.79005444
0.6257773
0.79005444
0.6251695
0.79005444
0.6367915
0.79005444
0.60033077
0.79005444
0.6152374
0.79005444
0.5968803
0.79005444
0.6344703
0.79005444
0.63322246
0.79005444
0.6379386
0.79005444
0.61984855
0.79005444
0.64121485
0.79005444
0.6226131
0.79005444
0.62758625
0.79005444
0.6370927
0.79005444
0.6320425
0.79005444
0.6206642
0.79005444
0.6303809
0.79005444
0.6287834
0.79005444
0.62751484
0.79005444
0.63668144
0.79005444
0.63473374
0.79005444
0.628843
0.79005444
0.6522755
0.79005444
0.6367658
0.79005444
0.6237487
0.79005444
0.64962083
0.79005444
0.6298743
0.79005444
0.63383025
0.79005444
0.6656149
0.79005444
0.6027358
0.79005444
0.59208333
0.79005444
0.5712898
0.79005444
0.5979988
0.79005444
0.6080913
0.79005444
0.5935029
0.79005444
0.63219774
0.79005444
0.62713534
0.79005444
0.6363641
0.79005444
0.6409193
0.79005444
0.6393189
0.79005444
0.6581587
0.79005444
0.634904
0.79005444
0.64894545
0.79005444
0.6300639
0.79005444
0.64056057
0.79005444
0.6645616
0.79005444
0.65068465
0.79005444
0.63182116
0.79005444
0.64134085
0.79005444
0.6541976
0.79005444
0.6328024
0.79005444
0.6526817
0.79005444
0.63015234
0.79005444
0.6346615
0.79005444
0.6292492
0.79005444
0.64984524
0.79005444
0.64299
0.79005444
0.6497807
0.79005444
0.6410277
0.79005444
0.62693083
0.79005444
0.6341873
0.79005444
0.6678046
0.79005444
0.66039526
0.79005444
0.67825854
0.79005444
0.6674119
0.79005444
0.6661785
0.79005444
0.66261905
0.79005444
0.6775898
0.79005444
0.6754193
0.79005444
0.6692019
0.79005444
0.6623545
0.79005444
0.68068945
0.79005444
0.6632632
0.79005444
0.66163313
0.79005444
0.6736506
0.79005444
0.66772306
0.79005444
0.6642206
0.79005444
0.6687141
0.79005444
0.6986971
0.79005444
0.65968055
0.79005444
0.67359614
0.79005444
0.68040717
0.79005444
0.66536474
0.79005444
0.6619879
0.79005444
0.66126347
0.79005444
0.6785427
0.79005444
0.66506976
0.79005444
0.6702538
0.79005444
0.6634413
0.79005444
0.6742992
0.79005444
0.6760808
0.79005444
0.72249436
0.79005444
0.46945572
0.79005444
0.4413127
0.79005444
0.46291956
0.79005444
0.44211197
0.79005444
0.4704295
0.79005444
0.51484716
0.79005444
0.4848682
0.79005444
0.50050855
0.79005444
0.5059031
0.79005444
0.47330594
0.79005444
0.4920814
0.79005444
0.48949376
0.79005444
0.4786691
0.79005444
0.5267235
0.79005444
0.5048683
0.79005444
0.52618814
0.79005444
0.5137285
0.79005444
0.5287747
0.79005444
0.53140223
0.79005444
0.55305165
0.79005444
0.54961777
0.79005444
0.53705883
0.79005444
0.53389853
0.79005444
0.54021364
0.79005444
0.60175025
0.79005444
0.58230126
0.79005444
0.56128585
0.79005444
0.55784315
0.79005444
0.5756534
0.79005444
0.57396954
0.79005444
0.58456564
0.79005444
0.57608736
0.79005444
0.56625205
0.79005444
0.5627736
0.79005444
0.57314163
0.79005444
0.55564517
0.79005444
0.5566634
0.79005444
0.585799
0.79005444
0.59205717
0.79005444
0.6016624
0.79005444
0.5911785
0.79005444
0.60440505
0.79005444
0.59763235
0.79005444
0.59725404
0.79005444
0.6125595
0.79005444
0.59399563
0.79005444
0.60840625
0.79005444
0.5936587
0.79005444
0.61768734
0.79005444
0.62458926
0.79005444
0.6524373
0.79005444
0.60660446
0.79005444
0.5948986
0.79005444
0.6187549
0.79005444
0.6329403
0.79005444
0.6653561
0.79005444
0.6318326
0.79005444
0.6502832
0.79005444
0.6598803
0.79005444
0.62822735
0.79005444
0.6354825
0.79005444
0.6420104
0.79005444
0.64372724
0.79005444
0.6280332
0.79005444
0.64506614
0.79005444
0.6336582
0.79005444
0.6251291
0.79005444
0.6518189
0.79005444
0.6720873
0.79005444
0.6661367
0.79005444
0.6658164
0.79005444
0.6745175
0.79005444
0.6542868
0.79005444
0.62883276
0.79005444
0.6306488
0.79005444
0.6343523
0.79005444
0.6328182
0.79005444
0.6686903
0.79005444
0.6481886
0.79005444
0.665684
0.79005444
0.68247616
0.79005444
0.6680303
0.79005444
0.6859352
0.79005444
0.6875822
0.79005444
0.6711029
0.79005444
0.6715392
0.79005444
0.6879566
0.79005444
0.70510304
0.79005444
0.60884374
0.79005444
0.6211693
0.79005444
0.6167233
0.79005444
0.611521
0.79005444
0.6050812
0.79005444
0.6294425
0.79005444
0.6139403
0.79005444
0.63482267
0.79005444
0.6138215
0.79005444
0.6121841
0.79005444
0.6247934
0.79005444
0.6130592
0.79005444
0.6356376
0.79005444
0.6381898
0.79005444
0.6398822
0.79005444
0.64986616
0.79005444
0.61482954
0.79005444
0.6043075
0.79005444
0.61106014
0.79005444
0.61484385
0.79005444
0.62060785
0.79005444
0.6076021
0.79005444
0.60303414
0.79005444
0.6077602
0.79005444
0.6327213
0.79005444
0.59587795
0.79005444
0.63647664
0.79005444
0.6146986
0.79005444
0.6048816
0.79005444
0.62802637
0.79005444
0.60291475
0.79005444
0.6152867
0.79005444
0.6152171
0.79005444
0.6306344
0.79005444
0.6350826
0.79005444
0.6648973
0.79005444
0.6463293
0.79005444
0.6410947
0.79005444
0.65872943
0.79005444
0.65088445
0.79005444
0.6346702
0.79005444
0.64810234
0.79005444
0.6427831
0.79005444
0.636887
0.79005444
0.6469921
0.79005444
0.6423875
0.79005444
0.63446707
0.79005444
0.66206276
0.79005444
0.6648046
0.79005444
0.65559036
0.79005444
0.65774673
0.79005444
0.63982856
0.79005444
0.65174145
0.79005444
0.6503917
0.79005444
0.64252317
0.79005444
0.6699821
0.79005444
0.6743404
0.79005444
0.670061
0.79005444
0.6794821
0.79005444
0.6729112
0.79005444
0.6862636
0.79005444
0.6681919
0.79005444
0.68244153
0.79005444
0.6721716
0.79005444
0.6705112
0.79005444
0.6686796
0.79005444
0.6844522
0.79005444
0.68796736
0.79005444
0.6710701
0.79005444
0.6719551
0.79005444
0.6755197
0.79005444
0.7018724
0.79005444
0.668563
0.79005444
0.68565196
0.79005444
0.6772392
0.79005444
0.7000659
0.79005444
0.670402
0.79005444
0.70857054
0.79005444
0.64833075
0.79005444
0.6391951
0.79005444
0.6439388
0.79005444
0.6424372
0.79005444
0.65678495
0.79005444
0.6558076
0.79005444
0.63565874
0.79005444
0.6830255
0.79005444
0.6834116
0.79005444
0.6741899
0.79005444
0.6697425
0.79005444
0.6804638
0.79005444
0.6749423
0.79005444
0.67141026
0.79005444
0.67715424
0.79005444
0.677571
0.79005444
0.6675946
0.79005444
0.6740792
0.79005444
0.6833247
0.79005444
0.67247814
0.79005444
0.70970154
0.79005444
0.7103019
0.79005444
0.71624506
0.79005444
0.6068752
0.79005444
0.62465096
0.79005444
0.6125305
0.79005444
0.62066567
0.79005444
0.60673565
0.79005444
0.6354276
0.79005444
0.64013976
0.79005444
0.64303905
0.79005444
0.6438691
0.79005444
0.6535751
0.79005444
0.6638845
0.79005444
0.64868486
0.79005444
0.63638467
0.79005444
0.64008343
0.79005444
0.63345563
0.79005444
0.6599635
0.79005444
0.65465516
0.79005444
0.6451516
0.79005444
0.6746976
0.79005444
0.7052866
0.79005444
0.6708735
0.79005444
0.675351
0.79005444
0.67098206
0.79005444
0.6739914
0.79005444
0.68508565
0.79005444
0.66960174
0.79005444
0.6840234
0.79005444
0.69292176
0.79005444
0.7053856
0.79005444
0.6855005
0.79005444
0.70526576
0.79005444
0.70859385
0.79005444
0.70612097
0.79005444
0.714441
0.79005444
0.7103531
0.79005444
0.68429065
0.79005444
0.6803722
0.79005444
0.6716546
0.79005444
0.7057423
0.79005444
0.70639575
0.79005444
0.71686083
0.79005444
0.71119213
0.79005444
0.7228588
0.79005444
0.6787211
0.79005444
0.6774889
0.79005444
0.6767331
0.79005444
0.6777565
0.79005444
0.7052852
0.79005444
0.6929888
0.79005444
0.6799396
0.79005444
0.6748963
0.79005444
0.70932263
0.79005444
0.711658
0.79005444
0.7059371
0.79005444
0.71695876
0.79005444
0.6783457
0.79005444
0.6768135
0.79005444
0.6805786
0.79005444
0.6729379
0.79005444
0.6811024
0.79005444
0.68881106
0.79005444
0.67258704
0.79005444
0.6765624
0.79005444
0.6795812
0.79005444
0.6724364
0.79005444
0.6740463
0.79005444
0.6836116
0.79005444
0.6932394
0.79005444
0.6841616
0.79005444
0.67512614
0.79005444
0.68541604
0.79005444
0.679731
0.79005444
0.69185364
0.79005444
0.6784917
0.79005444
0.6766518
0.79005444
0.6786355
0.79005444
0.67759955
0.79005444
0.68369377
0.79005444
0.6825891
0.79005444
0.6891178
0.79005444
0.6768818
0.79005444
0.7073213
0.79005444
0.71339446
0.79005444
0.68530715
0.79005444
0.6806224
0.79005444
0.68306243
0.79005444
0.7219002
0.79005444
0.70990694
0.79005444
0.70606107
0.79005444
0.7226018
0.79005444
0.68129385
0.79005444
0.68948495
0.79005444
0.6832577
0.79005444
0.68657225
0.79005444
0.6762723
0.79005444
0.67602354
0.79005444
0.68762183
0.79005444
0.67836225
0.79005444
0.6760458
0.79005444
0.68117344
0.79005444
0.67340076
0.79005444
0.68411756
0.79005444
0.6723379
0.79005444
0.683169
0.79005444
0.6754416
0.79005444
0.6898923
0.79005444
0.6796165
0.79005444
0.67940706
0.79005444
0.6778757
0.79005444
0.6891763
0.79005444
0.70345247
0.79005444
0.6801269
0.79005444
0.6813059
0.79005444
0.6763829
0.79005444
0.6735708
0.79005444
0.6848882
0.79005444
0.6774771
0.79005444
0.67164767
0.79005444
0.6732377
0.79005444
0.6913914
0.79005444
0.684245
0.79005444
0.68534505
0.79005444
0.6887876
0.79005444
0.6762844
0.79005444
0.6763226
0.79005444
0.6732515
0.79005444
0.6913009
0.79005444
0.6752572
0.79005444
0.6775047
0.79005444
0.67161024
0.79005444
0.6865266
0.79005444
0.6718
0.79005444
0.7086803
0.79005444
0.6859924
0.79005444
0.6838411
0.79005444
0.67662156
0.79005444
0.6901764
0.79005444
0.6843469
0.79005444
0.6801015
0.79005444
0.6751699
0.79005444
0.6726359
0.79005444
0.6794376
0.79005444
0.725864
0.79005444
0.60951537
0.79005444
0.61492306
0.79005444
0.60930955
0.79005444
0.59703994
0.79005444
0.6089409
0.79005444
0.6413962
0.79005444
0.639704
0.79005444
0.6763441
0.79005444
0.63454795
0.79005444
0.65490973
0.79005444
0.63789874
0.79005444
0.6556183
0.79005444
0.6382891
0.79005444
0.65178305
0.79005444
0.6387629
0.79005444
0.6458832
0.79005444
0.6607917
0.79005444
0.6682789
0.79005444
0.69010913
0.79005444
0.67666745
0.79005444
0.67993534
0.79005444
0.6721206
0.79005444
0.67363226
0.79005444
0.68840384
0.79005444
0.6856488
0.79005444
0.6747109
0.79005444
0.67570114
0.79005444
0.6753932
0.79005444
0.672585
0.79005444
0.686523
0.79005444
0.6741854
0.79005444
0.6818174
0.79005444
0.67339313
0.79005444
0.6812863
0.79005444
0.6750468
0.79005444
0.6772379
0.79005444
0.6733357
0.79005444
0.67953235
0.79005444
0.6712589
0.79005444
0.67430997
0.79005444
0.67761
0.79005444
0.66769916
0.79005444
0.6882536
0.79005444
0.67644477
0.79005444
0.67853236
0.79005444
0.7000188
0.79005444
0.67881835
0.79005444
0.67815274
0.79005444
0.6739373
0.79005444
0.6861818
0.79005444
0.6731188
0.79005444
0.66969895
0.79005444
0.67059153
0.79005444
0.67918026
0.79005444
0.6685646
0.79005444
0.6789783
0.79005444
0.67403865
0.79005444
0.670308
0.79005444
0.6822396
0.79005444
0.6689481
0.79005444
0.6719745
0.79005444
0.70654523
0.79005444
0.67825544
0.79005444
0.6733128
0.79005444
0.68318236
0.79005444
0.6768285
0.79005444
0.6741844
0.79005444
0.69051284
0.79005444
0.6766
0.79005444
0.693376
0.79005444
0.7043122
0.79005444
0.6826752
0.79005444
0.68506396
0.79005444
0.6761678
0.79005444
0.6815348
0.79005444
0.6827119
0.79005444
0.66936624
0.79005444
0.67492425
0.79005444
0.6690858
0.79005444
0.68031377
0.79005444
0.68015516
0.79005444
0.6801361
0.79005444
0.67697805
0.79005444
0.6965066
0.79005444
0.6736103
0.79005444
0.6744344
0.79005444
0.67571247
0.79005444
0.67474645
0.79005444
0.6792517
0.79005444
0.67539406
0.79005444
0.67183393
0.79005444
0.6731991
0.79005444
0.67045736
0.79005444
0.68431944
0.79005444
0.6867859
0.79005444
0.68917155
0.79005444
0.6772047
0.79005444
0.67368627
0.79005444
0.68631095
0.79005444
0.67027533
0.79005444
0.6933294
0.79005444
0.71100605
0.79005444
0.67330706
0.79005444
0.67483675
0.79005444
0.68154496
0.79005444
0.70769197
0.79005444
0.708805
0.79005444
0.712594
0.79005444
0.718278
0.79005444
0.67904526
0.79005444
0.6851565
0.79005444
0.6841698
0.79005444
0.67919284
0.79005444
0.6870665
0.79005444
0.6904898
0.79005444
0.68622106
0.79005444
0.6739469
0.79005444
0.6785668
0.79005444
0.6844008
0.79005444
0.6911775
0.79005444
0.7149692
0.79005444
0.7111744
0.79005444
0.70821047
0.79005444
0.71316266
0.79005444
0.70864254
0.79005444
0.7129566
0.79005444
0.72151154
0.79005444
0.7231677
0.79005444
0.6775595
0.79005444
0.6914283
0.79005444
0.688126
0.79005444
0.6910888
0.79005444
0.67431384
0.79005444
0.67662764
0.79005444
0.6781103
0.79005444
0.69927555
0.79005444
0.68620086
0.79005444
0.6773843
0.79005444
0.68571466
0.79005444
0.6845829
0.79005444
0.67321473
0.79005444
0.6783564
0.79005444
0.6837117
0.79005444
0.68310696
0.79005444
0.6805196
0.79005444
0.6863477
0.79005444
0.6808871
0.79005444
0.6740103
0.79005444
0.68110675
0.79005444
0.713563
0.79005444
0.68721825
0.79005444
0.67492974
0.79005444
0.6782206
0.79005444
0.67484254
0.79005444
0.67472327
0.79005444
0.6824414
0.79005444
0.6820061
0.79005444
0.67946905
0.79005444
0.6920165
0.79005444
0.6967908
0.79005444
0.67972064
0.79005444
0.68893075
0.79005444
0.67623234
0.79005444
0.67681825
0.79005444
0.6826212
0.79005444
0.682805
0.79005444
0.69145
0.79005444
0.67972577
0.79005444
0.67662513
0.79005444
0.6771491
0.79005444
0.6884452
0.79005444
0.67580837
0.79005444
0.67468375
0.79005444
0.67512643
0.79005444
0.67806304
0.79005444
0.6880423
0.79005444
0.6786132
0.79005444
0.677245
0.79005444
0.67815137
0.79005444
0.6811178
0.79005444
0.68468046
0.79005444
0.69243145
0.79005444
0.67506844
0.79005444
0.6899264
0.79005444
0.67651784
0.79005444
0.67740005
0.79005444
0.67949545
0.79005444
0.6836032
0.79005444
0.6932174
0.79005444
0.6825882
0.79005444
0.6792116
0.79005444
0.67696786
0.79005444
0.67894393
0.79005444
0.6916271
0.79005444
0.6767602
0.79005444
0.6816406
0.79005444
0.68577594
0.79005444
0.6786603
0.79005444
0.6817878
0.79005444
0.69090426
0.79005444
0.6828811
0.79005444
0.6731017
0.79005444
0.688838
0.79005444
0.6724606
0.79005444
0.70025074
0.79005444
0.68364525
0.79005444
0.6822767
0.79005444
0.6743623
0.79005444
0.6887318
0.79005444
0.68354464
0.79005444
0.67730314
0.79005444
0.6938664
0.79005444
0.67940724
0.79005444
0.68340564
0.79005444
0.7011873
0.79005444
0.67696434
0.79005444
0.707302
0.79005444
0.6773069
0.79005444
0.69801176
0.79005444
0.6802153
0.79005444
0.67949146
0.79005444
0.68808496
0.79005444
0.6935952
0.79005444
0.69007003
0.79005444
0.67608744
