0.17823732
0.17823732
0.17823732
0.31770092
0.31770092
0.31770092
0.31770092
0.32148072
0.32148072
0.32148072
0.3420547
0.36977473
0.44473395
0.45926762
0.45926762
0.45926762
0.45926762
0.46894744
0.46894744
0.5044264
0.5044264
0.5044264
0.5044264
0.5044264
0.5044264
0.55675846
0.55675846
0.55675846
0.55675846
0.55675846
0.55675846
0.55675846
0.55675846
0.55675846
0.55675846
0.55675846
0.55675846
0.55675846
0.56558526
0.56558526
0.56558526
0.56558526
0.56558526
0.56558526
0.56558526
0.56558526
0.56558526
0.56558526
0.56558526
0.56558526
0.56558526
0.56558526
0.56558526
0.56558526
0.56558526
0.56558526
0.56558526
0.56558526
0.56558526
0.56558526
0.56558526
0.56558526
0.56558526
0.56558526
0.56558526
0.56558526
0.56558526
0.56558526
0.56558526
0.56558526
0.56558526
0.56558526
0.56558526
0.56558526
0.56558526
0.5683414
0.5683414
0.5741951
0.5741951
0.5741951
0.575019
0.575019
0.575019
0.575019
0.575019
0.575019
0.5824919
0.60475767
0.60475767
0.60475767
0.60475767
0.60475767
0.60475767
0.60475767
0.60475767
0.60475767
0.60475767
0.60475767
0.60475767
0.60475767
0.60475767
0.60475767
0.60475767
0.60475767
0.60475767
0.60475767
0.60475767
0.60475767
0.60475767
0.60475767
0.60475767
0.60475767
0.60475767
0.60475767
0.60475767
0.60475767
0.60475767
0.60475767
0.60475767
0.60475767
0.60475767
0.60475767
0.60475767
0.60475767
0.60475767
0.60475767
0.60475767
0.60475767
0.60475767
0.60475767
0.60475767
0.60475767
0.60475767
0.60475767
0.60475767
0.60475767
0.60475767
0.60475767
0.60475767
0.60475767
0.60475767
0.60475767
0.60475767
0.60475767
0.60475767
0.60475767
0.6083532
0.6083532
0.6083532
0.6083532
0.6083532
0.6083532
0.6083532
0.6083532
0.6083532
0.6083532
0.6083532
0.6083532
0.6083532
0.6083532
0.6083532
0.6083532
0.6083532
0.6083532
0.6083532
0.6083532
0.6083532
0.6083532
0.6083532
0.6083532
0.6083532
0.6083532
0.6083532
0.6083532
0.6083532
0.6083532
0.6083532
0.6083532
0.6083532
0.6083532
0.6083532
0.6083532
0.6083532
0.6083532
0.6083532
0.6083532
0.6083532
0.6083532
0.6083855
0.6083855
0.6083855
0.6083855
0.6083855
0.6083855
0.6083855
0.6155248
0.6155248
0.6155248
0.6155248
0.6155248
0.6155248
0.6155248
0.6155248
0.6155248
0.6155248
0.6155248
0.6155248
0.6155248
0.6155248
0.6155248
0.6155248
0.6155248
0.6155248
0.6155248
0.6155248
0.6155248
0.6155248
0.6155248
0.6155248
0.6155248
0.6155248
0.6155248
0.6155248
0.6155248
0.6155248
0.6155248
0.6155248
0.62824595
0.62824595
0.62824595
0.62824595
0.62824595
0.62824595
0.62824595
0.62824595
0.62824595
0.6442398
0.6442398
0.6442398
0.6442398
0.6442398
0.6442398
0.6442398
0.6442398
0.6442398
0.6442398
0.6442398
0.6442398
0.6442398
0.6442398
0.6442398
0.6442398
0.6442398
0.6442398
0.6442398
0.6442398
0.6442398
0.6442398
0.6442398
0.6442398
0.6442398
0.6442398
0.6442398
0.6442398
0.6442398
0.6442398
0.6442398
0.6442398
0.6442398
0.6442398
0.6442398
0.6442398
0.6442398
0.6442398
0.6442398
0.6442398
0.6442398
0.6442398
0.6442398
0.6442398
0.6442398
0.6442398
0.6442398
0.6442398
0.6442398
0.6442398
0.6442398
0.6442398
0.6442398
0.6442398
0.6442398
0.6442398
0.6442398
0.6442398
0.6442398
0.6442398
0.6442398
0.6442398
0.6442398
0.6442398
0.6442398
0.6442398
0.6442398
0.6442398
0.6442398
0.6442398
0.6442398
0.6442398
0.6442398
0.6442398
0.6442398
0.6442398
0.6442398
0.6442398
0.6442398
0.6442398
0.6442398
0.6442398
0.6442398
0.6442398
0.6442398
0.6442398
0.6442398
0.6442398
0.6442398
0.6442398
0.6442398
0.6442398
0.6442398
0.6442398
0.6442398
0.6442398
0.6442398
0.6442398
0.6442398
0.6442398
0.6442398
0.6442398
0.6442398
0.6442398
0.6442398
0.6442398
0.6442398
0.6442398
0.6442398
0.6442398
0.6442398
0.6442398
0.6442398
0.6442398
0.6442398
0.6442398
0.6442398
0.6442398
0.6442398
0.6442398
0.6442398
0.6442398
0.6442398
0.6442398
0.6442398
0.6442398
0.6442398
0.6442398
0.6442398
0.6442398
0.6442398
0.6442398
0.6442398
0.6442398
0.6442398
0.6442398
0.6442398
0.6442398
0.6442398
0.6442398
0.6442398
0.6442398
0.6442398
0.6442398
0.6442398
0.6442398
0.6442398
0.6442398
0.6442398
0.6442398
0.6442398
0.6442398
0.6442398
0.6442398
0.6442398
0.6442398
0.6442398
0.6442398
0.6442398
0.6442398
0.6442398
0.6442398
0.6442398
0.6442398
0.6442398
0.6442398
0.6442398
0.6442398
0.6442398
0.6442398
0.6442398
0.6442398
0.6442398
0.6442398
0.6442398
0.6442398
0.6442398
0.6442398
0.6442398
0.6442398
0.6442398
0.6442398
0.6442398
0.6442398
0.6442398
0.6442398
0.6442398
0.6442398
0.6442398
0.6442398
0.6442398
0.6442398
0.6442398
0.6442398
0.6442398
0.6442398
0.6442398
0.6442398
0.6442398
0.6442398
0.6442398
0.6442398
0.6442398
0.6442398
0.6442398
0.6442398
0.6442398
0.6442398
0.6442398
0.6442398
0.6442398
0.6442398
0.6442398
0.6442398
0.6442398
0.6442398
0.6442398
0.6442398
0.6442398
0.6442398
0.6442398
0.6442398
0.6442398
0.6442398
0.6442398
0.6442398
0.6442398
0.6442398
0.6442398
0.6442398
0.6442398
0.6442398
0.6442398
0.6442398
0.6442398
0.6442398
0.6442398
0.6442398
0.6442398
0.6442398
0.6442398
0.6442398
0.6442398
0.6456527
0.6456527
0.6456527
0.6456527
0.6456527
0.6456527
0.6456527
0.6456527
0.6456527
0.6456527
0.6456527
0.6456527
0.6456527
0.6456527
0.6456527
0.6456527
0.6456527
0.6456527
0.6456527
0.6456527
0.6456527
0.6456527
0.6456527
0.6456527
0.6456527
0.6456527
0.6456527
0.6456527
0.6456527
0.6456527
0.6456527
0.6456527
0.6456527
0.6456527
0.6456527
0.6456527
0.6456527
0.6456527
0.6456527
0.6456527
0.6456527
0.6456527
0.6456527
0.6456527
0.6456527
0.6456527
0.6456527
0.6456527
0.6456527
0.6456527
0.6456527
0.6456527
0.6456527
0.6456527
0.6456527
0.6456527
0.6456527
0.6456527
0.6456527
0.6456527
0.6456527
0.6456527
0.6456527
0.6456527
0.6456527
0.6456527
0.6456527
0.6456527
0.6456527
0.6456527
0.6456527
0.6456527
0.6456527
0.6456527
0.6456527
0.6456527
0.6456527
0.6456527
0.6456527
0.6456527
0.6456527
0.6456527
0.6456527
0.6456527
0.6456527
0.6456527
0.6456527
0.6456527
0.6456527
0.6456527
0.6456527
0.6456527
0.6456527
0.6456527
0.6456527
0.6456527
0.6456527
0.6456527
0.6456527
0.6456527
0.6456527
0.6456527
0.6456527
0.6456527
0.6456527
0.6456527
0.6456527
0.6456527
0.6456527
0.6456527
0.6456527
0.6456527
0.6456527
0.6456527
0.6456527
0.6456527
0.6456527
0.6456527
0.6456527
0.6456527
0.6456527
0.6456527
0.6456527
0.6456527
0.6456527
0.6456527
0.6456527
0.6456527
0.6456527
0.6456527
0.6456527
0.6456527
0.6456527
0.6456527
0.6456527
0.6456527
0.6456527
0.6456527
0.6456527
0.6456527
0.6456527
0.6456527
0.6456527
0.6456527
0.6456527
0.6456527
0.6456527
0.6456527
0.6456527
0.6456527
0.6456527
0.6456527
0.6456527
0.6456527
0.6456527
0.6456527
0.6456527
0.6456527
0.6456527
0.6456527
0.6456527
0.6456527
0.6456527
0.6456527
0.6456527
0.6456527
0.6456527
0.6456527
0.6456527
0.6456527
0.6456527
0.6456527
0.6456527
0.6456527
0.6456527
0.6456527
0.6456527
0.6456527
0.6456527
0.6456527
0.6456527
0.6456527
0.6456527
0.6456527
0.6456527
0.6456527
0.6456527
0.6456527
0.6456527
0.6456527
0.6456527
0.6456527
0.6456527
0.6456527
0.6456527
0.6456527
0.6456527
0.6456527
0.6456527
0.6456527
0.6456527
0.6456527
0.6456527
0.6456527
0.6456527
0.6456527
0.6456527
0.6456527
0.6456527
0.6456527
0.6456527
0.6456527
0.6456527
0.6456527
0.6456527
0.6456527
0.6456527
0.6456527
0.6456527
0.6456527
0.6456527
0.6456527
0.6456527
0.6456527
0.6456527
0.6456527
0.6456527
0.6456527
0.6456527
0.6456527
0.6456527
0.6456527
0.6456527
0.6456527
0.6456527
0.6456527
0.6456527
0.6456527
0.6456527
0.6456527
0.6456527
0.6456527
0.6456527
0.6456527
0.6456527
0.6456527
0.6456527
0.6456527
0.6456527
0.6456527
0.6456527
0.6456527
0.6456527
0.6456527
0.6456527
0.6456527
0.6456527
0.6456527
0.6456527
0.6456527
0.6456527
0.6456527
0.6456527
0.6456527
0.6456527
0.6456527
0.6456527
0.6456527
0.6456527
0.6456527
0.6456527
0.6456527
0.6456527
0.6456527
0.6456527
0.6456527
0.6456527
0.6456527
0.6456527
0.6456527
0.6456527
0.6456527
0.6456527
0.6456527
0.6456527
0.6456527
0.6456527
0.6456527
0.6456527
0.6456527
0.6456527
0.6456527
0.6456527
0.6456527
0.6456527
0.6456527
0.6456527
0.6456527
0.6456527
0.6456527
0.6456527
0.6456527
0.6456527
0.6456527
0.6456527
0.6456527
0.6456527
0.6456527
0.6456527
0.6456527
0.6456527
0.6456527
0.6456527
0.6456527
0.6456527
0.6456527
0.6456527
0.6456527
0.6456527
0.6456527
0.6456527
0.6456527
0.6456527
0.6456527
0.6456527
0.6456527
0.6456527
0.6456527
0.6456527
0.6456527
0.6456527
0.6456527
0.6456527
0.6456527
0.6456527
0.6456527
0.6456527
0.6456527
0.6456527
0.6456527
0.6456527
0.6456527
0.6456527
0.6456527
0.6456527
0.6456527
0.6456527
0.6456527
0.6456527
0.6456527
0.6456527
0.6456527
0.6456527
0.6456527
0.6456527
0.6456527
0.6456527
0.6456527
0.6456527
0.6456527
0.6456527
0.6456527
0.6456527
0.6456527
0.6456527
0.6456527
0.6456527
0.6456527
0.6456527
0.6456527
0.6456527
0.6456527
0.6456527
0.6456527
0.6456527
0.6456527
0.6456527
0.6456527
0.6456527
0.6456527
0.6456527
0.6456527
0.6456527
0.6456527
0.6456527
0.6456527
0.6456527
0.6456527
0.6456527
0.6456527
0.6456527
0.6456527
0.6456527
0.6456527
0.6456527
0.6456527
0.6456527
0.6456527
0.6456527
0.6456527
0.6456527
0.6456527
0.6456527
0.6456527
0.6456527
0.6456527
0.6456527
0.6456527
0.6456527
0.6456527
0.6456527
0.6456527
0.6456527
0.6456527
0.6456527
0.6456527
0.6456527
0.6456527
0.6456527
0.6456527
0.6456527
0.6456527
0.6456527
0.6456527
0.6456527
0.6456527
0.6456527
0.6456527
0.6456527
0.6456527
0.6456527
0.6456527
0.6456527
0.6456527
0.6456527
0.6456527
0.6456527
0.6456527
0.6456527
0.6456527
0.6456527
0.6456527
0.6456527
0.6456527
0.6456527
0.6456527
0.6456527
0.6456527
0.6456527
0.6456527
0.6456527
0.6456527
0.6456527
0.6456527
0.6456527
0.6456527
0.6456527
0.6456527
0.6456527
0.6456527
0.6456527
0.6456527
0.6456527
0.6456527
0.6456527
0.6456527
0.6456527
0.6456527
0.64625037
0.64625037
0.64625037
0.64625037
0.64625037
0.64625037
0.64625037
0.64625037
0.64625037
0.64625037
0.64625037
0.64625037
0.64625037
0.64625037
0.64625037
0.64625037
0.64625037
0.64625037
0.64625037
0.64625037
0.64625037
0.64625037
0.64625037
0.64625037
0.64625037
0.64625037
0.64625037
0.64625037
0.64625037
0.64625037
0.64625037
0.64625037
0.64625037
0.64625037
0.64625037
0.64625037
0.64625037
0.64625037
0.64625037
0.64625037
0.64625037
0.64625037
0.64625037
0.64625037
0.64625037
0.64625037
0.64625037
0.64625037
0.64625037
0.64625037
0.64625037
0.64625037
0.64625037
0.64625037
