0.106157415
0.123153865
0.1293168
0.13549303
0.13549303
0.13571084
0.13571084
0.13571084
0.16971157
0.16971157
0.16972958
0.16972958
0.16972958
0.16972958
0.17029662
0.17146868
0.17146868
0.17146868
0.25655323
0.25655323
0.25655323
0.25655323
0.25655323
0.25655323
0.25780952
0.25780952
0.25780952
0.25780952
0.25780952
0.25780952
0.25780952
0.25780952
0.25780952
0.25780952
0.3534277
0.3534277
0.3534277
0.3534277
0.3534277
0.3534277
0.3534277
0.3534277
0.35348043
0.35348043
0.35348043
0.35348043
0.35348043
0.35348043
0.35588893
0.357061
0.357061
0.357061
0.357061
0.357061
0.357061
0.357061
0.357061
0.357061
0.35710114
0.35710114
0.35710114
0.35710114
0.35710114
0.35710114
0.35710114
0.35743257
0.35743257
0.35743257
0.35743257
0.35743257
0.35743257
0.35743257
0.3579493
0.3579493
0.3579493
0.3579493
0.3579493
0.3579493
0.3579493
0.3579493
0.3579493
0.3579493
0.3579493
0.3579493
0.3579493
0.37232107
0.37232107
0.37232107
0.37232107
0.37232107
0.37259328
0.37259328
0.37259328
0.37377512
0.37377512
0.37377512
0.37377512
0.37377512
0.3748866
0.3748866
0.3748866
0.3748866
0.3748866
0.3748866
0.3748866
0.37488717
0.37488717
0.37488717
0.37488717
0.37488717
0.37488717
0.37488717
0.3763508
0.3763508
0.3763508
0.3791643
0.3791643
0.3791643
0.3791643
0.3791643
0.3791643
0.3791643
0.3791643
0.3791643
0.3791643
0.3791643
0.3791643
0.3791643
0.3791643
0.3791643
0.3791643
0.3791643
0.3791643
0.3791643
0.3791643
0.3791643
0.3791643
0.3791643
0.3791643
0.3791643
0.3791643
0.3791643
0.37916487
0.37916487
0.37916487
0.37916487
0.38015488
0.38015488
0.38015488
0.38015488
0.38015488
0.38015488
0.38015488
0.38015488
0.38015488
0.38015488
0.38015488
0.38015488
0.38015488
0.38015488
0.38015488
0.38015488
0.38015488
0.38015488
0.38015488
0.38015488
0.38015488
0.38015488
0.38015488
0.38015488
0.4062744
0.4062744
0.4062744
0.4062744
0.4062744
0.4062744
0.4062744
0.4062744
0.4062744
0.4062744
0.4062744
0.4062744
0.4062744
0.4062744
0.4062744
0.4062744
0.4062744
0.4062744
0.4062744
0.4062744
0.4062744
0.4062744
0.4062744
0.4062744
0.4062744
0.4062744
0.4062744
0.4062744
0.4062744
0.4062744
0.4062744
0.4062744
0.4062744
0.4062744
0.4062744
0.4062744
0.4062744
0.4062744
0.4062744
0.4062744
0.4062744
0.4062744
0.4062744
0.4062744
0.4062744
0.4062744
0.4062744
0.4062744
0.4062744
0.4062744
0.4062744
0.4062744
0.4062744
0.4062744
0.4062744
0.4062744
0.4062744
0.4062744
0.4062744
0.4062744
0.4083724
0.4083724
0.4083724
0.4083724
0.4083724
0.4083724
0.4083724
0.4083724
0.4083724
0.4083724
0.4083724
0.4083724
0.4083724
0.4083724
0.4083724
0.4083724
0.4083724
0.4083724
0.4083724
0.4083724
0.4083724
0.4083724
0.40862074
0.40862074
0.40862074
0.40862074
0.40862074
0.40862074
0.40862074
0.40862074
0.40862074
0.40862074
0.40862074
0.40862074
0.40862074
0.40862074
0.40862074
0.41549075
0.41549075
0.41549075
0.41549075
0.41549075
0.41549075
0.41549075
0.41549075
0.41549075
0.41549075
0.41549075
0.41549075
0.41549075
0.41549075
0.41549075
0.41549075
0.41549075
0.41549075
0.41549075
0.41549075
0.41549075
0.41549075
0.41549075
0.41549075
0.41549075
0.41549075
0.41549075
0.41549075
0.41549075
0.41549075
0.41549075
0.41549075
0.41549075
0.41549075
0.41549075
0.41549075
0.41549075
0.41549075
0.41549075
0.41549075
0.41549075
0.41549075
0.41549075
0.41549075
0.41549075
0.41549075
0.41549075
0.41549075
0.41549075
0.41549075
0.41549075
0.41549075
0.41549075
0.41554347
0.41554347
0.41554347
0.41554347
0.41554347
0.41554347
0.41554347
0.41554347
0.41554347
0.41554347
0.41554347
0.41554347
0.41554347
0.41554347
0.41554347
0.41554347
0.41554347
0.41554347
0.41554347
0.41554347
0.41554347
0.41554347
0.41554347
0.41554347
0.41572598
0.41572598
0.41572598
0.41572598
0.41572598
0.41572598
0.41572598
0.41572598
0.41572598
0.41572598
0.41572598
0.41572598
0.41572598
0.41572598
0.41572598
0.41572598
0.41572598
0.41572598
0.41572598
0.41572598
0.41572598
0.41572598
0.41572598
0.41572598
0.41572598
0.41572598
0.41572598
0.41572598
0.41572598
0.41572598
0.41572598
0.41572598
0.41572598
0.41572598
0.41572598
0.41572598
0.41572598
0.41572598
0.41572598
0.41572598
0.41572598
0.41572598
0.41572598
0.41572598
0.41572598
0.41572598
0.41572598
0.41572598
0.41572598
0.41572598
0.41572598
0.41644278
0.41644278
0.41644278
0.41644278
0.41644278
0.41644278
0.41644278
0.41644278
0.41644278
0.41644278
0.41644278
0.41644278
0.41644278
0.41644278
0.41689745
0.41689745
0.41689745
0.41689745
0.41689745
0.41718456
0.41718456
0.41718456
0.41718456
0.41718456
0.41718456
0.41718456
0.41718456
0.41718456
0.41718456
0.4173076
0.4173076
0.4173076
0.4173076
0.4173076
0.4173076
0.4173076
0.4173076
0.4173076
0.4173076
0.4173076
0.4173076
0.4173076
0.4173076
0.4173076
0.4173076
0.4173076
0.4173076
0.4173076
0.4173076
0.4173076
0.4173076
0.4173076
0.4173076
0.4173076
0.4173076
0.4173076
0.4173076
0.4173076
0.4173076
0.4173076
0.4173076
0.4173076
0.4173076
0.4173076
0.4173076
0.4173076
0.4173076
0.4173076
0.4173076
0.4173076
0.4173076
0.4173076
0.4173076
0.4173076
0.4173076
0.4173076
0.4173076
0.4173076
0.42014605
0.42014605
0.42014605
0.42014605
0.42014605
0.42014605
0.42014605
0.42014605
0.42014605
0.42014605
0.42014605
0.42014605
0.42014605
0.42014605
0.42014605
0.42014605
0.42014605
0.42014605
0.42014605
0.42014605
0.42014605
0.42014605
0.42014605
0.42014605
0.42014605
0.42014605
0.42014605
0.42014605
0.42014605
0.42014605
0.42014605
0.42014605
0.42014605
0.42014605
0.42014605
0.42014605
0.42014605
0.42014605
0.42014605
0.42014605
0.42014605
0.42014605
0.42014605
0.4202277
0.4202277
0.4202277
0.4202277
0.4202277
0.4202277
0.42029983
0.42029983
0.42029983
0.42029983
0.42029983
0.42029983
0.42029983
0.42029983
0.42029983
0.42029983
0.42029983
0.42029983
0.42029983
0.42029983
0.42029983
0.42029983
0.42029983
0.42029983
0.42029983
0.42029983
0.42029983
0.42029983
0.42029983
0.42029983
0.42029983
0.42029983
0.42029983
0.42029983
0.42029983
0.42029983
0.42029983
0.42029983
0.42029983
0.42029983
0.42029983
0.42029983
0.42029983
0.42029983
0.42029983
0.42029983
0.42029983
0.42029983
0.42029983
0.42029983
0.42029983
0.42029983
0.42029983
0.42029983
0.42029983
0.42029983
0.42029983
0.42029983
0.42029983
0.42029983
0.42029983
0.42029983
0.42029983
0.42029983
0.42029983
0.42029983
0.42029983
0.42029983
0.42029983
0.42029983
0.42029983
0.42029983
0.42031217
0.42031217
0.42031217
0.42031217
0.42031217
0.42031217
0.42031217
0.42031217
0.42031217
0.42031217
0.42031217
0.42031217
0.42031217
0.42031217
0.42031217
0.42031217
0.42031217
0.42031217
0.42031217
0.42031217
0.42031217
0.42031217
0.42031217
0.42031217
0.42031217
0.42031217
0.42031217
0.42031217
0.42031217
0.42031217
0.42031217
0.42031217
0.42031217
0.42031217
0.42031217
0.42031217
0.42031217
0.42031217
0.42031217
0.42031217
0.42031217
0.42031217
0.42031217
0.42031217
0.42031217
0.42031217
0.42031217
0.42031217
0.42031217
0.42031217
0.42031217
0.42031217
0.42031217
0.42031217
0.42031217
0.42031217
0.42031217
0.42031217
0.42031217
0.42031217
0.42031217
0.42031217
0.42031217
0.42031217
0.42031217
0.42031217
0.42031217
0.42031217
0.42031217
0.42031217
0.42031217
0.42031217
0.42031217
0.42031217
0.42031217
0.42031217
0.42031217
0.42031217
0.42031217
0.42031217
0.42031217
0.42031217
0.42031217
0.42031217
0.42031217
0.42031217
0.42031217
0.42031217
0.42031217
0.42031217
0.42031217
0.42031217
0.42031217
0.42031217
0.42031217
0.42031217
0.42031217
0.42031217
0.42031217
0.42031217
0.42031217
0.42031217
0.42031217
0.42035365
0.42035365
0.42035365
0.42035365
0.42035365
0.42035365
0.42035365
0.42035365
0.42035365
0.42035365
0.42035365
0.42035365
0.42035365
0.42035365
0.42035365
0.42035365
0.42035365
0.42035365
0.42035365
0.42035365
0.42035365
0.42035365
0.42035365
0.42043814
0.42043814
0.42043814
0.42043814
0.42043814
0.42043814
0.42043814
0.42043814
0.42043814
0.42043814
0.42043814
0.42043814
0.42043814
0.42043814
0.42043814
0.42043814
0.42043814
0.42043814
0.42043814
0.42043814
0.42043814
0.42043814
0.42043814
0.42043814
0.42043814
0.42043814
0.42043814
0.42043814
0.42043814
0.42043814
0.42043814
0.42043814
0.42043814
0.42043814
0.42043814
0.42043814
0.42043814
0.42043814
0.42043814
0.42043814
0.42043814
0.42043814
0.42043814
0.42043814
0.42043814
0.42043814
0.42043814
0.42043814
0.42043814
0.42043814
0.42043814
0.42043814
0.42043814
0.42043814
0.42043814
0.42043814
0.42043814
0.42043814
0.42043814
0.42043814
0.42043814
0.42043814
0.42043814
0.42043814
0.42043814
0.42043814
0.42043814
0.42043814
0.42043814
0.42043814
0.42043814
0.42043814
0.42043814
0.42043814
0.42043814
0.42043814
0.42043814
0.42043814
0.42043814
0.42043814
0.42043814
0.42043814
0.42043814
0.42043814
0.42043814
0.42043814
0.42043814
0.42043814
0.42043814
0.42043814
0.42043814
0.42043814
0.42043814
0.42043814
0.42043814
0.42043814
0.42043814
0.42043814
0.42043814
0.42043814
0.42043814
0.42043814
0.42043814
0.42043814
0.42043814
0.42043814
0.42043814
0.42043814
0.42043814
0.42043814
0.42043814
0.42043814
0.42043814
0.42043814
0.42043814
0.42043814
0.42043814
0.42043814
0.42043814
0.42043814
0.42043814
0.42043814
0.42043814
0.42043814
0.42043814
0.42043814
0.42043814
0.42043814
0.42043814
0.42043814
0.42043814
0.42043814
0.42043814
0.42043814
0.42043814
0.42043814
0.42043814
0.42043814
0.42043814
0.42043814
0.42043814
0.42043814
0.42043814
0.42043814
0.42043814
0.42043814
0.42043814
0.42043814
0.42043814
0.42043814
0.42043814
0.42043814
0.42043814
0.42043814
0.42043814
0.42043814
0.42043814
0.42043814
0.42043814
0.42043814
0.42043814
0.42043814
0.42043814
0.42043814
0.42043814
0.42043814
0.42043814
0.42043814
0.42043814
0.42043814
0.42043814
0.42043814
0.42043814
0.42043814
0.42043814
0.42043814
0.42043814
0.42043814
0.42043814
0.42043814
0.42043814
0.42043814
0.42043814
0.42043814
0.42043814
0.42043814
0.42043814
0.42043814
0.42043814
0.42043814
0.42043814
0.42043814
0.42043814
0.42043814
0.42043814
0.42043814
0.42043814
0.42043814
0.42043814
0.42043814
0.42043814
0.42043814
0.42043814
0.42043814
0.42043814
0.42043814
0.42043814
0.42043814
0.42043814
0.42043814
0.42043814
0.42043814
0.42043814
0.42043814
0.42043814
0.42043814
0.42043814
0.42043814
0.42043814
0.42043814
0.42043814
0.42043814
0.42043814
0.42043814
0.42043814
0.42043814
0.42043814
0.42043814
0.42043814
0.42043814
0.42043814
0.42043814
0.42043814
0.42043814
0.42043814
0.42043814
0.42043814
0.42043814
0.42043814
0.42043814
0.42043814
0.42043814
0.42043814
0.42043814
0.42043814
0.42043814
0.42043814
0.42043814
0.42043814
0.42043814
0.42043814
0.42043814
0.42043814
0.42043814
0.42043814
0.42043814
0.42043814
0.42043814
0.42043814
0.42043814
0.42043814
0.42043814
0.42043814
0.42043814
0.42043814
0.42043814
0.42043814
0.42043814
0.42043814
0.42043814
0.42043814
0.42043814
0.42043814
0.42043814
0.42043814
0.42043814
0.42043814
0.42043814
0.42043814
0.42043814
0.42043814
0.42043814
0.42043814
0.42043814
0.42043814
0.42043814
0.42043814
0.42043814
0.42043814
0.42043814
0.42043814
0.42043814
0.42043814
0.42043814
0.42043814
0.42043814
0.42043814
0.42043814
0.42043814
0.42043814
0.42043814
0.42043814
0.42043814
0.42043814
0.42043814
0.42043814
0.42043814
0.42043814
0.42043814
0.42043814
0.42043814
0.42043814
0.42043814
0.42043814
0.42043814
0.42043814
0.42043814
0.42043814
0.42043814
0.42043814
0.42043814
0.42043814
0.42043814
0.42043814
0.42043814
0.42043814
0.42043814
0.42043814
0.42043814
0.42043814
0.42043814
0.42043814
0.42043814
0.42043814
0.42043814
0.42043814
0.42043814
0.42043814
0.42043814
0.42043814
0.42043814
0.42043814
0.42043814
0.42043814
0.42043814
0.42043814
0.42043814
0.42043814
0.42043814
0.42043814
0.42043814
0.42043814
0.42043814
0.42043814
0.42043814
0.42043814
0.42043814
0.42043814
0.42043814
0.42043814
0.42043814
0.42043814
0.42043814
0.42043814
0.42043814
0.42043814
0.42043814
0.42043814
0.42043814
0.42043814
0.42043814
0.42043814
0.42043814
0.42043814
0.42043814
0.42043814
0.42043814
0.42043814
0.42043814
0.42043814
0.42043814
0.42043814
0.42043814
0.42043814
0.42043814
0.42043814
0.42043814
0.42043814
0.42043814
0.42043814
0.42043814
0.42043814
0.42043814
0.42043814
0.42043814
0.42043814
0.42043814
0.42043814
0.42043814
0.42043814
0.42043814
0.42043814
0.42043814
0.42043814
0.42043814
0.42043814
0.42043814
0.42043814
0.42043814
0.42043814
0.42043814
0.42043814
0.42043814
0.42043814
0.42043814
0.42043814
0.42043814
0.42043814
0.42043814
0.42043814
0.42043814
0.42043814
0.42043814
0.42043814
0.42043814
0.42043814
0.42043814
0.42043814
0.42043814
0.42043814
0.42043814
0.42043814
0.42043814
0.42043814
0.42043814
0.42043814
0.42043814
0.42043814
0.42043814
0.42043814
0.42043814
0.42043814
0.42043814
0.42043814
0.42043814
0.42043814
0.42043814
0.42043814
0.42043814
0.42043814
0.42043814
0.42043814
0.42043814
0.42043814
0.42043814
0.42043814
0.42043814
0.42043814
0.42043814
0.42043814
0.42043814
0.42043814
0.42043814
0.42043814
0.42043814
0.42043814
0.42043814
0.42043814
0.42043814
0.42043814
0.42043814
0.42043814
0.42043814
0.42043814
0.42043814
0.42043814
0.42043814
0.42043814
0.42043814
0.42043814
0.42043814
0.42043814
0.42043814
0.42043814
0.42043814
0.42043814
0.42043814
0.42043814
0.42043814
0.42043814
0.42043814
0.42043814
0.42043814
0.42043814
0.42043814
0.42043814
0.42043814
0.42043814
0.42043814
0.42043814
0.42043814
0.42043814
0.42043814
0.42043814
0.42043814
0.42043814
0.42043814
0.42043814
0.42043814
0.42043814
0.42043814
0.42043814
0.42043814
0.42043814
0.42043814
0.42043814
0.42043814
0.42043814
0.42043814
0.42043814
0.42043814
0.42043814
0.42043814
0.42043814
0.42043814
0.42043814
0.42043814
0.42043814
0.42043814
0.42043814
0.42043814
0.42043814
0.42043814
0.42043814
0.42043814
0.42043814
0.42043814
0.42043814
0.42043814
0.42043814
0.42043814
0.42043814
0.42043814
0.42043814
0.42043814
0.42043814
0.42043814
0.42043814
0.42043814
0.42043814
0.42043814
0.42043814
0.42043814
0.42043814
0.42043814
0.42043814
0.42043814
0.42043814
0.42043814
0.42043814
0.42043814
0.42043814
0.42043814
0.42043814
0.42043814
0.42043814
0.42043814
0.42043814
0.42043814
0.42043814
0.42043814
0.42043814
0.42043814
0.42043814
0.42043814
0.42043814
0.42043814
0.42043814
0.42043814
0.42043814
0.42043814
0.42043814
0.42043814
0.42043814
0.42043814
0.42043814
0.42043814
0.42043814
0.42043814
0.42043814
0.42043814
0.42043814
0.42043814
0.42043814
0.42043814
0.42043814
0.42043814
0.42043814
0.42043814
0.42043814
0.42043814
0.42043814
0.42043814
0.42043814
0.42043814
0.42043814
0.42043814
0.42043814
0.42043814
0.42043814
0.42043814
0.42043814
0.42043814
0.42043814
0.42043814
0.42043814
0.42043814
0.42043814
0.42043814
0.42043814
0.42043814
0.42043814
0.42043814
0.42043814
0.42043814
0.42043814
0.42043814
0.42043814
0.42043814
0.42043814
0.42043814
0.42043814
0.42043814
0.42043814
0.42043814
0.42043814
0.42043814
0.42043814
0.42043814
0.42043814
0.42043814
0.42043814
0.42043814
0.42043814
0.42043814
0.42043814
0.42043814
0.42043814
0.42043814
0.42043814
0.42043814
0.42043814
0.42043814
0.42043814
0.42043814
0.42043814
0.42043814
0.42043814
0.42043814
0.42043814
0.42043814
0.42043814
0.42043814
0.42043814
0.42043814
0.42043814
0.42043814
0.42043814
0.42043814
0.42043814
0.42043814
0.42043814
0.42043814
0.42043814
0.42043814
0.42043814
0.42043814
0.42043814
0.42043814
0.42043814
0.42043814
0.42043814
0.42043814
0.42043814
0.42043814
0.42043814
0.42043814
0.42043814
0.42043814
0.42043814
0.42043814
0.42043814
0.42043814
0.42043814
0.42043814
0.42043814
0.42043814
0.42043814
0.42043814
0.42043814
0.42043814
0.42043814
0.42043814
0.42043814
0.42043814
0.42043814
0.42043814
0.42043814
0.42043814
0.42043814
0.42043814
0.42043814
0.42043814
0.42043814
0.42043814
0.42043814
0.42043814
0.42043814
0.42043814
0.42043814
0.42043814
0.42043814
0.42043814
0.42043814
0.42043814
0.42043814
0.42043814
0.42043814
0.42043814
0.42043814
0.42043814
0.42043814
0.42043814
0.42043814
0.42043814
0.42043814
0.42043814
0.42043814
0.42043814
0.42043814
0.42043814
0.42043814
0.42043814
0.42043814
0.42043814
0.42043814
0.42043814
0.42043814
0.42043814
0.42043814
0.42043814
0.42043814
0.42043814
0.42043814
0.42043814
0.42043814
0.42043814
0.42043814
0.42043814
0.42043814
0.42043814
0.42043814
0.42043814
0.42043814
0.42043814
0.42043814
0.42043814
0.42043814
0.42043814
0.42043814
0.42043814
0.42043814
0.42043814
0.42043814
0.42043814
0.42043814
0.42043814
0.42043814
0.42043814
0.42043814
0.42043814
0.42043814
0.42043814
0.42043814
0.42043814
0.42043814
0.42043814
0.42043814
0.42043814
0.42043814
0.42043814
0.42043814
0.42043814
0.42043814
0.42043814
0.42043814
0.42043814
0.42043814
0.42043814
0.42043814
0.42043814
0.42043814
0.42043814
0.42043814
0.42043814
0.42043814
0.42043814
0.42043814
0.42043814
0.42043814
0.42043814
0.42043814
0.42043814
0.42043814
0.42043814
0.42043814
0.42043814
0.42043814
0.42043814
0.42043814
0.42043814
0.42043814
0.42043814
0.42043814
0.42043814
0.42043814
0.42043814
0.42043814
0.42043814
0.42043814
0.42043814
0.42043814
0.42043814
0.42043814
0.42043814
0.42043814
0.42043814
0.42043814
0.42043814
0.42043814
0.42043814
0.42043814
0.42043814
0.42043814
0.42043814
0.42043814
0.42043814
0.42043814
0.42043814
0.42043814
0.42043814
0.42043814
0.42043814
0.42043814
0.42043814
0.42043814
0.42043814
0.42043814
0.42043814
0.42043814
0.42043814
0.42043814
0.42043814
0.42043814
0.42043814
0.42043814
0.42043814
0.42043814
0.42043814
0.42043814
0.42043814
0.42043814
0.42043814
0.42043814
0.42043814
0.42043814
0.42043814
0.42043814
0.42043814
0.42043814
0.42043814
0.42043814
0.42043814
0.42043814
0.42043814
0.42043814
0.42043814
0.42043814
0.42043814
0.42043814
0.42043814
0.42043814
0.42043814
0.42043814
0.42043814
0.42043814
0.42043814
0.42043814
0.42043814
0.42043814
0.42043814
0.42043814
0.42043814
0.42043814
0.42043814
0.42043814
0.42043814
0.42043814
0.42043814
0.42043814
0.42043814
0.42043814
0.42043814
0.42043814
0.42043814
0.42043814
0.42043814
0.42043814
0.42043814
0.42043814
0.42043814
0.42043814
0.42043814
0.42043814
0.42043814
0.42043814
0.42043814
0.42043814
0.42043814
0.42043814
0.42043814
0.42043814
0.42043814
0.42043814
0.42043814
0.42043814
0.42043814
0.42043814
0.42043814
0.42043814
0.42043814
0.42043814
0.42043814
0.42043814
0.42043814
0.42043814
0.42043814
0.42043814
0.42043814
0.42043814
0.42043814
0.42043814
0.42043814
0.42043814
0.42043814
0.42043814
0.42043814
0.42043814
0.42043814
0.42043814
0.42043814
0.42043814
0.42043814
0.42043814
0.42043814
0.42043814
0.42043814
0.42043814
0.42043814
0.42043814
0.42043814
0.42043814
0.42043814
0.42043814
0.42043814
0.42043814
0.42043814
0.42043814
0.42043814
0.42043814
0.42043814
0.42043814
0.42043814
0.42043814
0.42043814
0.42043814
0.42043814
0.42043814
0.42043814
0.42043814
0.42043814
0.42043814
0.42043814
0.42043814
0.42043814
0.42043814
0.42043814
0.42043814
0.42043814
0.42043814
0.42043814
0.42043814
0.42043814
0.42043814
0.42043814
0.42043814
0.42043814
0.42043814
0.42043814
0.42043814
0.42043814
0.42043814
0.42043814
0.42043814
0.42043814
0.42043814
0.42043814
0.42043814
0.42043814
0.42043814
0.42043814
0.42043814
0.42043814
0.42043814
0.42043814
0.42043814
0.42043814
0.42043814
0.42043814
0.42043814
0.42043814
0.42043814
0.42043814
0.42043814
0.42043814
0.42043814
0.42043814
0.42043814
0.42043814
0.42043814
0.42043814
0.42043814
0.42043814
0.42043814
0.42043814
0.42043814
0.42043814
0.42043814
0.42043814
0.42043814
0.42043814
0.42043814
0.42043814
0.42043814
0.42043814
0.42043814
0.42043814
0.42043814
0.42043814
0.42043814
0.42043814
0.42043814
0.42043814
0.42043814
0.42043814
0.42043814
0.42043814
0.42043814
0.42043814
0.42043814
0.42043814
0.42043814
0.42043814
0.42043814
0.42043814
0.42043814
0.42043814
0.42043814
0.42043814
0.42043814
0.42043814
0.42043814
0.42043814
0.42043814
0.42043814
0.42043814
0.42043814
0.42043814
0.42043814
0.42043814
0.42043814
0.42043814
0.42043814
0.42043814
0.42043814
0.42043814
0.42043814
0.42043814
0.42043814
0.42043814
0.42043814
0.42043814
0.42043814
0.42043814
0.42043814
0.42043814
0.42043814
0.42043814
0.42043814
0.42043814
0.42043814
0.42043814
0.42043814
0.42043814
0.42043814
0.42043814
0.42043814
0.42043814
0.42043814
0.42043814
0.42043814
0.42043814
0.42043814
0.42043814
0.42043814
0.42043814
0.42043814
0.42043814
0.42043814
0.42043814
0.42043814
0.42043814
0.42043814
0.42043814
0.42043814
0.42043814
0.42043814
0.42043814
0.42043814
0.42043814
0.42043814
0.42043814
0.42043814
0.42043814
0.42043814
0.42043814
0.42043814
0.42043814
0.42043814
0.42043814
0.42043814
0.42043814
0.42043814
0.42043814
0.42043814
0.42043814
0.42043814
0.42043814
0.42043814
0.42043814
0.42043814
0.42043814
0.42043814
0.42043814
0.42043814
0.42043814
0.42043814
0.42043814
0.42043814
0.42043814
0.42043814
0.42043814
0.42043814
0.42043814
0.42043814
0.42043814
0.42043814
0.42043814
0.42043814
0.42043814
0.42043814
0.42043814
0.42043814
0.42043814
0.42043814
0.42043814
0.42043814
0.42043814
0.42043814
0.42043814
0.42043814
0.42043814
0.42043814
0.42043814
0.42043814
0.42043814
0.42043814
0.42043814
0.42043814
0.42043814
0.42043814
0.42043814
0.42043814
0.42043814
0.42043814
0.42043814
0.42043814
0.42043814
0.42043814
0.42043814
0.42043814
0.42043814
0.42043814
0.42043814
0.42043814
0.42043814
0.42043814
0.42043814
0.42043814
0.42043814
0.42043814
0.42043814
0.42043814
0.42043814
0.42043814
0.42043814
0.42043814
0.42043814
0.42043814
0.42043814
0.42043814
0.42043814
0.42043814
0.42043814
0.42043814
0.42043814
0.42043814
0.42043814
0.42043814
0.42043814
0.42043814
0.42043814
0.42043814
0.42043814
0.42043814
0.42043814
0.42043814
0.42043814
0.42043814
0.42043814
0.42043814
0.42043814
0.42043814
0.42043814
0.42043814
0.42043814
0.42043814
0.42043814
0.42043814
0.42043814
0.42043814
0.42043814
0.42043814
0.42043814
0.42043814
0.42043814
0.42043814
0.42043814
0.42043814
0.42043814
0.42043814
0.42043814
0.42043814
0.42043814
0.42043814
0.42043814
0.42043814
0.42043814
0.42043814
0.42043814
0.42043814
0.42043814
0.42043814
0.42043814
0.42043814
0.42043814
0.42043814
