0.17430104
0.30822703
0.30822703
0.3155895
0.3155895
0.3155895
0.3155895
0.52788496
0.52788496
0.53535366
0.53535366
0.53784496
0.53784496
0.58747375
0.58747375
0.58747375
0.58747375
0.58747375
0.58747375
0.6270045
0.6270045
0.6270045
0.6270045
0.6270045
0.6270045
0.6270045
0.6270045
0.6270045
0.6270045
0.6270045
0.6270045
0.6270045
0.6270045
0.6270045
0.6270045
0.6270045
0.6270045
0.6270045
0.6270045
0.6270045
0.6270045
0.6270045
0.6540257
0.6540257
0.6540257
0.6540257
0.6540257
0.6540257
0.6540257
0.6540257
0.6540257
0.6540257
0.6540257
0.6540257
0.6540257
0.6540257
0.6540257
0.6540257
0.6540257
0.6540257
0.6540257
0.6540257
0.6540257
0.6540257
0.6540257
0.6540257
0.6540257
0.6540257
0.6540257
0.6540257
0.6540257
0.6540257
0.6540257
0.6540257
0.6540257
0.6540257
0.6540257
0.6540257
0.6540257
0.6540257
0.6540257
0.6540257
0.6540257
0.65638393
0.65638393
0.65638393
0.65638393
0.65638393
0.67386925
0.67386925
0.67386925
0.67386925
0.67386925
0.67386925
0.67386925
0.67386925
0.67386925
0.67386925
0.67386925
0.67386925
0.67386925
0.67386925
0.67386925
0.67386925
0.67386925
0.67386925
0.67386925
0.67386925
0.67386925
0.67386925
0.67386925
0.67386925
0.67386925
0.67386925
0.67386925
0.67386925
0.67386925
0.67386925
0.67386925
0.67386925
0.67386925
0.67386925
0.67386925
0.67386925
0.67386925
0.67386925
0.67386925
0.67386925
0.67386925
0.67386925
0.67386925
0.67386925
0.67386925
0.67386925
0.67386925
0.68548465
0.68548465
0.68548465
0.68548465
0.68548465
0.68548465
0.68548465
0.68548465
0.68548465
0.68548465
0.68548465
0.68548465
0.68548465
0.68548465
0.68548465
0.68548465
0.68548465
0.68548465
0.68548465
0.68548465
0.68548465
0.68548465
0.68548465
0.68548465
0.68548465
0.68548465
0.68548465
0.68548465
0.68548465
0.68548465
0.68548465
0.68548465
0.68548465
0.68548465
0.68548465
0.68548465
0.68548465
0.68548465
0.68548465
0.68548465
0.68548465
0.68548465
0.68548465
0.68548465
0.68548465
0.68548465
0.68548465
0.68548465
0.68548465
0.68548465
0.68548465
0.68548465
0.68548465
0.68548465
0.68548465
0.68548465
0.68548465
0.68548465
0.68548465
0.68548465
0.68548465
0.68548465
0.68548465
0.68548465
0.68548465
0.68548465
0.68548465
0.68548465
0.68548465
0.68548465
0.68548465
0.68548465
0.68548465
0.68548465
0.68548465
0.68548465
0.68548465
0.68548465
0.68548465
0.68548465
0.68548465
0.68548465
0.68548465
0.68548465
0.68548465
0.68548465
0.68548465
0.68548465
0.68548465
0.68548465
0.68548465
0.68548465
0.68548465
0.68548465
0.68548465
0.68548465
0.68548465
0.68548465
0.68548465
0.68548465
0.68548465
0.68548465
0.68548465
0.7334933
0.7334933
0.7334933
0.7334933
0.7334933
0.7334933
0.7334933
0.7334933
0.7334933
0.7334933
0.7334933
0.7334933
0.7334933
0.7334933
0.7334933
0.7334933
0.7356499
0.7356499
0.7356499
0.7356499
0.7356499
0.7356499
0.7356499
0.7356499
0.7356499
0.7356499
0.7356499
0.7356499
0.7356499
0.7356499
0.7356499
0.7356499
0.7356499
0.7356499
0.7356499
0.76026577
0.76026577
0.76026577
0.76026577
0.76026577
0.76026577
0.76026577
0.76026577
0.76026577
0.76026577
0.76026577
0.76026577
0.76026577
0.76026577
0.76026577
0.76026577
0.76026577
0.76026577
0.76026577
0.76026577
0.76026577
0.76026577
0.76026577
0.76026577
0.76026577
0.76026577
0.76026577
0.76026577
0.76026577
0.76026577
0.76026577
0.76026577
0.76026577
0.76026577
0.76026577
0.76026577
0.76026577
0.76026577
0.76026577
0.76026577
0.76026577
0.76026577
0.76026577
0.76026577
0.76026577
0.76026577
0.76026577
0.76026577
0.76026577
0.76026577
0.76026577
0.76026577
0.76026577
0.76026577
0.76026577
0.76026577
0.76026577
0.76026577
0.76026577
0.76026577
0.76026577
0.76026577
0.76026577
0.76026577
0.76026577
0.76026577
0.76026577
0.76026577
0.76026577
0.76026577
0.76026577
0.76026577
0.76026577
0.76026577
0.76026577
0.76026577
0.76026577
0.76026577
0.76026577
0.76026577
0.76026577
0.76026577
0.76026577
0.76026577
0.76026577
0.76026577
0.76026577
0.76026577
0.76026577
0.76026577
0.76026577
0.76026577
0.76026577
0.76026577
0.76026577
0.76026577
0.76026577
0.76026577
0.76026577
0.76026577
0.76026577
0.76026577
0.76026577
0.76026577
0.76026577
0.76026577
0.76026577
0.76026577
0.76026577
0.76026577
0.76026577
0.76026577
0.76026577
0.76026577
0.76026577
0.76026577
0.76026577
0.76026577
0.76026577
0.76026577
0.76026577
0.76026577
0.76026577
0.76026577
0.76026577
0.76026577
0.76026577
0.76026577
0.76026577
0.76026577
0.76026577
0.76026577
0.76026577
0.76026577
0.76026577
0.76026577
0.76026577
0.76026577
0.76026577
0.76026577
0.76026577
0.76026577
0.76026577
0.76026577
0.76026577
0.76026577
0.76026577
0.76026577
0.76026577
0.76026577
0.76026577
0.76026577
0.76026577
0.76026577
0.76026577
0.76026577
0.76026577
0.76026577
0.76026577
0.76026577
0.76026577
0.76026577
0.76026577
0.76026577
0.76026577
0.76026577
0.76026577
0.76026577
0.76026577
0.76026577
0.76026577
0.76026577
0.76026577
0.76026577
0.76026577
0.76026577
0.76026577
0.76026577
0.76026577
0.76026577
0.76026577
0.76026577
0.76026577
0.76026577
0.76026577
0.76026577
0.76026577
0.76026577
0.76026577
0.76026577
0.76026577
0.76026577
0.76026577
0.76026577
0.76026577
0.76026577
0.76026577
0.76026577
0.76026577
0.76026577
0.76026577
0.76026577
0.76026577
0.76026577
0.76026577
0.76026577
0.76026577
0.76026577
0.76026577
0.76026577
0.76026577
0.76026577
0.76026577
0.76026577
0.76026577
0.76026577
0.76026577
0.76026577
0.76026577
0.76026577
0.76026577
0.76026577
0.76026577
0.76026577
0.76026577
0.76026577
0.76026577
0.76026577
