1.4482973
0.07241486
0.10328384
0.13114712
0.15120365
0.20492709
0.20862749
0.21574286
0.22507183
0.20853336
0.21233356
0.22122319
0.23482087
0.2085617
0.23377225
0.24748036
0.24936397
0.24807839
0.28270894
0.27251908
0.2841712
0.2705682
0.3008815
0.2837503
0.29132718
0.31910104
0.268424
0.2918347
0.3159639
0.2800215
0.30548674
0.28431827
0.31772605
0.31335986
0.2881103
0.3195739
0.32425463
0.30870986
0.3238507
0.33404973
0.31424814
0.3270909
0.33730826
0.28644812
0.30351323
0.33574814
0.33522433
0.3433524
0.2934077
0.32242554
0.3227011
0.3322421
0.36638534
0.3548549
0.3462903
0.36763602
0.414076
0.38883597
0.41479358
0.4086414
0.43391094
0.3850485
0.4194613
0.4162492
0.4157845
0.44854742
0.37865978
0.3767112
0.43887138
0.4300447
0.45769793
0.41402435
0.45261726
0.47358036
0.45173016
0.43821555
0.44958034
0.45803794
0.47297364
0.43690878
0.47088665
0.45858875
0.45911184
0.48535046
0.41995043
0.46822256
0.45446673
0.42953914
0.46999526
0.46521562
0.4545382
0.48767003
0.436762
0.44422778
0.46574178
0.4766932
0.486065
0.46066388
0.46101356
0.48883295
0.4995628
0.4529975
0.4526124
0.44110918
0.47902933
0.46917462
0.49883133
0.44772458
0.46886674
0.48241848
0.48183292
0.4766249
0.46090373
0.49245653
0.4884519
0.49251494
0.49896613
0.51407325
0.43765467
0.46390954
0.42986384
0.47881454
0.47892004
0.5180379
0.47033635
0.46002507
0.5034332
0.50430995
0.5212314
0.46827745
0.4961806
0.5237899
0.46725997
0.50106615
0.50628805
0.5320218
0.44169202
0.4679443
0.49315572
0.50491226
0.535794
0.52827084
0.51814175
0.51242733
0.52388626
0.5299134
0.55437744
0.50118405
0.50711644
0.53098774
0.52925473
0.55975205
0.454213
0.50942504
0.5316416
0.5488657
0.53331244
0.5469443
0.53218687
0.52475756
0.5341332
0.5311692
0.5482017
0.56525856
0.4887262
0.4987939
0.49651948
0.52167356
0.5280055
0.56872654
0.5403522
0.53632796
0.57935965
0.48211765
0.5065171
0.47484636
0.49276108
0.5087911
0.50255245
0.5079758
0.49301782
0.53536284
0.5279749
0.53658533
0.5147274
0.5318371
0.56663716
0.5457072
0.5792333
0.54922116
0.5717005
0.5682662
0.58959574
0.4339888
0.5068811
0.5292434
0.50048894
0.5318479
0.5128883
0.55108815
0.5573631
0.578534
0.5546327
0.56459653
0.57838994
0.5648661
0.5472767
0.58678067
0.54935944
0.5553961
0.5868532
0.5995601
0.5137999
0.5400816
0.57017326
0.5885066
0.561425
0.59997624
0.5793709
0.5530887
0.5619451
0.5880221
0.56491727
0.5816623
0.602862
0.5671577
0.5812067
0.5671791
0.58547175
0.6017945
0.5919004
0.5547685
0.5940301
0.58397293
0.6044979
0.57147324
0.5262103
0.57884437
0.5524603
0.5925652
0.58806956
0.61000305
0.49917832
0.5285036
0.58939713
0.56091845
0.5772475
0.58667624
0.5847583
0.5946427
0.5706535
0.6112269
0.5070967
0.5177062
0.5605911
0.5724174
0.512737
0.58652115
0.5913973
0.57705724
0.60516936
0.5418297
0.55439496
0.5559667
0.58534706
0.57340246
0.5762575
0.60852945
0.56097496
0.5938152
0.5704514
0.5559803
0.6049883
0.57865846
0.58586985
0.5534901
0.5696025
0.608118
0.5898305
0.59103835
0.60455114
0.6136569
0.55073744
0.58711284
0.5648957
0.5985806
0.6108599
0.61556226
0.5570153
0.5597061
0.5635908
0.5566497
0.5750611
0.5745038
0.59630346
0.5865295
0.577578
0.6125921
0.592497
0.6013256
0.6015135
0.586833
0.5918892
0.6085333
0.5889635
0.5988132
0.60913646
0.606521
0.61916196
0.51368386
0.57076895
0.5443106
0.51865846
0.55740976
0.55521375
0.53842103
0.5721846
0.56769216
0.57763433
0.578975
0.5667241
0.5685594
0.5589205
0.5671917
0.56041574
0.5424334
0.5907101
0.55809623
0.53514963
0.54082334
0.58801734
0.6049621
0.5610172
0.5795439
0.5592963
0.53154075
0.5957968
0.5657497
0.55962867
0.57197046
0.6074208
0.5802745
0.56121725
0.5980655
0.5932227
0.6066524
0.58246714
0.591729
0.5970424
0.60046476
0.6164125
0.5167062
0.5298412
0.55640244
0.53329253
0.58113074
0.60102266
0.53854233
0.56075215
0.5681687
0.61169916
0.5864226
0.5900976
0.60492915
0.6070273
0.59041464
0.59373677
0.58587086
0.5855588
0.6028676
0.6127029
0.59824663
0.6101562
0.61269236
0.6241662
0.4925007
0.5478253
0.5201299
0.57583886
0.5549687
0.5662328
0.6060563
0.5797676
0.5900822
0.57149464
0.55622613
0.612452
0.5405902
0.5831315
0.57492477
0.5852613
0.6125206
0.60884845
0.5916276
0.60382724
0.622069
0.55642664
0.61384475
0.5989076
0.61137366
0.6064574
0.61161137
0.5901102
0.59372216
0.5979925
0.58978426
0.6097354
0.59779793
0.5934118
0.603577
0.5929922
0.60501325
0.59955484
0.6145208
0.6161214
0.6096379
0.6059339
0.59115165
0.6040431
0.6273782
0.55556935
0.56409574
0.57766235
0.533008
0.5977389
0.5840605
0.5534419
0.5563413
0.55212605
0.6158266
0.55477464
0.5290539
0.5686551
0.60927135
0.59818906
0.56106424
0.60931206
0.58456266
0.6217402
0.5589681
0.58889973
0.5836307
0.59022397
0.56813276
0.61267245
0.59975666
0.6055635
0.5591563
0.6009511
0.6155819
0.60738564
0.6219872
0.60878974
0.6298442
0.62118006
0.61674225
0.6190633
0.62822163
0.619743
0.5915329
0.6127883
0.62749857
0.621035
0.6076168
0.62638116
0.6218143
0.6009712
0.6264987
0.62452894
0.6248947
0.6202077
0.63544756
0.4446343
0.531561
0.59108984
0.574299
0.60832965
0.575613
0.6034806
0.6237375
0.6134167
0.6119665
0.62429625
0.61129254
0.5945773
0.59499097
0.61081386
0.6252435
0.61471766
0.623719
0.6296234
0.5849735
0.577876
0.5765397
0.57481754
0.6031856
0.60680974
0.61284053
0.6174716
0.6038132
0.60283595
0.6132425
0.6069177
0.6363492
0.6341236
0.6293285
0.613081
0.6309299
0.6095439
0.6346415
0.63278717
0.63091433
0.62579685
0.6345304
0.6092573
0.6334415
0.632057
0.619775
0.63538
0.6341214
0.6376503
0.6138304
0.5894915
0.5912339
0.6281734
0.59543145
0.5895976
0.61900973
0.5754044
0.6067161
0.5766832
0.6010181
0.60505164
0.62848574
0.6071735
0.5920664
0.61860144
0.594308
0.5923249
0.5948759
0.6018786
0.63252276
0.62583435
0.6140326
0.5948876
0.60626245
0.62564325
0.6303544
0.6164037
0.63562095
0.6341263
0.63755536
0.6409236
0.54916036
0.5366415
0.5638348
0.5453862
0.5745706
0.50771296
0.5675394
0.553763
0.5387266
0.5738069
0.58270234
0.5565658
0.5908224
0.57292104
0.5686838
0.59602475
0.6158732
0.57177186
0.56787956
0.5658546
0.5987514
0.61569583
0.6243466
0.61542135
0.55522096
0.60898364
0.6257223
0.6331174
0.5662048
0.60557294
0.56808335
0.6060401
0.6327165
0.63447773
0.59737176
0.61982715
0.62964076
0.6353495
0.6312621
0.6329893
0.5878328
0.60968345
0.62904376
0.58992195
0.5938628
0.6351018
0.62175834
0.6376919
0.6163163
0.61175513
0.6085878
0.6132403
0.59346056
0.59410214
0.614458
0.6327595
0.60104805
0.6241306
0.59953225
0.6107352
0.6063385
0.616236
0.6313049
0.6384104
0.63396776
0.6364521
0.6430882
0.541782
0.5641487
0.5363777
0.58248883
0.5740687
0.6009103
0.5843781
0.5786072
0.59274846
0.59885967
0.5950471
0.54947937
0.6001803
0.58564264
0.55922145
0.58765346
0.6130915
0.5874816
0.60302484
0.6242145
0.5530622
0.5964245
0.6060084
0.58527976
0.5904051
0.60594165
0.6135159
0.60911304
0.596782
0.6413808
0.61257786
0.6231498
0.6450082
0.4923781
0.5782352
0.5348779
0.5709961
0.5338019
0.5648084
0.5625878
0.5875543
0.61558956
0.5257099
0.5795406
0.5781841
0.6053425
0.5784156
0.58492434
0.6252283
0.5845578
0.5576313
0.55750525
0.60890186
0.5802106
0.5785463
0.62143815
0.57555705
0.60677755
0.60222125
0.60308564
0.60476786
0.6305895
0.5375806
0.63244236
0.6098609
0.58133113
0.6198381
0.61450183
0.59348065
0.6004024
0.60699016
0.60362434
0.63288325
0.60111827
0.608507
0.60655594
0.6286723
0.62777185
0.6287136
0.6388578
0.63100946
0.60866785
0.6171766
0.62547284
0.61223894
0.6136125
0.61958635
0.61970496
0.6424757
0.49568862
0.6071407
0.5482837
0.58004344
0.5950974
0.61500823
0.6073952
0.5851819
0.62226754
0.59147316
0.6205527
0.55473024
0.60173327
0.57455903
0.59512347
0.62397295
0.61070114
0.6146463
0.625109
0.612825
0.5992719
0.6262704
0.60515535
0.5961425
0.620881
0.60714346
0.62754405
0.5910995
0.59803975
0.60097444
0.61084825
0.5959091
0.6031707
0.64045584
0.59630805
0.5747073
0.5829144
0.58191913
0.59561574
0.63713765
0.6116608
0.6271562
0.6288199
0.6190227
0.63679254
0.6474372
0.47414643
0.5304945
0.4826103
0.5451193
0.5181758
0.5576827
0.5214022
0.5748962
0.5457253
0.57297057
0.5255043
0.5976254
0.53910774
0.5461997
0.5841381
0.52609706
0.5654772
0.6077062
0.5928668
0.58144814
0.5689133
0.61541045
0.53821206
0.6178055
0.6029065
0.5754197
0.6054455
0.59710634
0.61323756
0.625592
0.56162316
0.5860649
0.5948116
0.62698466
0.559309
0.60060614
0.59797627
0.5615798
0.60437703
0.6155707
0.60604143
0.62278056
0.6140316
0.63917315
0.57252204
0.6008581
0.5772431
0.62142813
0.5983976
0.62617934
0.63548416
0.622253
0.6112586
0.61334455
0.63598686
0.645533
0.579114
0.5696338
0.5568592
0.619909
0.5489249
0.55268776
0.5815326
0.5621363
0.59402645
0.5988835
0.5837307
0.62540877
0.5820498
0.59492815
0.57335776
0.5844104
0.6053656
0.632024
0.6256539
0.627359
0.6132862
0.6103937
0.6352061
0.6225941
0.62653667
0.6460645
0.5867828
0.5982855
0.5986681
0.5957192
0.582554
0.6206038
0.5861331
0.6029534
0.571878
0.6347829
0.5633036
0.63357735
0.59941226
0.6079826
0.6397734
0.59741706
0.6166034
0.6004064
0.59572107
0.6217317
0.57828915
0.5832291
0.59527856
0.6102464
0.6145539
0.6394863
0.6089784
0.6047754
0.581116
0.6193004
0.61424196
0.5968975
0.60404634
0.6242351
0.635424
0.59169286
0.6015884
0.6256262
0.62785876
0.6160484
0.6236625
0.6184101
0.60436785
0.63233143
0.61008847
0.6245887
0.63039166
0.6361845
0.62630284
0.6162309
0.62517226
0.6370492
0.6223179
0.62083477
0.62823784
0.61983985
0.6349288
0.6397292
0.6194545
0.646499
0.6067296
0.60854894
0.62390023
0.607818
0.6456044
0.6432041
0.6223456
0.64432925
0.64642775
0.6384327
0.6476392
0.637534
0.59078205
0.624309
0.6352334
0.63248795
0.64283574
0.6374079
0.6320746
0.64882755
0.5865637
0.60547197
0.61385953
0.59043336
0.6067613
0.6043937
0.59870183
0.60253376
0.59589165
0.6395892
0.63305247
0.6431823
0.64871085
0.612723
0.61851174
0.6200259
0.6257385
0.63582546
0.6255969
0.63698626
0.5938246
0.59572935
0.6366662
0.64083385
0.6423633
0.62152255
0.6408677
0.642701
0.6318602
0.6465926
0.6400541
0.6123508
0.58589864
0.63668334
0.64044464
0.56061804
0.5833838
0.60180247
0.60282874
0.5820271
0.6261257
0.6266411
0.60508555
0.62763804
0.62914866
0.627025
0.64520997
0.61405957
0.61813295
0.59443814
0.6280917
0.6171608
0.63655174
0.6433259
0.59643364
0.6066414
0.63517106
0.6472679
0.6482805
0.63593274
0.64895177
0.6458336
0.6354406
0.64557725
0.63852805
0.6485941
0.64489114
0.63301504
0.64456147
0.6459187
0.630828
0.6507087
0.54900074
0.5890638
0.5724648
0.5580931
0.5837412
0.59599197
0.58674705
0.6121272
0.6002319
0.58931816
0.5884817
0.5624449
0.5999085
