0.12459713
0.13527733
0.17932358
0.17932358
0.17932358
0.29853088
0.29946193
0.3458337
0.3458337
0.3458337
0.3458337
0.3458337
0.3458337
0.34722254
0.3734932
0.3734932
0.3734932
0.3734932
0.3734932
0.3734932
0.3734932
0.3734932
0.3734932
0.3734932
0.37923673
0.37923673
0.37923673
0.38919002
0.38919002
0.38919002
0.38919002
0.38919002
0.38919002
0.38919002
0.38919002
0.38919002
0.38919002
0.38919002
0.38919002
0.38919002
0.38919002
0.38919002
0.38919002
0.38919002
0.38919002
0.38919002
0.38919002
0.38919002
0.38919002
0.38919002
0.38919002
0.38919002
0.38919002
0.38919002
0.38919002
0.38919002
0.38919002
0.38919002
0.38919002
0.38919002
0.38919002
0.3893665
0.3893665
0.3893665
0.3893665
0.3893665
0.38988808
0.39163125
0.39163125
0.39163125
0.39163125
0.39163125
0.39526325
0.39526325
0.39526325
0.39526325
0.39526325
0.39526325
0.39526325
0.39526325
0.39526325
0.39526325
0.39526325
0.39526325
0.39526325
0.39526325
0.39587045
0.39587045
0.39587045
0.39587045
0.39587045
0.39587045
0.39587045
0.39587045
0.39587045
0.39587045
0.39587045
0.39587045
0.39587045
0.39587045
0.39587045
0.39587045
0.39587045
0.39587045
0.39587045
0.39587045
0.39587045
0.39587045
0.39587045
0.39587045
0.39587045
0.39587045
0.39587045
0.39587045
0.39587045
0.39587045
0.39587045
0.39587045
0.39587045
0.39587045
0.39587045
0.39587045
0.39587045
0.39587045
0.39587045
0.39587045
0.39587045
0.39587045
0.39587045
0.39587045
0.39587045
0.40853024
0.40853024
0.40853024
0.40853024
0.40853024
0.40853024
0.40853024
0.40853024
0.40853024
0.40853024
0.40853024
0.40853024
0.40853024
0.40853024
0.40853024
0.40853024
0.40853024
0.40853024
0.40853024
0.40853024
0.40853024
0.40853024
0.40853024
0.40853024
0.40853024
0.40853024
0.40853024
0.40853024
0.40853024
0.40853024
0.40853024
0.40853024
0.40853024
0.40853024
0.40853024
0.40853024
0.40853024
0.40853024
0.40853024
0.40853024
0.40853024
0.40853024
0.40853024
0.40853024
0.41050655
0.41050655
0.41050655
0.41050655
0.41050655
0.41050655
0.41050655
0.41050655
0.41050655
0.41050655
0.41050655
0.41050655
0.41050655
0.41050655
0.41050655
0.41050655
0.41050655
0.41050655
0.41050655
0.41050655
0.41050655
0.41050655
0.41050655
0.41050655
0.41050655
0.41050655
0.41050655
0.41050655
0.41050655
0.41050655
0.41050655
0.41050655
0.41050655
0.41050655
0.41050655
0.41050655
0.41050655
0.41050655
0.41050655
0.41050655
0.41050655
0.41050655
0.41050655
0.41050655
0.41050655
0.41050655
0.41050655
0.41050655
0.41050655
0.41050655
0.41050655
0.41050655
0.41050655
0.41050655
0.41050655
0.41050655
0.41064093
0.41064093
0.41064093
0.41064093
0.41064093
0.41064093
0.41064093
0.41064093
0.41064093
0.41064093
0.41064093
0.41064093
0.41064093
0.41064093
0.41064093
0.41064093
0.41064093
0.41064093
0.41064093
0.41064093
0.41064093
0.41064093
0.41064093
0.41064093
0.41064093
0.41064093
0.41064093
0.41064093
0.41064093
0.41064093
0.41064093
0.41064093
0.41064093
0.41064093
0.41064093
0.41064093
0.41064093
0.41064093
0.41064093
0.41064093
0.41064093
0.41064093
0.41064093
0.41064093
0.41064093
0.41064093
0.41064093
0.41064093
0.41064093
0.41064093
0.41064093
0.41064093
0.41064093
0.41064093
0.41064093
0.41064093
0.41064093
0.41064093
0.41064093
0.41064093
0.41064093
0.41064093
0.41064093
0.41064093
0.41064093
0.41064093
0.41064093
0.41064093
0.41064093
0.41064093
0.41064093
0.41064093
0.41064093
0.41064093
0.41064093
0.41064093
0.41064093
0.41064093
0.41064093
0.41064093
0.41064093
0.41064093
0.41158155
0.41158155
0.41158155
0.41158155
0.41158155
0.41158155
0.41158155
0.41158155
0.41158155
0.41158155
0.41158155
0.41158155
0.41158155
0.41158155
0.41158155
0.41158155
0.41158155
0.41158155
0.41158155
0.41158155
0.41158155
0.41158155
0.41158155
0.41158155
0.41158155
0.41158155
0.41158155
0.41158155
0.41158155
0.41158155
0.41158155
0.41158155
0.41158155
0.41158155
0.41158155
0.41158155
0.41158155
0.41158155
0.41158155
0.41158155
0.41158155
0.41158155
0.41158155
0.41158155
0.41158155
0.41158155
0.41158155
0.41158155
0.41199407
0.41199407
0.41199407
0.41199407
0.41199407
0.41199407
0.41199407
0.41199407
0.41199407
0.41199407
0.41199407
0.41199407
0.41199407
0.41199407
0.41199407
0.41199407
0.41199407
0.41199407
0.41199407
0.41199407
0.41199407
0.41199407
0.41199407
0.41199407
0.41199407
0.41199407
0.41199407
0.41199407
0.41199407
0.41199407
0.41199407
0.41199407
0.41199407
0.41199407
0.41199407
0.41199407
0.41199407
0.41199407
0.41199407
0.41199407
0.41199407
0.41199407
0.41199407
0.41199407
0.41199407
0.41199407
0.41199407
0.41199407
0.41199407
0.41199407
0.41199407
0.41199407
0.41199407
0.41237855
0.41237855
0.41237855
0.41237855
0.41237855
0.41237855
0.41237855
0.41237855
0.41237855
0.41237855
0.41237855
0.41237855
0.41237855
0.41237855
0.41237855
0.41237855
0.41237855
0.41237855
0.41237855
0.41237855
0.41237855
0.41237855
0.41237855
0.41237855
0.41237855
0.41237855
0.41237855
0.41237855
0.41237855
0.41237855
0.41237855
0.41237855
0.41237855
0.41237855
0.41237855
0.41237855
0.41237855
0.41237855
0.41237855
0.41237855
0.41237855
0.41237855
0.41237855
0.41237855
0.41237855
0.41237855
0.41237855
0.41237855
0.41237855
0.41237855
0.41237855
0.41237855
0.41237855
0.41237855
0.41237855
0.41237855
0.41237855
0.41237855
0.41237855
0.41237855
0.41237855
0.41237855
0.41237855
0.41237855
0.41237855
0.41237855
0.41237855
0.41237855
0.41237855
0.41237855
0.41237855
0.41237855
0.41237855
0.41237855
0.41237855
0.41237855
0.41237855
0.41237855
0.41237855
0.41237855
0.41237855
0.41237855
0.41237855
0.41237855
0.41237855
0.41237855
0.41237855
