0.33916372
0.33916372
0.33916372
0.33916372
0.33916372
0.33916372
0.33916372
0.33916372
0.33916372
0.3429938
0.3429938
0.3429938
0.3429938
0.3429938
0.3429938
0.3429938
0.35597184
0.35597184
0.35597184
0.35597184
0.35597184
0.35597184
0.35597184
0.35597184
0.35597184
0.35597184
0.35597184
0.35597184
0.35597184
0.35597184
0.35597184
0.35597184
0.35597184
0.35597184
0.35597184
0.35597184
0.35597184
0.35597184
0.35597184
0.35597184
0.35597184
0.35597184
0.35597184
0.35597184
0.35597184
0.35597184
0.35597184
0.35597184
0.356327
0.356327
0.356327
0.356327
0.356327
0.356327
0.356327
0.356327
0.356327
0.356327
0.356327
0.356327
0.356327
0.356327
0.356327
0.356327
0.356327
0.356327
0.356327
0.3573586
0.3573586
0.3573586
0.3573586
0.3573586
0.36036462
0.36036462
0.36036462
0.36036462
0.36036462
0.36036462
0.36036462
0.36036462
0.36036462
0.36036462
0.36036462
0.36036462
0.36036462
0.36036462
0.36036462
0.36036462
0.36036462
0.36036462
0.36036462
0.36036462
0.36036462
0.36036462
0.36036462
0.36036462
0.36036462
0.36036462
0.36036462
0.36036462
0.36036462
0.36036462
0.36036462
0.36036462
0.36036462
0.36036462
0.36036462
0.36036462
0.36036462
0.36036462
0.36036462
0.36036462
0.36036462
0.36036462
0.36036462
0.36036462
0.36036462
0.36036462
0.36036462
0.36036462
0.36036462
0.36036462
0.36036462
0.36036462
0.36036462
0.36036462
0.36036462
0.36036462
0.36036462
0.36036462
0.36036462
0.36036462
0.36036462
0.36036462
0.36036462
0.36036462
0.36036462
0.36036462
0.36036462
0.36036462
0.36036462
0.36036462
0.36036462
0.36036462
0.36036462
0.36036462
0.36036462
0.36036462
0.36036462
0.36036462
0.36036462
0.36036462
0.36036462
0.36036462
0.36036462
0.36036462
0.36036462
0.36036462
0.36036462
0.36036462
0.36036462
0.36036462
0.36036462
0.36036462
0.36036462
0.36036462
0.36036462
0.36036462
0.36036462
0.36036462
0.36036462
0.36036462
0.36036462
0.36036462
0.36036462
0.36036462
0.36036462
0.36036462
0.36036462
0.36036462
0.36036462
0.36036462
0.36036462
0.36036462
0.36036462
0.36036462
0.36036462
0.36036462
0.36036462
0.36036462
0.36036462
0.36036462
0.36036462
0.36036462
0.36036462
0.36036462
0.36036462
0.36036462
0.36036462
0.36036462
0.36036462
0.36036462
0.36036462
0.36036462
0.36036462
0.36036462
0.36036462
0.36036462
0.36036462
0.36036462
0.36036462
0.36036462
0.36036462
0.36036462
0.36036462
0.36036462
0.36036462
0.361042
0.36783203
0.36783203
0.36783203
0.36783203
0.36783203
0.36783203
0.36783203
0.36783203
0.36783203
0.36783203
0.36783203
0.36783203
0.36783203
0.36783203
0.36783203
0.36783203
0.36783203
0.36783203
0.36783203
0.36783203
0.36783203
0.36783203
0.36783203
0.36783203
0.36783203
0.36783203
0.36783203
0.36783203
0.36783203
0.36783203
0.36783203
0.36783203
0.36783203
0.36783203
0.36783203
0.36783203
0.36783203
0.36783203
0.36783203
0.36783203
0.36783203
0.36783203
0.36783203
0.36783203
0.36783203
0.36783203
0.36783203
0.36783203
0.36783203
0.36783203
0.36783203
0.36783203
0.36783203
0.36783203
0.36783203
0.36783203
0.36783203
0.36783203
0.36783203
0.36783203
0.36783203
0.36783203
0.36783203
0.36783203
0.36783203
0.36783203
0.36783203
0.36783203
0.36783203
0.36783203
0.36783203
0.36783203
0.36783203
0.36783203
0.36783203
0.36783203
0.36783203
0.36783203
0.36783203
0.36783203
0.36783203
0.36783203
0.36783203
0.36783203
0.36783203
0.36783203
0.36783203
0.36783203
0.36783203
0.36783203
0.36783203
0.36783203
0.36783203
0.36783203
0.36783203
0.36897054
0.36897054
0.36897054
0.36897054
0.36897054
0.36897054
0.36897054
0.36897054
0.36897054
0.36897054
0.36897054
0.36897054
0.36897054
0.37350574
0.37350574
0.37350574
0.37350574
0.37350574
0.37350574
0.37350574
0.37350574
0.37350574
0.37350574
0.37350574
0.37350574
0.37350574
0.37350574
0.37350574
0.37350574
0.37350574
0.37350574
0.37350574
0.37350574
0.37350574
0.37350574
0.37350574
0.37350574
0.37350574
0.37350574
0.37350574
0.37710133
0.37710133
0.37710133
0.37710133
0.37710133
0.37710133
0.37710133
0.37710133
0.37710133
0.37710133
0.37710133
0.37710133
0.37710133
0.37710133
0.37710133
0.37710133
0.37710133
0.37710133
0.37710133
0.37710133
0.37710133
0.37710133
0.37710133
0.37710133
0.37710133
0.37710133
0.37710133
0.37710133
0.37710133
0.37710133
0.37710133
0.37710133
0.37710133
0.37710133
0.37710133
0.37710133
0.37710133
0.37710133
0.37710133
0.37710133
0.37710133
0.37710133
0.37710133
0.37710133
0.37710133
0.37710133
0.37710133
0.37710133
0.37710133
0.37710133
0.37710133
0.37710133
0.37710133
0.37710133
0.37710133
0.37710133
0.37710133
0.37710133
0.37710133
0.37710133
0.37710133
0.37710133
0.37710133
0.37710133
0.37710133
0.37710133
0.37710133
0.37710133
0.37710133
0.37710133
0.37710133
0.37710133
0.37710133
0.37710133
0.37710133
0.37710133
0.37710133
0.37710133
0.37710133
0.37710133
0.37710133
0.37710133
0.37710133
0.37710133
0.37710133
0.37710133
0.37710133
0.37710133
0.37721553
0.37721553
0.37721553
0.37721553
0.37721553
0.37721553
0.3775318
0.3775318
0.3775318
0.3775318
0.37904343
0.37904343
0.37904343
0.37904343
0.37904343
0.37904343
0.37904343
0.37904343
0.37904343
0.37904343
0.37904343
0.37904343
0.37904343
0.37904343
0.37904343
0.37904343
0.37904343
0.37904343
0.37904343
0.37904343
0.37904343
0.37904343
0.37904343
0.37904343
0.37904343
0.37904343
0.37904343
0.37904343
0.37904343
0.37904343
0.37904343
0.37904343
0.37904343
0.37904343
0.37904343
0.37904343
0.37904343
0.37904343
0.37904343
0.37904343
0.37904343
0.37904343
0.37904343
0.37904343
0.37904343
0.37904343
0.37904343
0.37904343
0.37904343
0.37904343
0.37904343
0.37904343
0.37904343
0.37904343
0.37904343
0.37904343
0.37904343
0.37904343
0.37904343
0.37904343
0.37904343
0.37904343
0.37904343
0.37904343
0.37904343
0.37904343
0.37904343
0.38092947
0.38092947
0.38092947
0.38092947
0.38092947
0.38092947
0.38092947
0.38092947
0.38092947
0.38092947
0.38092947
0.38092947
0.38092947
0.38092947
0.38092947
0.38092947
0.38092947
0.38092947
0.38092947
0.38092947
0.38092947
0.38092947
0.38092947
0.38092947
0.38092947
0.38092947
0.38092947
0.38092947
0.38092947
0.38092947
0.38092947
0.38092947
0.38092947
0.38092947
0.38092947
0.38092947
0.38092947
0.38092947
0.38092947
0.38092947
0.38092947
0.38092947
0.38092947
0.38092947
0.38092947
0.38092947
0.38092947
0.38092947
0.38092947
0.38092947
0.38092947
0.38092947
0.38092947
0.38092947
0.38092947
0.38092947
0.38092947
0.38092947
0.38092947
0.38092947
0.38092947
0.38092947
0.38092947
0.38092947
0.38092947
0.38092947
0.38092947
0.38092947
0.38092947
0.38092947
0.38092947
0.38092947
0.38335198
0.38335198
0.38335198
0.38335198
0.38335198
0.38335198
0.38335198
0.38335198
0.38335198
0.38335198
0.38335198
0.38335198
0.38335198
0.38335198
0.38335198
0.38335198
0.38335198
0.38335198
0.38335198
0.38335198
0.38335198
0.38335198
0.38335198
0.38335198
0.38335198
0.38335198
0.38335198
0.38335198
0.38335198
0.38335198
0.38335198
0.38335198
0.38335198
0.38335198
0.38335198
0.38335198
0.38335198
0.38335198
0.38335198
0.38335198
0.38335198
0.38335198
0.38335198
0.38335198
0.38335198
0.38335198
0.38335198
0.38335198
0.38335198
0.38335198
0.38335198
0.38335198
0.38335198
0.38335198
0.38335198
0.38335198
0.38335198
0.38335198
0.38335198
0.38335198
0.38335198
0.38335198
0.38335198
0.38335198
0.38335198
0.38335198
0.38335198
0.38335198
0.38335198
0.38335198
0.38335198
0.38335198
0.38335198
0.38335198
0.38335198
0.38335198
0.38335198
0.38335198
0.38335198
0.38335198
0.38335198
0.38335198
0.38335198
0.38335198
0.38335198
0.38335198
0.38335198
0.38335198
0.38335198
0.38335198
0.38335198
0.38335198
0.38335198
0.38335198
0.38335198
0.38335198
0.38335198
0.38335198
0.38335198
0.38335198
0.38335198
0.38335198
0.38335198
0.38335198
0.38335198
0.38335198
0.38335198
0.38335198
0.38335198
0.38335198
0.38335198
0.38335198
0.38335198
0.38335198
0.38335198
0.38335198
0.38335198
0.38335198
0.38335198
0.38335198
0.38335198
0.38335198
0.38335198
0.38335198
0.38335198
0.38335198
0.38335198
0.38335198
0.38335198
0.38335198
0.38335198
0.38335198
0.38335198
0.38335198
0.38335198
0.38335198
0.38335198
0.38335198
0.38335198
0.38335198
0.38335198
0.38335198
0.38335198
0.38335198
0.38335198
0.38335198
0.38335198
0.38335198
0.38335198
0.38335198
0.38335198
0.38335198
0.38335198
0.38335198
0.38335198
0.38335198
0.38335198
0.38335198
0.38335198
0.38335198
0.38335198
0.38335198
0.38335198
0.38335198
0.38335198
0.38335198
0.38335198
0.38335198
0.38335198
0.38335198
0.38335198
0.38335198
0.38335198
0.38335198
0.38335198
0.38335198
0.38335198
0.38335198
0.38335198
0.38335198
0.38335198
0.38335198
0.38335198
0.38335198
0.38335198
0.38335198
0.38335198
0.38335198
0.38335198
0.38335198
0.38335198
0.38335198
0.38335198
0.38335198
0.38335198
0.38335198
0.38335198
0.38335198
0.38335198
0.38335198
0.38335198
0.38335198
0.38335198
0.38335198
0.38335198
0.38335198
0.38335198
0.38335198
0.38335198
0.38335198
0.38335198
0.38335198
0.38335198
0.38335198
0.38335198
0.38335198
0.38335198
0.38335198
0.38335198
0.38335198
0.38335198
0.38335198
0.38335198
0.38335198
0.38335198
0.38335198
0.38335198
0.38335198
0.38335198
0.38335198
0.38335198
0.38335198
0.38335198
0.38335198
0.38335198
0.38335198
0.38335198
0.38335198
0.38335198
0.38335198
0.38335198
0.38335198
0.38335198
0.38887778
0.38887778
0.38887778
0.38887778
0.38887778
0.38887778
0.38887778
0.38887778
0.38887778
0.38887778
0.38887778
0.38887778
0.38887778
0.38887778
0.38887778
0.38887778
0.38887778
0.38887778
0.38887778
0.38887778
0.38887778
0.38887778
0.38887778
0.38887778
0.38887778
0.38887778
0.38887778
0.38887778
0.38887778
0.38887778
0.38887778
0.38887778
0.38887778
0.38887778
0.38887778
0.38887778
0.38887778
0.38887778
0.38887778
0.38887778
0.38887778
0.38887778
0.38887778
0.38887778
0.38887778
0.38887778
0.38887778
0.38887778
0.38887778
0.38887778
0.38887778
0.38887778
0.38887778
0.38887778
0.38887778
0.38887778
0.38887778
0.38887778
0.38887778
0.38887778
0.38887778
0.38887778
0.38887778
0.38887778
0.38887778
0.38887778
0.38887778
0.38887778
0.38887778
0.38887778
0.38887778
0.38887778
0.38887778
0.38887778
0.38887778
0.38887778
0.38887778
0.38887778
0.38887778
0.38887778
0.38887778
0.390128
0.390128
0.390128
0.390128
0.390128
0.390128
0.390128
0.390128
0.390128
0.390128
0.390128
0.390128
0.390128
0.390128
0.390128
0.390128
0.390128
0.390128
0.390128
0.390128
0.390128
0.390128
0.390128
0.390128
0.390128
0.390128
0.390128
0.390128
0.390128
0.390128
0.390128
0.390128
0.390128
0.390128
0.390128
0.390128
0.390128
0.390128
0.390128
0.390128
0.390128
0.390128
0.39027053
0.39942554
0.39942554
0.39942554
0.39942554
0.39942554
0.39942554
0.39942554
0.39942554
0.39942554
0.39942554
0.39942554
0.39942554
0.39942554
0.39942554
0.39942554
0.39942554
0.39942554
0.39942554
0.39942554
0.39942554
0.39942554
0.39942554
0.39942554
0.39942554
0.39942554
0.39942554
0.39942554
0.39942554
0.39942554
0.39942554
0.39942554
0.39942554
0.39942554
0.39942554
0.39942554
0.39942554
0.39942554
0.39942554
0.39942554
0.39942554
0.39942554
0.39942554
0.39942554
0.39942554
