0.93621165
0.093621165
0.11736135
0.14420505
0.19343206
0.20291457
0.22020416
0.30487964
0.30258322
0.27977344
0.3168903
0.30544215
0.33245024
0.24502489
0.3146116
0.30966583
0.3118046
0.3124478
0.3175246
0.33677545
0.28807443
0.30658278
0.31803596
0.33937317
0.31176507
0.31576088
0.3444385
0.31493744
0.34243017
0.32823688
0.32028118
0.34508723
0.31001437
0.31455785
0.32736057
0.3396782
0.31468338
0.34393722
0.30791613
0.32299694
0.32614273
0.32614774
0.35094827
0.30487496
0.3307171
0.32360095
0.34928352
0.32921126
0.34494424
0.3463363
0.3528892
0.29363126
0.30246085
0.32269317
0.2984305
0.342856
0.3413166
0.32025456
0.34792197
0.35209894
0.25342453
0.34593824
0.32695657
0.3555086
0.2984569
0.34706262
0.32197458
0.35047323
0.34525624
0.35212424
0.29658008
0.33034962
0.3314449
0.35537812
0.2884895
0.30890337
0.3289654
0.3494611
0.33107635
0.3556185
0.35517427
0.326422
0.35162622
0.33360693
0.32667428
0.35794622
0.3581799
0.34852022
0.33115673
0.3507982
0.3415344
0.35144502
0.3593418
0.26647204
0.2924348
0.28238064
0.32757705
0.32161397
0.3249084
0.34178764
0.32807228
0.3297251
0.3318109
0.33206075
0.3527713
0.3546701
0.29847866
0.3050756
0.31900832
0.33337432
0.35769174
0.27846617
0.33434716
0.3271203
0.32818156
0.32816154
0.32491753
0.30980745
0.35480374
0.3521945
0.35579365
0.352146
0.3380801
0.36052626
0.31378847
0.3541624
0.3210052
0.35595697
0.35300627
0.34249097
0.31426847
0.30609062
0.32692495
0.34005377
0.30289617
0.3536089
0.36088905
0.3130325
0.33572727
0.33651885
0.33594617
0.35902652
0.35408553
0.3087038
0.32809284
0.34934402
0.36359736
0.22796404
0.3225592
0.33201304
0.33295053
0.32916483
0.3324897
0.3348568
0.36153275
0.2934133
0.35137072
0.29444832
0.34280175
0.35639283
0.3414672
0.35846192
0.325337
0.33907416
0.3388834
0.33736452
0.3186964
0.33923283
0.34493485
0.36282942
0.35143355
0.36275923
0.33761686
0.36509046
0.34529656
0.339316
0.3599897
0.36649284
0.262235
0.31461588
0.3147918
0.3507424
0.30732313
0.3557083
0.357966
0.32206446
0.3406486
0.34621933
0.35857922
0.3620806
0.30104044
0.3479581
0.3447977
0.3260039
0.3530965
0.3349895
0.3349957
0.35998946
0.31285203
0.35292974
0.3427657
0.36027274
0.26280695
0.32298532
0.35574698
0.30991715
0.3370691
0.3211437
0.31381544
0.33564636
0.3485573
0.33766055
0.36027354
0.3099718
0.31704348
0.32942662
0.33258072
0.35057077
0.33683315
0.35771126
0.33627084
0.35380822
0.3365071
0.34601364
0.34174198
0.35857838
0.33871418
0.33279327
0.3437193
0.3648863
0.27344456
0.35274407
0.3541162
0.36284065
0.333206
0.36238122
0.36523378
0.3618704
0.3123229
0.36001596
0.35805792
0.3415168
0.3668365
0.29915535
0.3333278
0.3353932
0.3641545
0.33572295
0.32454044
0.301754
0.338349
0.33192495
0.35429195
0.33944848
0.33594778
0.36643785
0.31611687
0.36181384
0.36450145
0.3393587
0.33136427
0.3623595
0.368166
0.35741383
0.3453433
0.353075
0.35922876
0.36771312
0.3458648
0.36571556
0.34418735
0.36979094
0.343743
0.31372064
0.35942286
0.3563036
0.30739132
0.35063738
0.32848483
0.33576268
0.35913676
0.35647568
0.36355528
0.32860407
0.3196862
0.3699737
0.3462422
0.32860646
0.3440559
0.35276216
0.34618187
0.35665295
0.31646675
0.35557136
0.37635326
0.36722627
0.38017672
0.3415646
0.36700612
0.3413547
0.3511913
0.34153926
0.37120304
0.3319594
0.33591607
0.32364282
0.35384652
0.34764567
0.36028245
0.33822894
0.3504128
0.34490782
0.377888
0.3679896
0.34489548
0.3354482
0.36172253
0.37566626
0.3804478
0.27870086
0.30232525
0.33024877
0.29199132
0.32275033
0.3447528
0.35307938
0.3657635
0.37386888
0.34503254
0.3724235
0.3479057
0.37069938
0.36419186
0.35838908
0.35406423
0.36091802
0.3570661
0.35961246
0.35478285
0.38472658
0.2869243
0.28080323
0.34143227
0.3007636
0.3617358
0.34401357
0.33731613
0.35314474
0.3848124
0.28805065
0.30140117
0.30955413
0.35112005
0.3370634
0.35590255
0.30536178
0.32301587
0.32719922
0.3615379
0.38639218
0.32652265
0.35216066
0.3554871
0.37326318
0.35954344
0.36377108
0.36520705
0.38951677
0.3328643
0.3256715
0.387318
0.34104434
0.33160934
0.37578678
0.3581575
0.38131988
0.38544065
0.3558532
0.36804748
0.3634469
0.38383025
0.35048285
0.3867847
0.38706473
0.39236376
0.2979243
0.33928758
0.28731126
0.31255037
0.36168554
0.343311
0.34243137
0.35537058
0.37315375
0.36609983
0.35849565
0.3759201
0.3831305
0.3878936
0.35869583
0.37708813
0.34001753
0.3573804
0.35033765
0.3666266
0.38247505
0.38279644
0.3913714
0.2862174
0.32839736
0.34025684
0.3465858
0.383913
0.36115843
0.36355513
0.39210457
0.3600829
0.3672567
0.3642373
0.38263005
0.37929255
0.36531228
0.3440305
0.38419396
0.36920053
0.3880786
0.32768515
0.37568378
0.389987
0.3721596
0.3468685
0.37564552
0.35592958
0.36301798
0.38191068
0.38150522
0.31442308
0.37228733
0.35861987
0.38863373
0.35491052
0.3590002
0.3839435
0.36112392
0.38671902
0.38612762
0.37282643
0.36878124
0.3893227
0.3502658
0.34807593
0.34187675
0.38794073
0.38719073
0.37031612
0.38965985
0.3814215
0.38750848
0.3866324
0.39324158
0.36893874
0.36657813
0.39279968
0.39283964
0.38636008
0.36777687
0.37337607
0.365926
0.38654876
0.3917159
0.37740192
0.37859657
0.36270836
0.3682262
0.39223477
0.36096284
0.3853876
0.38806802
0.39375687
0.3184511
0.32659698
0.38546696
0.35525185
0.35874876
0.37308085
0.36690265
0.36346012
0.37303877
0.38133878
0.36721298
0.39179474
0.35267335
0.35951376
0.38539663
0.38974234
0.32725114
0.3366389
0.36722204
0.39300403
0.3844652
0.36124116
0.3874311
0.38672167
0.38338023
0.3752743
0.39529395
0.2918941
0.34422025
0.3514803
0.32729965
0.36035067
0.36267233
0.36035255
0.37233695
0.3930734
0.356156
0.38664657
0.3471954
0.32833037
0.34316847
0.3554921
0.3869595
0.37365034
0.3358013
0.3602012
0.3593598
0.36493286
0.39620602
0.36316338
0.32620078
0.3593747
0.3748214
0.3613194
0.36620882
0.37516415
0.37996927
0.39004105
0.35980496
0.3517157
0.39432767
0.32145384
0.37275594
0.3236727
0.35532436
0.3669997
0.3616367
0.38152125
0.35142908
0.3740184
0.39336175
0.35376745
0.37468013
0.37979612
0.38357806
0.37889943
0.3928631
0.39372796
0.39932227
0.32692775
0.37995678
0.36351657
0.36317623
0.383318
0.36402905
0.3706321
0.3870855
0.3267827
0.35380936
0.37649572
0.39335647
0.3605526
0.3948093
0.36493114
0.38304213
0.37642956
0.39256287
0.39459312
0.3723822
0.39826494
0.38992414
0.37387037
0.37447867
0.39601144
0.39855966
0.39436385
0.378653
0.3745296
0.39406332
0.3743236
0.36962312
0.3983255
0.37122306
0.39467272
0.39187318
0.37299642
0.36801094
0.39964628
0.39634758
0.365914
0.39376444
0.3996424
0.402273
0.38764006
0.33172637
0.3854429
0.33889621
0.38698027
0.36637065
0.37045538
0.39952382
0.35697976
0.36139014
0.3826566
0.3749762
0.34112188
0.36611342
0.401685
0.36744186
0.39880565
0.37162942
0.3630924
0.37671062
0.39964163
0.3869371
0.3756127
0.39455214
0.39380935
0.3779324
0.39427227
0.3792363
0.3779661
0.36876482
0.40313286
0.35797587
0.35875446
0.3372362
0.38775438
0.35880023
0.36480564
0.37939876
0.37010622
0.39874643
0.35607275
0.3712002
0.35029253
0.3932087
0.3703354
0.35294467
0.36929488
0.3961756
0.39839706
0.39456397
0.40342838
0.35638902
0.36437523
0.39530993
0.36749998
0.34663567
0.37505063
0.37547165
0.3409557
0.36634743
0.3951741
0.3982309
0.38186914
0.40440208
0.3412224
0.37042436
0.36802515
0.39561296
0.36213833
0.35459983
0.37455592
0.38564253
0.37272966
0.39851585
0.33375683
0.39786443
0.38442522
0.39744812
0.340406
0.36614522
0.3938813
0.39099857
0.4050805
0.38041925
0.3841492
0.34867254
0.39092237
0.39832187
0.3988606
0.40068918
0.38180313
0.37977383
0.4026695
0.3851425
0.38219693
0.39561427
0.404076
0.40774092
0.3417633
0.3781938
0.36173588
0.38066632
0.37412897
0.39723873
0.38595432
0.352547
0.37061322
0.3952999
0.37535718
0.3779816
0.40098968
0.35017875
0.37182432
0.392415
0.3970724
0.3997254
0.37636483
0.4023508
0.4024505
0.38119
0.39606893
0.37457588
0.3800026
0.37890327
0.40314206
0.4001832
0.39613515
0.40833122
0.39687377
0.38165832
0.38416764
0.39463854
0.39724034
0.39725333
0.39679778
0.3923723
0.39359838
0.39637414
0.37946475
0.40784055
0.401169
0.38521308
0.3819351
0.40290675
0.37680125
0.38359386
0.40848675
0.40250292
0.40505275
0.40862256
0.40797067
0.40829724
0.40537795
0.40522304
0.3864208
0.4075026
0.37840208
0.37670416
0.40945035
0.35074288
0.3394505
0.35968342
0.35653543
0.34376866
0.38752574
0.39229447
0.35961416
0.39496362
0.4002696
0.39472696
0.39980617
0.3782286
0.3837461
0.38228855
0.38320893
0.37742788
0.3789793
0.38388142
0.38575432
0.38748074
0.40339407
0.40658802
0.386873
0.39327723
0.38790894
0.37962708
0.3996964
0.4099698
0.3860811
0.36229193
0.38606602
0.38200092
0.40285373
0.37410122
0.36674148
0.33756596
0.3523343
0.39649442
0.40285268
0.38505363
0.36483824
0.38181457
0.38354656
0.39063957
0.36309725
0.40434623
0.34871346
0.40221962
0.3806941
0.38429204
0.4028696
0.4103725
0.35187513
0.4025107
0.3576393
0.37847945
0.3946305
0.38076314
0.4010076
0.37072736
0.3969171
0.35539
0.38688752
0.400601
0.41087493
0.38986394
0.3719749
0.37671202
0.35733217
0.36559474
0.38553306
0.39259824
0.40510422
0.4017083
0.4006061
0.36707303
0.39135084
0.36218804
0.39981186
0.40062135
0.35358223
0.3980199
0.3991289
0.41090307
0.3854452
0.4036963
0.4057939
0.41093463
0.38666576
0.40327102
0.38230437
0.3967889
0.39605922
0.40819716
0.40933532
0.4103872
0.3836543
0.37882963
0.40108424
0.37843537
0.37620732
0.4121426
0.33818927
0.36391187
0.36380273
0.35759416
0.37319118
0.3956396
0.35561863
0.38581914
0.36925474
0.40502113
0.38789743
0.37497863
0.40548936
0.37936312
0.37028188
0.38389844
0.39053568
0.40114093
0.34106854
0.39737704
0.4032444
0.3979531
0.38493162
0.38504618
0.4060677
0.3518284
0.37042004
0.4117078
0.3790501
0.39952746
0.38293776
0.40568933
0.4084046
0.37268943
0.38756818
0.37667632
0.41105008
0.40698186
0.3703968
0.4098398
0.4040584
0.41047293
0.39246354
0.41124493
0.41264185
0.33641917
0.3440214
0.3558672
0.40580076
0.37159827
0.39925557
0.4000443
0.38320783
0.366157
0.40422362
0.3837847
0.40441546
0.40511316
0.40302482
0.39606318
0.38014072
0.40199503
0.38820946
0.41105723
0.40335187
0.36136097
0.3866052
0.3832832
0.37469867
0.38434482
0.40750918
0.36937812
0.400351
0.41178054
0.38918382
0.3116694
0.3973288
0.36141735
0.36587638
0.39739063
0.39236787
0.38511547
0.4040123
0.37266487
0.3979749
0.40829772
0.402812
0.39658388
0.37276965
0.38361514
0.40577507
0.3759431
0.37946105
0.3628456
0.40053958
0.39463902
0.41236687
0.37148097
0.39153865
0.35113502
0.34197748
0.34429374
0.4110821
0.3741887
0.35319042
0.41186708
0.35087857
0.37094903
0.37832507
0.38660675
0.39218926
0.39826596
0.3856474
0.3998301
0.37847117
0.38505676
0.37774578
0.3971786
0.3921301
0.37359324
0.3728374
0.39792195
0.3724409
0.38342676
0.40681404
0.38398114
0.40941945
0.39264363
0.3974028
0.38226905
0.3888429
0.39888924
0.38949722
0.39111376
0.41293964
0.38077372
0.40765387
0.39914006
