0.64362097
0.064362094
0.09033182
0.14537996
0.25393757
0.20342097
0.24503534
0.31975168
0.34339324
0.3360255
0.25161406
0.3412893
0.3494764
0.3653309
0.37993872
0.36947766
0.39558923
0.40003118
0.33533746
0.4288036
0.36822805
0.3819659
0.3686869
0.41325384
0.43990365
0.39011508
0.41608787
0.3759035
0.40089497
0.38949522
0.38285092
0.42996377
0.4254867
0.4458359
0.415723
0.43778658
0.42253652
0.43292403
0.41769728
0.41524786
0.456886
0.42779213
0.42834598
0.46209916
0.38655907
0.4237515
0.4242672
0.44970208
0.39215383
0.46272945
0.44646645
0.4436707
0.4699072
0.41883793
0.3756773
0.397603
0.4452642
0.38875094
0.4423895
0.4385907
0.4586393
0.40789
0.4434142
0.47962275
0.3761475
0.34681803
0.4241581
0.4791669
0.46061078
0.4747972
0.43474633
0.48654562
0.49483126
0.48084655
0.50463307
0.40885773
0.43051487
0.37258515
0.38952592
0.48084125
0.44086885
0.45220032
0.43416533
0.4291876
0.4642938
0.48317838
0.4708384
0.45738715
0.5060016
0.41842484
0.41063452
0.4225738
0.4261005
0.45276603
0.37043014
0.4418469
0.47061476
0.45439464
0.44908
0.48028392
0.48766342
0.44960195
0.47933832
0.4287576
0.4492113
0.4206062
0.4360242
0.4696104
0.45071548
0.5088305
0.4347651
0.4261272
0.39831966
0.4578065
0.5047906
0.46961254
0.48493105
0.50043476
0.4732376
0.50401044
0.49143115
0.5157413
0.4125317
0.46813193
0.45453033
0.45643204
0.47655898
0.46090037
0.49071398
0.47930235
0.50733304
0.418783
0.4451421
0.4484655
0.4421827
0.41672269
0.48276848
0.46985808
0.46940604
0.47228304
0.49851814
0.49002352
0.50560415
0.5118918
0.4303043
0.49882317
0.5065031
0.47895765
0.47977954
0.47718444
0.5237638
0.45345545
0.47369558
0.5007537
0.49185267
0.48961002
0.52204216
0.4635021
0.50351274
0.52892864
0.50605214
0.45469132
0.54493105
0.6567394
0.62470156
0.60813683
0.61859286
0.67032903
0.61903256
0.6132366
0.61669606
0.6119158
0.6788043
0.5726682
0.6176626
0.63407564
0.6811024
0.57880914
0.6895899
0.5386883
0.62453663
0.6816866
0.68655187
0.6286028
0.6900263
0.6172957
0.61753535
0.6163851
0.682082
0.6313702
0.69063145
0.62944186
0.65698004
0.62644553
0.62991726
0.6940457
0.48083705
0.64143395
0.64081204
0.6423191
0.63852096
0.640283
0.70542395
0.5744621
0.59072685
0.6475312
0.7036922
0.675833
0.70975333
0.7155016
0.6705632
0.71648675
0.6538151
0.70297754
0.6204184
0.59066755
0.6466659
0.6581936
0.6682604
0.6914071
0.7203271
0.568221
0.5981038
0.6477996
0.71306556
0.69872785
0.69859636
0.67250454
0.7348163
0.5327714
0.65747523
0.71788806
0.5658766
0.73321426
0.7543658
0.63097674
0.6841928
0.6989366
0.7601181
0.7189847
0.6370903
0.7568346
0.64967513
0.63356084
0.6958252
0.7711361
0.63060933
0.7180007
0.77181363
0.57158935
0.72033846
0.6963357
0.6961053
0.7670144
0.7027198
0.7075277
0.7418408
0.7130831
0.7091056
0.7077938
0.7301183
0.7751944
0.6364187
0.7850883
0.74812853
0.7842509
0.72755754
0.7862786
0.784094
0.7129855
0.78655493
0.79202694
0.07455891
0.13894793
0.2737662
0.30310115
0.30752152
0.3282366
0.30219477
0.33247465
0.29617295
0.35063335
0.32303068
0.34464332
0.33507794
0.33300263
0.36438632
0.3352827
0.34624952
0.3506891
0.3527925
0.37653595
0.3385691
0.34335342
0.4089656
0.4662301
0.5047809
0.5803209
0.6337315
0.6693114
0.59471714
0.63449496
0.69279826
0.6018758
0.58147275
0.7108211
0.6566014
0.6536551
0.71866196
0.58981556
0.71907675
0.57051164
0.62009466
0.7181037
0.6591699
0.6612031
0.7296257
0.5378938
0.60351866
0.709673
0.66007745
0.656351
0.68829197
0.720305
0.6624644
0.6554478
0.7263764
0.66328305
0.6609024
0.72544426
0.6610779
0.72744095
0.73147315
0.6185667
0.7340561
0.5984864
0.7301019
0.735338
0.73583496
0.73459816
0.68566346
0.6712784
0.6898571
0.67349195
0.73606306
0.47140938
0.5231141
0.7117187
0.6655503
0.7182887
0.6218755
0.6577244
0.7002084
0.69343936
0.73089015
0.6647501
0.6662705
0.73269594
0.6735476
0.7341057
0.7235078
0.6493882
0.66560876
0.72906214
0.6201587
0.730193
0.5963243
0.69850165
0.7365068
0.6710386
0.7349518
0.68641174
0.72925603
0.7369685
0.59431356
0.7217086
0.48423824
0.5829745
0.6302325
0.6530795
0.7218834
0.60266316
0.6707478
0.6695343
0.731739
0.6689068
0.7339651
0.7268853
0.67392886
0.7330553
0.68622935
0.7327413
0.7333911
0.7062795
0.7346783
0.7371042
0.5871584
0.65340376
0.6566194
0.7139579
0.7264508
0.6276333
0.6762491
0.68626225
0.7347742
0.60909927
0.6659173
0.6666519
0.7299142
0.7367239
0.73524857
0.66659033
0.7372127
0.7372127
0.7372127
0.7372127
0.7372127
0.7372127
0.7372127
0.7372127
0.7372127
0.7372127
0.7372127
0.7372127
0.7372127
0.7372127
0.7372127
0.7372127
0.7372127
0.7372127
0.7372127
0.7372127
0.7372127
0.7372127
0.7372127
0.7372127
0.7372127
0.7372127
0.7372127
0.7372127
0.7372127
0.7372127
0.7372127
0.7372127
0.7372127
0.7372127
0.7372127
0.7372127
0.7372127
0.7372127
0.7372127
0.7372127
0.7372127
0.7372127
0.7372127
0.7372127
0.7372127
0.7372127
0.7372127
0.7372127
0.7372127
0.7372127
0.7372127
0.7372127
0.7372127
0.7372127
0.7372127
0.7372127
0.7372127
0.7372127
0.7372127
0.7372127
0.7372127
0.7372127
0.7372127
0.7372127
0.7372127
0.7372127
0.7372127
0.7372127
0.7372127
0.7372127
0.7372127
0.7372127
0.7372127
0.7372127
0.7372127
0.7372127
0.7372127
0.7372127
0.7372127
0.7372127
0.7372127
0.7372127
0.7372127
0.7372127
0.7372127
0.7372127
0.7372127
0.7372127
0.7372127
0.7372127
0.7372127
0.7372127
0.7372127
0.7372127
0.7372127
0.7372127
0.7372127
0.7372127
0.7372127
0.7372127
0.7372127
0.7372127
0.7372127
0.7372127
0.7372127
0.7372127
0.7372127
0.7372127
0.7372127
0.7372127
0.7372127
0.7372127
0.7372127
0.7372127
0.7372127
0.7372127
0.7372127
0.7372127
0.7372127
0.7372127
0.7372127
0.7372127
0.7372127
0.7372127
0.7372127
0.7372127
0.7372127
0.7372127
0.7372127
0.7372127
0.7372127
0.7372127
0.7372127
0.7372127
0.7372127
0.7372127
0.7372127
0.7372127
0.7372127
0.7372127
0.7372127
0.7372127
0.7372127
0.7372127
0.7372127
0.7372127
0.7372127
0.7372127
0.7372127
0.7372127
0.7372127
0.7372127
0.7372127
0.7372127
0.7372127
0.7372127
0.7372127
0.7372127
0.7372127
0.7372127
0.7372127
0.7372127
0.7372127
0.7372127
0.7372127
0.7372127
0.7372127
0.7372127
0.7372127
0.7372127
0.7372127
0.7372127
0.7372127
0.7372127
0.7372127
0.7372127
0.7372127
0.7372127
0.7372127
0.7372127
0.7372127
0.7372127
0.7372127
0.7372127
0.7372127
0.7372127
0.7372127
0.7372127
0.7372127
0.7372127
0.7372127
0.7372127
0.7372127
0.7372127
0.7372127
0.7372127
0.7372127
0.7372127
0.7372127
0.7372127
0.7372127
0.7372127
0.7372127
0.7372127
0.7372127
0.7372127
0.7372127
0.7372127
0.7372127
0.7372127
0.7372127
0.7372127
0.7372127
0.7372127
0.7372127
0.7372127
0.7372127
0.7372127
0.7372127
0.7372127
0.7372127
0.7372127
0.7372127
0.7372127
0.7372127
0.7372127
0.7372127
0.7372127
0.7372127
0.7372127
0.7372127
0.7372127
0.7372127
0.7372127
0.7372127
0.7372127
0.7372127
0.7372127
0.7372127
0.7372127
0.7372127
0.7372127
0.7372127
0.7372127
0.7372127
0.7372127
0.7372127
0.7372127
0.7372127
0.7372127
0.7372127
0.7372127
0.7372127
0.7372127
0.7372127
0.7372127
0.7372127
0.7372127
0.7372127
0.7372127
0.7372127
0.7372127
0.7372127
0.7372127
0.7372127
0.7372127
0.7372127
0.7372127
0.7372127
0.7372127
0.7372127
0.7372127
0.7372127
0.7372127
0.7372127
0.7372127
0.7372127
0.7372127
0.7372127
0.7372127
0.7372127
0.7372127
0.7372127
0.7372127
0.7372127
0.7372127
0.7372127
0.7372127
0.7372127
0.7372127
0.7372127
0.7372127
0.7372127
0.7372127
0.7372127
0.7372127
0.7372127
0.7372127
0.7372127
0.7372127
0.7372127
0.7372127
0.7372127
0.7372127
0.7372127
0.7372127
0.7372127
0.7372127
0.7372127
0.7372127
0.7372127
0.7372127
0.7372127
0.7372127
0.7372127
0.7372127
0.7372127
0.7372127
0.7372127
0.7372127
0.7372127
0.7372127
0.7372127
0.7372127
0.7372127
0.7372127
0.7372127
0.7372127
0.7372127
0.7372127
0.7372127
0.7372127
0.7372127
0.7372127
0.7372127
0.7372127
0.7372127
0.7372127
0.7372127
0.7372127
0.7372127
0.7372127
0.7372127
0.7372127
0.7372127
0.7372127
0.7372127
0.7372127
0.7372127
0.7372127
0.7372127
0.7372127
0.7372127
0.7372127
0.7372127
0.7372127
0.7372127
0.7372127
0.7372127
0.7372127
0.7372127
0.7372127
0.7372127
0.7372127
0.7372127
0.7372127
0.7372127
0.7372127
0.7372127
0.7372127
0.7372127
0.7372127
0.7372127
0.7372127
0.7372127
0.7372127
0.7372127
0.7372127
0.7372127
0.7372127
0.7372127
0.7372127
0.7372127
0.7372127
0.7372127
0.7372127
0.7372127
0.7372127
0.7372127
0.7372127
0.7372127
0.7372127
0.7372127
0.7372127
0.7372127
0.7372127
0.7372127
0.7372127
0.7372127
0.7372127
0.7372127
0.7372127
0.7372127
0.7372127
0.7372127
0.7372127
0.7372127
0.7372127
0.7372127
0.7372127
0.7372127
0.7372127
0.7372127
0.7372127
0.7372127
0.7372127
0.7372127
0.7372127
0.7372127
0.7372127
0.7372127
0.7372127
0.7372127
0.7372127
0.7372127
0.7372127
0.7372127
0.7372127
0.7372127
0.7372127
0.7372127
0.7372127
0.7372127
0.7372127
0.7372127
0.7372127
0.7372127
0.7372127
0.7372127
0.7372127
0.7372127
0.7372127
0.7372127
0.7372127
0.7372127
0.7372127
0.7372127
0.7372127
0.7372127
0.7372127
0.7372127
0.7372127
0.7372127
0.7372127
0.7372127
0.7372127
0.7372127
0.7372127
0.7372127
0.7372127
0.7372127
0.7372127
0.7372127
0.7372127
0.7372127
0.7372127
0.7372127
0.7372127
0.7372127
0.7372127
0.7372127
0.7372127
0.7372127
0.7372127
0.7372127
0.7372127
0.7372127
0.7372127
0.7372127
0.7372127
0.7372127
0.7372127
0.7372127
0.7372127
0.7372127
0.7372127
0.7372127
0.7372127
0.7372127
0.7372127
0.7372127
0.7372127
0.7372127
0.7372127
0.7372127
0.7372127
0.7372127
0.7372127
0.7372127
0.7372127
0.7372127
0.7372127
0.7372127
0.7372127
0.7372127
0.7372127
0.7372127
0.7372127
0.7372127
0.7372127
0.7372127
0.7372127
0.7372127
0.7372127
0.7372127
0.7372127
0.7372127
0.7372127
0.7372127
0.7372127
0.7372127
0.7372127
0.7372127
0.7372127
0.7372127
0.7372127
0.7372127
0.7372127
0.7372127
0.7372127
0.7372127
0.7372127
0.7372127
0.7372127
0.7372127
0.7372127
0.7372127
0.7372127
0.7372127
0.7372127
0.7372127
0.7372127
0.7372127
0.7372127
0.7372127
0.7372127
0.7372127
0.7372127
0.7372127
0.7372127
0.7372127
0.7372127
0.7372127
0.7372127
0.7372127
0.7372127
0.7372127
0.7372127
0.7372127
0.7372127
0.7372127
0.7372127
0.7372127
0.7372127
0.7372127
0.7372127
0.7372127
0.7372127
0.7372127
0.7372127
0.7372127
0.7372127
0.7372127
0.7372127
0.7372127
0.7372127
0.7372127
0.7372127
0.7372127
0.7372127
0.7372127
0.7372127
0.7372127
0.7372127
0.7372127
0.7372127
0.7372127
0.7372127
0.7372127
0.7372127
