0.43367004
0.66824013
0.66824013
0.6781978
0.6781978
0.6781978
0.6781978
0.6781978
0.6781978
0.6781978
0.6781978
0.6781978
0.6781978
0.6789515
0.6789515
0.6789515
0.6789515
0.6789515
0.6789515
0.6797269
0.6797269
0.69528145
0.69528145
0.69528145
0.69528145
0.69528145
0.69528145
0.69528145
0.71674496
0.71674496
0.71674496
0.71674496
0.7316263
0.7316263
0.7316263
0.7316263
0.7316263
0.7316263
0.747797
0.747797
0.747797
0.747797
0.747797
0.747797
0.747797
0.747797
0.7501346
0.7501346
0.7501346
0.7501346
0.7501346
0.7526853
0.7526853
0.7526853
0.7526853
0.7526853
0.7526853
0.75618833
0.75618833
0.75618833
0.75618833
0.75618833
0.75618833
0.75618833
0.75618833
0.75618833
0.75626767
0.75626767
0.75626767
0.75626767
0.75626767
0.75626767
0.75626767
0.75626767
0.75626767
0.75626767
0.75626767
0.75626767
0.75626767
0.75626767
0.75626767
0.75626767
0.75626767
0.75626767
0.75626767
0.75626767
0.75626767
0.75626767
0.75626767
0.75626767
0.75626767
0.75626767
0.75626767
0.75626767
0.75626767
0.75626767
0.75626767
0.75626767
0.75626767
0.7585259
0.7585259
0.7585259
0.7585259
0.7585259
0.7585259
0.7585259
0.7585259
0.7586379
0.7586379
0.7586379
0.7586379
0.7586379
0.7586379
0.7586379
0.7586379
0.7586379
0.7586379
0.7586379
0.7586379
0.7586379
0.7586379
0.7586379
0.7586379
0.7586379
0.7586379
0.7586379
0.7586379
0.7586379
0.7586379
0.75879717
0.75879717
0.75879717
0.75879717
0.7597308
0.7597308
0.7597308
0.7597308
0.7597308
0.7597308
0.7597308
0.7597308
0.7597308
0.7597308
0.7597308
0.7597308
0.7597308
0.7597308
0.7597308
0.7597308
0.7597308
0.7597308
0.7597308
0.7597308
0.7597308
0.7597308
0.7597308
0.7597308
0.7597308
0.7597308
0.7597308
0.7597308
0.7597308
0.7597308
0.7597308
0.7597308
0.7597308
0.7597308
0.7597308
0.7597308
0.7597308
0.7597308
0.7598101
0.7598101
0.7598101
0.7598101
0.7598101
0.7598101
0.7598101
0.7598101
0.7598101
0.7598101
0.7598101
0.7598101
0.7598101
0.7598101
0.7598101
0.7598101
0.7598101
0.7598101
0.76000935
0.76000935
0.76000935
0.76000935
0.76000935
0.76000935
0.76000935
0.76000935
0.76000935
0.76000935
0.76000935
0.76000935
0.76000935
0.76000935
0.76000935
0.76000935
0.76000935
0.76000935
0.76000935
0.76000935
0.76000935
0.76000935
0.760728
0.760728
0.760728
0.760728
0.760728
0.760728
0.760728
0.760728
0.760728
0.760728
0.760728
0.760728
0.760728
0.760728
0.760728
0.760728
0.760728
0.760728
0.760728
0.760728
0.760728
0.760728
0.760728
0.760728
0.760728
0.760728
0.760728
0.760728
0.760728
0.760728
0.760728
0.760728
0.760728
0.760728
0.760728
0.760728
0.760728
0.760728
0.760728
0.760728
0.760728
0.760728
0.760728
0.760728
0.760728
0.760728
0.760728
0.760728
0.760728
0.760728
0.760728
0.760728
0.760728
0.760728
0.760728
0.760728
0.760728
0.760728
0.760728
0.760728
0.760728
0.760728
0.760728
0.760728
0.760728
0.760728
0.760728
0.760728
0.760728
0.760728
0.760728
0.760728
0.760728
0.760728
0.760728
0.760728
0.760728
0.760728
0.760728
0.760728
0.760728
0.760728
0.760728
0.760728
0.760728
0.760728
0.760728
0.760728
0.760728
0.760728
0.760728
0.760728
0.760728
0.760728
0.760728
0.760728
0.760728
0.760728
0.760728
0.760728
0.760728
0.760728
0.760728
0.760728
0.760728
0.760728
0.760728
0.760728
0.760728
0.760728
0.760728
0.760728
0.760728
0.760728
0.760728
0.760728
0.760728
0.760728
0.760728
0.760728
0.760728
0.760728
0.760728
0.760728
0.760728
0.760728
0.760728
0.760728
0.760728
0.760728
0.760728
0.760728
0.760728
0.760728
0.760728
0.760728
0.760728
0.760728
0.760728
0.760728
0.760728
0.760728
0.760728
0.760728
0.760728
0.760728
0.760728
0.760728
0.760728
0.760728
0.760728
0.760728
0.760728
0.760728
0.760728
0.760728
0.760728
0.760728
0.760728
0.760728
0.760728
0.760728
0.760728
0.760728
0.760728
0.760728
0.760728
0.760728
0.760728
0.760728
0.760728
0.760728
0.760728
0.760728
0.760728
0.76080734
0.76080734
0.76080734
0.76080734
0.76080734
0.76080734
0.76080734
0.76080734
0.76099926
0.76099926
0.76099926
0.76099926
0.76099926
0.76099926
0.76099926
0.76099926
0.76099926
0.76099926
0.76099926
0.76099926
0.76099926
0.76099926
0.76099926
0.76099926
0.76099926
0.76099926
0.76099926
0.76099926
0.76099926
0.76099926
0.76099926
0.76099926
0.76099926
0.76099926
0.76099926
0.76099926
0.76099926
0.76099926
0.76099926
0.76099926
0.76099926
0.76099926
0.76099926
0.76099926
0.76099926
0.76099926
0.76099926
0.76099926
0.76099926
0.76099926
0.76099926
0.76099926
0.76099926
0.76099926
0.76099926
0.76099926
0.76099926
0.76099926
0.76099926
0.76099926
0.76099926
0.76099926
0.76099926
0.76099926
0.76099926
0.76099926
0.76099926
0.76099926
0.76099926
0.76099926
0.76099926
0.76099926
0.76099926
0.76099926
0.76099926
0.76099926
0.76099926
0.76099926
0.76099926
0.76099926
0.76099926
0.76099926
0.76099926
0.76099926
0.76099926
0.76099926
0.76099926
0.76099926
0.76099926
0.76099926
0.76099926
0.76099926
0.76099926
0.76099926
0.76099926
0.76099926
0.76099926
0.76099926
0.76099926
0.76099926
0.76099926
0.76099926
0.76099926
0.76099926
0.76099926
0.76099926
0.76099926
0.76099926
0.76099926
0.76099926
0.76099926
0.76099926
0.76099926
0.76099926
0.76099926
0.76099926
0.76099926
0.76099926
0.76099926
0.76099926
0.76099926
0.76099926
0.76099926
0.76099926
0.76099926
0.76099926
0.76099926
0.76099926
0.76099926
0.76099926
0.76099926
0.76099926
0.76099926
0.76099926
0.76099926
0.76099926
0.76099926
0.76099926
0.76099926
0.76099926
0.76099926
0.76099926
0.76099926
0.76099926
0.76099926
0.76099926
0.76099926
0.76099926
0.76099926
0.76099926
0.76099926
0.76099926
0.76099926
0.76099926
0.76099926
0.76099926
0.76099926
0.76099926
0.76099926
0.76099926
0.76099926
0.76099926
0.76099926
0.76099926
0.76099926
0.76099926
0.76099926
0.76099926
0.76099926
0.76099926
0.76099926
0.76099926
0.76099926
0.76099926
0.76099926
0.76099926
0.76099926
0.76099926
0.76099926
0.76099926
0.76099926
0.76099926
0.76099926
0.76099926
0.76099926
0.76099926
0.76099926
0.76099926
0.76099926
0.76099926
0.76099926
0.39708775
0.39944693
0.39944693
0.39944693
0.39944693
0.40297273
0.69039345
0.69039345
0.69039345
0.74787635
0.74787635
0.74787635
0.74787635
0.74787635
0.7501346
0.7501346
0.7501346
0.7501346
0.7501346
0.7501346
0.7501346
0.7501346
0.7501346
0.7501346
0.7501346
0.7501346
0.7501346
0.7501346
0.7501346
0.7501346
0.7501346
0.7501346
0.7501346
0.7501346
0.7501346
0.7501346
0.7501346
0.7501346
0.7501346
0.7501346
0.7501346
0.75038135
0.7506526
0.7506526
0.7506526
0.7506526
0.7506526
0.7506526
0.7506526
0.7506526
0.7506526
0.7506526
0.7506526
0.7506526
0.7506526
0.7506526
0.7506526
0.7506526
0.7506526
0.7506526
0.7506526
0.7506526
0.7506526
0.7506526
0.7506526
0.7506526
0.75475156
0.75475156
0.75475156
0.75475156
0.75475156
0.75475156
0.75475156
0.75475156
0.75475156
0.75475156
0.75475156
0.75475156
0.75475156
0.75475156
0.75475156
0.75475156
0.75475156
0.75475156
0.75475156
0.75475156
0.75475156
0.75475156
0.75475156
0.75475156
0.7548309
0.7548309
0.7548309
0.7548309
0.7548309
0.7548309
0.7548309
0.7548309
0.7548309
0.7548309
0.7548309
0.7548309
0.7548309
0.7548309
0.7548309
0.7548309
0.7548309
0.7548309
0.7548309
0.7548309
0.7548309
0.7548309
0.7548309
0.7548309
0.7548309
0.7548309
0.7548309
0.7548309
0.7548309
0.7548309
0.7548309
0.7548309
0.7548309
0.7548309
0.7548309
0.7548309
0.7548309
0.7548309
0.7548309
0.7548309
0.7548309
0.7548309
0.7548309
0.7548309
0.7548309
0.7548309
0.7586998
0.7586998
0.7586998
0.7586998
0.7586998
0.7586998
0.7586998
0.7586998
0.7586998
0.7586998
0.7599857
0.7599857
0.7599857
0.7599857
0.7599857
0.7599857
0.7599857
0.7599857
0.7599857
0.7599857
0.7599857
0.7599857
0.7599857
0.7599857
0.7599857
0.7599857
0.7599857
0.7599857
0.7599857
0.7599857
0.7599857
0.7599857
0.7599857
0.7599857
0.7599857
0.7599857
0.7599857
0.7599857
0.7599857
0.7599857
0.7599857
0.7599857
0.7599857
0.7599857
0.7599857
0.7599857
0.7599857
0.7599857
0.7599857
0.7599857
0.7599857
0.7599857
0.7599857
0.7599857
0.7599857
0.7599857
0.7599857
0.76080734
0.76080734
0.76080734
0.76080734
0.76080734
0.76080734
0.76080734
0.76080734
0.76080734
0.76080734
0.76080734
0.76080734
0.76080734
0.76080734
0.76080734
0.76080734
0.76080734
0.76080734
0.76080734
0.76080734
0.76080734
0.76080734
0.76080734
0.76080734
0.76080734
0.76080734
0.76080734
0.76080734
0.76080734
0.76080734
0.76080734
0.76080734
0.76080734
0.76080734
0.76080734
0.76080734
0.76080734
0.76080734
0.76080734
0.76080734
0.76080734
0.76080734
0.76080734
0.76080734
0.76080734
0.76080734
0.76080734
0.76080734
0.76080734
0.76080734
0.76080734
0.76080734
0.76080734
0.76080734
0.76080734
0.76080734
0.76080734
0.76080734
0.76080734
0.76080734
0.76080734
0.76080734
0.76080734
0.76080734
0.76080734
0.76080734
0.76080734
0.76080734
0.76080734
0.76080734
0.76080734
0.76080734
0.76080734
0.76080734
0.76080734
0.76080734
0.76080734
0.76080734
0.76080734
0.76080734
0.76080734
0.76080734
0.76080734
0.76080734
0.76080734
0.76080734
0.76080734
0.76080734
0.76080734
0.76080734
0.76080734
0.76080734
0.76080734
0.76080734
0.76080734
0.76080734
0.76080734
0.76080734
0.76080734
0.76080734
0.76080734
0.76080734
0.76080734
0.76080734
0.76080734
0.76080734
0.76080734
0.76080734
0.76080734
0.76080734
0.76080734
0.76080734
0.76080734
0.76080734
0.76080734
0.76080734
0.76080734
0.76080734
0.76080734
0.76080734
0.76080734
0.76080734
0.76080734
0.76080734
0.76080734
0.76080734
0.76080734
0.76080734
0.76080734
0.76080734
0.76080734
0.76080734
0.76080734
0.76080734
0.76080734
0.76080734
0.76080734
0.76080734
0.76080734
0.76080734
0.76080734
0.76080734
0.76080734
0.76080734
0.76080734
0.76080734
0.76080734
0.76080734
0.76080734
0.76080734
0.76080734
0.76080734
0.76080734
0.76080734
0.76080734
0.76080734
0.76080734
0.76080734
0.76080734
0.76080734
0.76080734
0.76080734
0.76080734
0.76080734
0.76080734
0.76080734
0.76080734
0.76080734
0.76080734
0.76080734
0.76080734
0.76080734
0.76080734
0.76080734
0.76080734
0.76080734
0.76080734
0.76080734
0.76080734
0.76080734
0.76080734
0.76080734
0.76080734
0.76080734
0.76080734
0.76080734
0.76080734
0.76080734
0.76080734
0.76080734
0.76080734
0.76080734
0.76080734
0.76080734
0.76080734
0.76080734
0.76080734
0.76080734
0.76080734
0.76080734
0.76080734
0.76080734
0.76080734
0.76080734
0.76080734
0.76080734
0.76080734
0.76080734
0.76080734
0.76080734
0.76080734
0.76080734
0.76080734
0.76080734
0.76080734
0.76080734
0.76080734
0.76080734
0.76080734
0.76080734
0.76080734
0.76080734
0.76080734
0.76080734
0.76080734
0.76080734
0.76080734
0.76080734
0.76080734
0.76080734
0.76080734
