0.30894154
0.3112276
0.31267878
0.31267878
0.31267878
0.31267878
0.31267878
0.31267878
0.31267878
0.31267878
0.31267878
0.31267878
0.31267878
0.31267878
0.31267878
0.31267878
0.31267878
0.31267878
0.31267878
0.31267878
0.31267878
0.31267878
0.31267878
0.31267878
0.31267878
0.31267878
0.31267878
0.31267878
0.31267878
0.31267878
0.31267878
0.31267878
0.31267878
0.31267878
0.31267878
0.31267878
0.31267878
0.31267878
0.31267878
0.31267878
0.31267878
0.31267878
0.31267878
0.31267878
0.31267878
0.31267878
0.31267878
0.31267878
0.31267878
0.31267878
0.31267878
0.31267878
0.31267878
0.31267878
0.31267878
0.31267878
0.31267878
0.31269583
0.31269583
0.31269583
0.31269583
0.31269583
0.31269583
0.31269583
0.31269583
0.31269583
0.31269583
0.31269583
0.31269583
0.31269583
0.31269583
0.31269583
0.31269583
0.31269583
0.31269583
0.31269583
0.31269583
0.31478968
0.31478968
0.31478968
0.31478968
0.31478968
0.31478968
0.31478968
0.31478968
0.31478968
0.31478968
0.31478968
0.31478968
0.31478968
0.31478968
0.31478968
0.31478968
0.31478968
0.31478968
0.31478968
0.31478968
0.31478968
0.31478968
0.31478968
0.31478968
