0.26815373
0.4147258
0.4147258
0.4147258
0.42802945
0.49248734
0.49248734
0.49248734
0.49248734
0.5118269
0.5118269
0.5118269
0.5118269
0.5118269
0.5118269
0.5118269
0.5118269
0.5118269
0.5118269
0.51687694
0.51687694
0.51687694
0.51687694
0.51687694
0.51687694
0.51687694
0.51687694
0.51687694
0.51687694
0.51687694
0.51687694
0.51687694
0.51687694
0.51687694
0.51687694
0.51687694
0.51687694
0.51687694
0.53343976
0.53343976
0.53343976
0.53343976
0.53343976
0.53343976
0.53343976
0.53343976
0.53343976
0.53343976
0.5371843
0.5371843
0.5371843
0.5371843
0.5371843
0.5371843
0.5371843
0.5371843
0.5371843
0.5371843
0.5371843
0.5371843
0.55023485
0.55023485
0.55023485
0.55023485
0.55023485
0.5503402
0.5503402
0.5503402
0.5503402
0.5503402
0.5503402
0.5503402
0.5503402
0.5503402
0.5503402
0.5555423
0.5555423
0.5555423
0.5555423
0.5555423
0.5555423
0.5555423
0.5555423
0.5795276
0.5795276
0.5795276
0.5795276
0.5795276
0.5795276
0.5795276
0.5795276
0.5795276
0.5795276
0.5795276
0.5795276
0.5795276
0.5795276
0.5795276
0.5795276
0.5795276
0.5795276
0.5795276
0.5795276
0.5795276
0.5795276
0.5795276
0.5795276
0.5795276
0.5795276
0.5795276
0.5795276
0.5795276
0.58021516
0.58021516
0.58021516
0.58021516
0.58021516
0.58021516
0.58021516
0.58021516
0.58021516
0.58021516
0.58021516
0.58021516
0.5847692
0.5847692
0.5847692
0.5847692
0.5847692
0.5847692
0.5847692
0.5847692
0.5847692
0.5847692
0.5847692
0.5847692
0.5847692
0.5847692
0.601321
0.601321
0.601321
0.601321
0.601321
0.601321
0.601321
0.601321
0.601321
0.62208647
0.62208647
0.62208647
0.62208647
0.62208647
0.62208647
0.62208647
0.62208647
0.62208647
0.62208647
0.62208647
0.62208647
0.62208647
0.62208647
0.62208647
0.62208647
0.62208647
0.62208647
0.62208647
0.62208647
0.62208647
0.62208647
0.62208647
0.62208647
0.62208647
0.62208647
0.62208647
0.62208647
0.62208647
0.62208647
0.62208647
0.62208647
0.62208647
0.62208647
0.62208647
0.62208647
0.62208647
0.62208647
0.62208647
0.62208647
0.62208647
0.62208647
0.62208647
0.62208647
0.62208647
0.6236372
0.6236372
0.6236372
0.6236372
0.6236372
0.6236372
0.6236372
0.6236372
0.6236372
0.6236372
0.6236372
0.6236372
0.6236372
0.6236372
0.6236372
0.6236372
0.6236372
0.6236372
0.6236372
0.6263283
0.6263283
0.6263283
0.6263283
0.6263283
0.6263283
0.6263283
0.6263283
0.6263283
0.6263283
0.6263283
0.6263283
0.6263283
0.6263283
0.6263283
0.6263283
0.6263283
0.6263283
0.6263283
0.6263283
0.6263283
0.6263283
0.6263283
0.6263283
0.6263283
0.6263283
0.6263283
0.6263283
0.6263283
0.6263283
0.6263283
0.6263283
0.6263283
0.6263283
0.6263283
0.6263283
0.6263283
0.6263283
0.6263283
0.6263283
0.6263283
0.6263283
0.6263283
0.6268784
0.6268784
0.6268784
0.6268784
0.6268784
0.6268784
0.63029987
0.63029987
0.63029987
0.63029987
0.63029987
0.63029987
0.63029987
0.63029987
0.63029987
0.63029987
0.63029987
0.63029987
0.63029987
0.63029987
0.63029987
0.63029987
0.63029987
0.63029987
0.63029987
0.63029987
0.63029987
0.63029987
0.63029987
0.63275343
0.63275343
0.63275343
0.63275343
0.63275343
0.63275343
0.63275343
0.63275343
0.63275343
0.63275343
0.63275343
0.63275343
0.63275343
0.63275343
0.63275343
0.63275343
0.63275343
0.63275343
0.63275343
0.63275343
0.63275343
0.63275343
0.63275343
0.63275343
0.63275343
0.63275343
0.63275343
0.63275343
0.63275343
0.63275343
0.63275343
0.63275343
0.63275343
0.63275343
0.63275343
0.63275343
0.63275343
0.63275343
0.63275343
0.63275343
0.63275343
0.63275343
0.63275343
0.63275343
0.63275343
0.63275343
0.63275343
0.63275343
0.63275343
0.63275343
0.63275343
0.6360655
0.6360655
0.6360655
0.6360655
0.6360655
0.6360655
0.6360655
0.6360655
0.6360655
0.6360655
0.6360655
0.6360655
0.6360655
0.6360655
0.6360655
0.6360655
0.6360655
0.6360655
0.6360655
0.6360655
0.6360655
0.6360655
0.6360655
0.6360655
0.6360655
0.6360655
0.6360655
0.6360655
0.6360655
0.6360655
0.6360655
0.6360655
0.6360655
0.6360655
0.6360655
0.6360655
0.6360655
0.6360655
0.6360655
0.6360655
0.6360655
0.6360655
0.6360655
0.6360655
0.6360655
0.6360655
0.6360655
0.6360655
0.6360655
0.6360655
0.6360655
0.6360655
0.6360655
0.6360655
0.6360655
0.6360655
0.6360655
0.6360655
0.6360655
0.6360655
0.6360655
0.6360655
0.6360655
0.6360655
0.6360655
0.6360655
0.6360655
0.6360655
0.6360655
0.6360655
0.6360655
0.6360655
0.6360655
0.6360655
0.6360655
0.6360655
0.6360655
0.6360655
0.6360655
0.6360655
0.6360655
0.6360655
0.6360655
0.6360655
0.6360655
0.6360655
0.6360655
0.6360655
0.6360655
0.6360655
0.6360655
0.6360655
0.6360655
0.6360655
0.6360655
0.6360655
0.6360655
0.6360655
0.6360655
0.6360655
0.6360655
0.6360655
0.6360655
0.6360655
0.6360655
0.6360655
0.6360655
0.6360655
0.6360655
0.6360655
0.6360655
0.6360655
0.6360655
0.6360655
0.6360655
0.6360655
0.6360655
0.6360655
0.6360655
0.6360655
0.6360655
0.6360655
0.6360655
0.6360655
0.6360655
0.6360655
0.6360655
0.6360655
0.6360655
0.6360655
0.6360655
0.6360655
0.6360655
0.6360655
0.6360655
0.6360655
0.6360655
0.6360655
0.6360655
0.6360655
0.6385947
0.6385947
0.6385947
0.6385947
0.6385947
0.6385947
0.6385947
0.6385947
0.6385947
0.6385947
0.6385947
0.6385947
0.6385947
0.6385947
0.6385947
0.6385947
0.6385947
0.6385947
0.6385947
0.6385947
0.6385947
0.6385947
0.6385947
0.6385947
0.6385947
0.6385947
0.6385947
