0.5574994
0.05574994
0.06943771
0.09882958
0.14504075
0.16490899
0.17317358
0.18046513
0.20951943
0.24983065
0.28960758
0.25007814
0.3227279
0.3522405
0.3691917
0.34374833
0.3718591
0.35841483
0.39142948
0.4313035
0.41893578
0.41442364
0.42224067
0.44392362
0.4698155
0.4234717
0.3977031
0.44680196
0.48647952
0.3864719
0.4409812
0.42351848
0.48608026
0.38073707
0.42431873
0.46846113
0.46934003
0.49897885
0.4173971
0.45251504
0.437733
0.5052283
0.34715253
0.42948523
0.45998102
0.49836475
0.51136845
0.476554
0.48792887
0.46219224
0.49662918
0.52951485
0.45276618
0.48967296
0.5197054
0.4825561
0.53039116
0.5456296
0.4854931
0.5018932
0.4867788
0.5182091
0.52591884
0.50566494
0.5134732
0.50481325
0.5360992
0.5575769
0.46628338
0.4764665
0.45170194
0.514547
0.50333226
0.49313396
0.4761765
0.5321182
0.5609378
0.5109605
0.5406835
0.5518194
0.5349609
0.5353087
0.5238659
0.56577975
0.44880256
0.4089736
0.53042305
0.46434957
0.5642768
0.5358593
0.5150974
0.42106825
0.5648221
0.53739303
0.51053596
0.56300724
0.51184833
0.53545916
0.52109396
0.55110794
0.5291716
0.5392567
0.5758072
0.45114604
0.51192844
0.5090591
0.5420207
0.49207935
0.53929746
0.54370654
0.57063323
0.5139492
0.5359358
0.55524606
0.47034627
0.48685998
0.54642355
0.4844733
0.5369556
0.51303226
0.5279138
0.57809144
0.5162327
0.45367867
0.5181143
0.47599888
0.50538415
0.52795917
0.56657124
0.52922297
0.5023647
0.5634384
0.48387414
0.4810728
0.4915753
0.5157163
0.50948167
0.5318407
0.5751938
0.5240796
0.5408529
0.5188271
0.5692252
0.5488579
0.573605
0.5809885
0.49566516
0.58071744
0.55386454
0.5082383
0.58735114
0.52133507
0.5661521
0.47748518
0.58621144
0.53373635
0.57955056
0.5922321
0.5027069
0.53160465
0.56304735
0.5100213
0.5605161
0.5668721
0.5106989
0.5309672
0.5468851
0.5488897
0.59076536
0.5906579
0.5865318
0.58981884
0.58823824
0.59902537
0.5059234
0.47738934
0.5451432
0.59811074
0.59777665
0.539126
0.57998884
0.55536914
0.5429201
0.53155345
0.54118377
0.5120417
0.5419172
0.5733391
0.60127985
0.57233965
0.54480517
0.5086616
0.5780675
0.5732103
0.564362
0.5620482
0.60543877
0.5243672
0.45777383
0.53285086
0.5112785
0.54197377
0.5429684
0.5838159
0.51713246
0.56528914
0.5828921
0.53370804
0.5993155
0.5606669
0.55083317
0.55438226
0.5997919
0.5812639
0.5927525
0.59556484
0.589959
0.588235
0.5824975
0.5743844
0.57677984
0.5781963
0.5685962
0.5700484
0.5996798
0.56245786
0.5500359
0.6069745
0.51074976
0.47583538
0.5704796
0.6122621
0.43324757
0.43157673
0.47888842
0.46478528
0.5060798
0.5531865
0.56376016
0.50553423
0.5181323
0.56463087
0.5222514
0.5651027
0.5627385
0.5506659
0.59615433
0.5218656
0.5492651
0.5485495
0.5978851
0.5354465
0.5513679
0.6044662
0.5966754
0.59963405
0.58206457
0.566831
0.5869397
0.55132973
0.5832304
0.5755191
0.55413705
0.5883052
0.6080462
0.5297537
0.53790045
0.58937263
0.56979054
0.50618064
0.5063046
0.54210633
0.56233597
0.59492886
0.58399045
0.5461792
0.5990063
0.524762
0.54053223
0.5689424
0.5401497
0.5898069
0.56971747
0.6023793
0.57506984
0.61445034
0.45837396
0.553374
0.46338826
0.54119366
0.590343
0.5083558
0.55972993
0.5555619
0.5804478
0.5583754
0.59830827
0.58827007
0.5065386
0.57135415
0.5324639
0.5978542
0.5745574
0.6186139
0.53700703
0.5490375
0.6007219
0.47532424
0.4782021
0.5043289
0.53073215
0.5369915
0.5671524
0.5457186
0.58057785
0.48451167
0.5600043
0.5891717
0.53693515
0.54431057
0.59665525
0.5434481
0.5416938
0.55513966
0.6111558
0.4705468
0.5286983
0.4838833
0.54358876
0.54537493
0.5749117
0.5771705
0.5629107
0.6070114
0.56865
0.58675563
0.5788733
0.57532126
0.6100153
0.5671982
0.5477135
0.47952613
0.5246507
0.5383812
0.55705345
0.6044962
0.51838887
0.54558176
0.5344534
0.57847625
0.6082725
0.5681571
0.6056824
0.6050574
0.62485695
0.52748835
0.58237344
0.54793644
0.5219461
0.5759191
0.60035163
0.6107655
0.6345882
0.5765969
0.6250883
0.5870777
0.58841425
0.5984155
0.62922794
0.60510695
0.63512146
0.5180315
0.5737687
0.6082734
0.6126989
0.60107887
0.58499473
0.55219007
0.61153543
0.5703277
0.62621105
0.57567894
0.6122624
0.6315491
0.6341587
0.52980953
0.5884487
0.61600095
0.6071497
0.570711
0.5702487
0.602153
0.6009038
0.5502473
0.63095856
0.5993322
0.6271942
0.57103854
0.6058862
0.6053753
0.59568703
0.6118022
0.63366896
0.57073295
0.63477963
0.5880391
0.6125882
0.6266144
0.63585675
0.55539715
0.5578679
0.6271884
0.5959631
0.58502233
0.6025582
0.63538325
0.63701266
0.5199071
0.61564404
0.5925185
0.61061984
0.5133754
0.58621985
0.5903123
0.56337744
0.62270015
0.5367185
0.620872
0.52659523
0.57016265
0.6125673
0.5745548
0.5011468
0.51071554
0.6129939
0.58472353
0.5902678
0.5743133
0.6120826
0.59457767
0.6018251
0.6373633
0.5935881
0.5841528
0.6049001
0.56744283
0.5679244
0.5861216
0.62674826
0.63408864
0.6306202
0.60054153
0.5820757
0.6148559
0.62129503
0.62982446
0.62666357
0.6258221
0.627648
0.6131855
0.6202422
0.62571585
0.6161312
0.6245782
0.6162207
0.6236426
0.61680186
0.63996613
0.5266158
0.5881413
0.6135306
0.5858451
0.5427774
0.6052845
0.6117843
0.5128915
0.5661179
0.6133505
0.57245964
0.62518233
0.52120084
0.576072
0.6048068
0.5787064
0.58404684
0.6031281
0.5796084
0.6341845
0.609483
0.6124799
0.64020026
0.46784863
0.59921885
0.52687055
0.54667175
0.6136552
0.5994482
0.57925373
0.60608876
0.6253368
0.625433
0.6352532
0.60158086
0.52730286
0.57649046
0.55252135
0.5518025
0.61610466
0.52296895
0.6329939
0.6200925
0.5519613
0.5546948
0.5670877
0.5752476
0.6158002
0.6273083
0.6284237
0.5744389
0.6039094
0.589256
0.6090014
0.54977924
0.5427404
0.56532073
0.6369344
0.52536833
0.61821663
0.5622839
0.62863916
0.5783875
0.5166228
0.6117684
0.5679779
0.5885651
0.61600584
0.5780563
0.6246454
0.63712585
0.5885593
0.6269229
0.6238616
0.62836343
0.6320627
0.60314757
0.55615675
0.5725443
0.62238204
0.59087515
0.6226736
0.6361839
0.6149191
0.5801206
0.58327997
0.57203645
0.61585027
0.5740851
0.63807374
0.6349875
0.6188312
0.6033179
0.6423642
0.53681904
0.57575095
0.55138814
0.53367746
0.5538391
0.52598584
0.59731185
0.60279715
0.57013816
0.6263452
0.62810093
0.56146085
0.5697319
0.59172416
0.6162594
0.5883444
0.48812598
0.587324
0.56883943
0.54094446
0.6073015
0.6382394
0.61943924
0.6219846
0.64355695
0.5996753
0.6318169
0.55217826
0.5966162
0.6141406
0.60379094
0.62694496
0.6181718
0.60862505
0.6355208
0.6313395
0.5894059
0.63060355
0.63228667
0.6074234
0.5813052
0.6381156
0.62327546
0.6270648
0.62056315
0.6345341
0.63819474
0.6206633
0.58249956
0.6420606
0.60149896
0.5877442
0.62352526
0.57731205
0.6063302
0.59116286
0.6003409
0.61993587
0.54364
0.6249598
0.62518257
0.6331544
0.5944993
0.62757576
0.5745543
0.5559136
0.57650566
0.62644494
0.62972164
0.6101435
0.60092014
0.6259976
0.6323692
0.6199757
0.6373458
0.5659353
0.5642494
0.6386744
0.6153671
0.6342494
0.5715472
0.6108325
0.5640753
0.5783855
0.6330599
0.6359357
0.5808533
0.6400688
0.6209071
0.58002055
0.637379
0.62204045
0.56852144
0.5799028
0.54199314
0.54972583
0.5248006
0.6184532
0.6402789
0.6169033
0.6368531
0.64193165
0.6359725
0.6338572
0.6285988
0.6090294
0.6150607
0.6358739
0.6207589
0.6047469
0.59100926
0.62972564
0.6155704
0.6070836
0.63541245
0.62007606
0.6233416
0.5953394
0.6347228
0.6428715
0.6354128
0.63261354
0.64201754
0.6159185
0.6392845
0.6042379
0.5819533
0.6255125
0.62140507
0.5826116
0.64242905
0.63583744
0.6409934
0.6075819
0.64193135
0.64126766
0.64196247
0.6262854
0.64333117
0.6110195
0.5991479
0.6111108
0.63457596
0.627941
0.63006663
0.6130555
0.6264047
0.63242537
0.6446146
0.41201383
0.42929298
0.46407723
0.49530467
0.5354271
0.53234565
0.5547124
0.5543629
0.578014
0.59341747
0.6015882
0.5407768
0.60865766
0.6024606
0.6119787
0.6229859
0.63268894
0.5988368
0.6120535
0.62718874
0.6391436
0.5132103
0.50439
0.58724654
0.5250138
0.5231631
0.54661846
0.5470768
0.61597884
0.5717267
0.6285079
0.6340266
0.63595986
0.6012778
0.6175753
0.56847656
0.5645863
0.62036556
0.6148185
0.6156101
0.59082115
0.5781336
0.617925
0.58004045
0.6130631
0.56662196
0.5791155
0.6230295
0.62600374
0.59982747
0.60524523
0.59898317
0.57580435
0.61177146
0.603482
0.6037549
0.59818
0.57849294
0.63958913
0.5513976
0.5206049
0.5736029
0.58935577
0.59641045
0.5805561
0.6094805
0.6038508
0.5624795
0.5924017
0.5906683
0.51987976
0.603124
0.5712124
0.60612607
0.5865287
0.62969756
0.59232587
0.62330276
0.60253614
0.6203106
0.5768236
0.5846649
0.57735294
0.61237746
0.61191434
0.5732824
0.6344298
0.63720286
0.6137012
0.6139344
0.60831726
0.6358033
0.62183076
0.6283125
0.61763805
0.59858096
0.5805541
0.5797628
0.63138
0.60156614
0.63864535
0.6307623
0.59912056
0.6351697
0.61935025
0.63809836
0.60726225
0.6194707
0.63803035
0.6098879
0.6267103
0.63889575
0.6307112
0.6230779
0.59581363
0.6329915
0.60229427
0.6367338
0.59718496
0.59048617
0.6029725
0.60797846
0.61661494
0.60600656
0.57977104
0.64305156
0.5249235
0.52266806
0.539018
0.57859397
0.5957622
0.5624081
0.58438075
0.58394575
0.5992216
0.5805932
0.51334536
0.59538925
0.58028233
0.6104058
0.5638965
0.5912911
0.57027316
0.6058606
0.6053484
0.5415641
0.6007996
0.6095903
0.6074749
0.5963193
0.58658516
0.5965494
0.5632684
0.5896207
0.60835344
0.6125607
0.5832837
0.59872663
0.5558849
0.5358905
0.5704014
0.60037667
0.6243892
0.5737008
0.57735926
0.5597111
0.5737756
0.5520946
0.5918523
0.5411115
0.5403546
0.56786823
0.54693884
0.55641377
0.6059559
0.612158
0.6005138
0.58986187
0.6254264
0.5499581
0.5688524
0.6281844
0.629014
0.5831152
0.5914359
0.60049146
0.63775516
0.5038228
0.4486298
0.61568177
0.59211737
0.5837522
0.5985257
0.63635087
0.6013589
0.559583
0.5795623
0.59155804
0.57110226
0.60601866
0.60610366
0.61750776
0.63500947
0.6136177
0.5689947
0.58572257
0.5721153
0.6097015
0.5944396
0.5939759
0.57991153
0.635498
0.5715141
0.62251556
0.6006123
0.62484443
0.5811461
0.5982274
0.59336454
0.62544096
0.62661266
0.6215845
0.6058216
0.6393873
0.5876523
0.6178872
0.567935
0.6113492
0.5839531
0.58156157
0.5739436
0.6082095
0.62602526
0.6254276
0.5930033
0.53638256
0.6231006
0.62545276
0.6172465
0.6242359
0.64236283
0.51693696
0.595728
0.5659567
0.577841
0.6180067
0.5890231
0.5924126
0.5910902
0.6137305
0.6209177
0.5627658
0.6022247
0.5707161
0.6164506
0.6231378
0.59515065
0.5935222
0.5935704
0.58904827
0.58025104
0.634648
0.5829732
0.6189986
0.602847
0.6397837
0.6128608
0.6221809
0.5796925
0.5824877
0.5982242
0.54109585
0.6076524
0.57664
0.54002273
0.6293039
0.60133237
0.5639146
0.62814605
0.5863644
0.5791303
0.58761525
0.5541427
0.609213
0.58348596
0.6176648
0.57490796
0.5785891
0.5860764
0.627346
0.560573
