0.2434963
0.27892584
0.2828726
0.2828726
0.2828726
0.2828726
0.40781248
0.40781248
0.4259229
0.43438148
0.43438148
0.43438148
0.43438148
0.43438148
0.43438148
0.43438148
0.43438148
0.43438148
0.43438148
0.43438148
0.43438148
0.43438148
0.43438148
0.43438148
0.43438148
0.43438148
0.43438148
0.43438148
0.43438148
0.43438148
0.43438148
0.43438148
0.43781522
0.43781522
0.43997723
0.43997723
0.46122503
0.46122503
0.49453652
0.49453652
0.49453652
0.49453652
0.5075651
0.5075651
0.5075651
0.508023
0.508023
0.508023
0.508023
0.508023
0.508023
0.508023
0.5261468
0.5261468
0.5261468
0.5261468
0.5261468
0.5261468
0.5261468
0.52760625
0.52760625
0.52760625
0.52760625
0.52760625
0.52760625
0.5358345
0.5358345
0.53745615
0.53745615
0.53745615
0.53745615
0.53745615
0.53745615
0.53745615
0.53745615
0.53745615
0.53745615
0.53745615
0.53745615
0.53745615
0.53745615
0.53745615
0.53745615
0.53745615
0.53745615
0.53745615
0.53745615
0.53745615
0.5553264
0.5553264
0.5553264
0.5553264
0.5553264
0.5553264
0.5553264
0.5553264
0.5553264
0.5553264
0.5553264
0.56747496
0.56747496
0.56747496
0.56747496
0.56747496
0.56747496
0.56747496
0.56747496
0.56747496
0.56747496
0.56747496
0.56747496
0.56747496
0.56747496
0.56747496
0.56747496
0.56747496
0.5753672
0.5753672
0.5753672
0.5753672
0.5753672
0.5753672
0.5753672
0.5753672
0.5753672
0.5753672
0.5753672
0.5803861
0.59084797
0.59084797
0.59084797
0.59084797
0.59084797
0.5913668
0.5913668
0.5913668
0.5913668
0.5913668
0.5913668
0.5913668
0.5913668
0.5913668
0.5913668
0.5913668
0.5913668
0.5913668
0.5913668
0.5913668
0.5913668
0.5913668
0.5913668
0.5913668
0.5913668
0.5913668
0.5913668
0.5913668
0.5913668
0.5913668
0.59151036
0.59151036
0.59151036
0.59151036
0.5975954
0.5975954
0.5975954
0.5975954
0.5975954
0.5975954
0.5975954
0.5975954
0.5975954
0.5975954
0.5975954
0.5975954
0.5975954
0.5975954
0.5975954
0.5975954
0.5975954
0.5975954
0.5975954
0.612016
0.6120817
0.6120817
0.6120817
0.6120817
0.6120817
0.6120817
0.6120817
0.6120817
0.6120817
0.6120817
0.6120817
0.6120817
0.6120817
0.6120817
0.6120817
0.6120817
0.6120817
0.6120817
0.6120817
0.6120817
0.6120817
0.6120817
0.6120817
0.6120817
0.6120817
0.6120817
0.6120817
0.6120817
0.6120817
0.6120817
0.6120817
0.6120817
0.6120817
0.6120817
0.6120817
0.6120817
0.6120817
0.6120817
0.6120817
0.6120817
0.6120817
0.6120817
0.6120817
0.6120817
0.6120817
0.6120817
0.6120817
0.6120817
0.6120817
0.6120817
0.6120817
0.6120817
0.6120817
0.6120817
0.6120817
0.6120817
0.6120817
0.6120817
0.6120817
0.6120817
0.6120817
0.6120817
0.6120817
0.6120817
0.6120817
0.6120817
0.6120817
0.6120817
0.6120817
0.6120817
0.6120817
0.6120817
0.6120817
0.6120817
0.6120817
0.6120817
0.6120817
0.6120817
0.6120817
0.6120817
0.6120817
0.6120817
0.61316496
0.61316496
0.61316496
0.61316496
0.61316496
0.61316496
0.61316496
0.61316496
0.61316496
0.61316496
0.61684793
0.61684793
0.61684793
0.61684793
0.61684793
0.61684793
0.61684793
0.61684793
0.61684793
0.61684793
0.61684793
0.61684793
0.61684793
0.61684793
0.61684793
0.61684793
0.61684793
0.61684793
0.61684793
0.61684793
0.61684793
0.61684793
0.61684793
0.61684793
0.61684793
0.61684793
0.61684793
0.61684793
0.61684793
0.61684793
0.61684793
0.61684793
0.61684793
0.61684793
0.61684793
0.61684793
0.61684793
0.61684793
0.61684793
0.61684793
0.61684793
0.61684793
0.61684793
0.61684793
0.61684793
0.61684793
0.61684793
0.61684793
0.61684793
0.61684793
0.61684793
0.61684793
0.61684793
0.61684793
0.61684793
0.61684793
0.61684793
0.61684793
0.61684793
0.61684793
0.61684793
0.61684793
0.61684793
0.61684793
0.61684793
0.61684793
0.61684793
0.61684793
0.61684793
0.61684793
0.61684793
0.61684793
0.61684793
0.61684793
0.61684793
0.61684793
0.61684793
0.61684793
0.61684793
0.61684793
0.61684793
0.61684793
0.61684793
0.61684793
0.61684793
0.61684793
0.61684793
0.61684793
0.61684793
0.61684793
0.61684793
0.61684793
0.61684793
0.61684793
0.61684793
0.61684793
0.61684793
0.61684793
0.61684793
0.61684793
0.61684793
0.61684793
0.61684793
0.61684793
0.61684793
0.61684793
0.61684793
0.61684793
0.61684793
0.61684793
0.61684793
0.61684793
0.61684793
0.61684793
0.61684793
0.61684793
0.61684793
0.61684793
0.61684793
0.61684793
0.61684793
0.61684793
0.61684793
0.61684793
0.61684793
0.61684793
0.61684793
0.61684793
0.61684793
0.61684793
0.61684793
0.61684793
0.61684793
0.61684793
0.61684793
0.61684793
0.61684793
0.61684793
0.61684793
0.61684793
0.61684793
0.61684793
0.61684793
0.61684793
0.61684793
0.61684793
0.61684793
0.61684793
0.61684793
0.61684793
0.61684793
0.61684793
0.61684793
0.61684793
0.61684793
0.61684793
0.61684793
0.61684793
0.61684793
0.61684793
0.61684793
0.61684793
0.61684793
0.61684793
0.61684793
0.61684793
0.61684793
0.61684793
0.61684793
0.61684793
0.61684793
0.61684793
0.61684793
0.61684793
0.61684793
0.61684793
0.61684793
0.61684793
0.61684793
0.61684793
0.61684793
0.61684793
0.61684793
0.61684793
0.61684793
0.61684793
0.61684793
0.61684793
0.61684793
0.61684793
0.61684793
0.61684793
0.61684793
0.61684793
0.61684793
0.61684793
0.61684793
0.61684793
0.61684793
0.61684793
0.61684793
0.61684793
0.61684793
0.61684793
0.61684793
0.61684793
0.61684793
0.61684793
0.61684793
0.61684793
0.61684793
0.61684793
0.61684793
0.61684793
0.61684793
0.61684793
0.61684793
0.61684793
0.61684793
0.61684793
0.61684793
0.61684793
0.61684793
0.61684793
0.61684793
0.61684793
0.61684793
