0.27183506
0.27183506
0.27183506
0.2939189
0.3226125
0.36731622
0.36731622
0.36731622
0.36731622
0.36731622
0.36731622
0.36731622
0.3729519
0.3729519
0.3729519
0.3729519
0.3729519
0.3729519
0.3729519
0.3729519
0.3729519
0.3816582
0.3816582
0.3816582
0.3816582
0.3816582
0.3816582
0.3816582
0.3816582
0.3816582
0.3816582
0.3816582
0.3816582
0.3816582
0.3816582
0.3816582
0.3816582
0.38288617
0.38288617
0.38288617
0.38288617
0.38288617
0.3844566
0.3844566
0.3844566
0.3844566
0.3844566
0.3844566
0.39061263
0.39061263
0.39061263
0.39061263
0.39061263
0.39061263
0.39061263
0.39061263
0.39061263
0.39061263
0.39061263
0.39061263
0.39061263
0.39061263
0.39061263
0.39061263
0.39061263
0.39061263
0.39061263
0.39061263
0.39061263
0.39061263
0.39061263
0.39061263
0.39061263
0.39061263
0.39061263
0.39061263
0.39061263
0.39061263
0.39061263
0.39061263
0.39061263
0.39061263
0.39061263
0.39061263
0.39061263
0.39061263
0.39061263
0.39061263
0.39061263
0.39061263
0.39061263
0.39061263
0.39061263
0.39061263
0.39061263
0.39061263
0.39061263
0.39061263
0.39061263
0.39061263
0.39061263
0.39061263
0.39400512
0.39400512
0.39400512
0.39400512
0.39400512
0.39400512
0.39400512
0.39400512
0.39400512
0.39400512
0.39400512
0.39400512
0.39400512
0.39400512
0.39400512
0.39400512
0.39400512
0.39400512
0.39400512
0.39400512
0.39400512
0.39400512
0.39400512
0.39400512
0.39400512
0.39503443
0.40135607
0.40135607
0.40135607
0.40135607
0.40135607
0.40135607
0.40135607
0.40135607
0.40135607
0.40135607
0.40135607
0.40135607
0.40135607
0.40135607
0.40135607
0.40135607
0.40135607
0.40135607
0.40135607
0.40135607
0.40135607
0.40135607
0.40135607
0.40135607
0.40135607
0.40135607
0.40135607
0.40940747
0.40940747
0.40940747
0.40940747
0.40940747
0.40940747
0.40940747
0.40940747
0.40940747
0.40940747
0.40940747
0.40940747
0.40940747
0.40940747
0.40940747
0.40940747
0.40940747
0.40940747
0.40940747
0.40940747
0.40940747
0.40940747
0.40940747
0.40940747
0.40940747
0.40940747
0.40940747
0.40940747
0.40940747
0.40940747
0.40940747
0.40940747
0.40940747
0.40940747
0.40940747
0.40940747
0.40940747
0.40940747
0.40940747
0.40940747
0.40940747
0.40940747
0.40940747
0.40940747
0.40940747
0.40940747
0.40940747
0.40940747
0.40940747
0.40940747
0.40940747
0.40940747
0.40940747
0.40940747
0.40940747
0.40940747
0.40940747
0.40940747
0.40940747
0.40940747
0.40940747
0.40940747
0.40940747
0.40940747
0.40940747
0.40940747
0.40940747
0.40940747
0.40940747
0.40940747
0.40940747
0.40940747
0.40940747
0.40940747
0.40940747
0.40940747
0.40940747
0.40940747
0.40940747
0.40940747
0.40940747
0.40940747
0.40940747
0.40940747
0.40940747
0.40940747
0.40940747
0.40940747
0.40940747
0.40940747
0.40940747
0.40940747
0.40940747
0.40940747
0.40940747
0.40940747
0.40940747
0.40940747
0.40940747
0.40940747
0.40940747
0.40940747
0.40940747
0.40940747
0.40940747
0.40940747
0.40940747
0.40940747
0.40940747
0.40940747
0.40940747
0.40940747
0.40940747
0.40940747
0.40940747
0.40940747
0.40940747
0.40940747
0.40940747
0.40940747
0.40940747
0.40940747
0.40940747
0.40940747
0.40940747
0.40940747
0.40940747
0.40940747
0.40940747
0.40940747
0.40940747
0.40940747
0.40940747
0.40940747
0.40940747
0.40940747
0.40940747
0.40940747
0.40940747
0.40940747
0.40940747
0.40940747
0.40940747
0.40940747
0.40940747
0.40940747
0.40940747
0.40940747
0.40940747
0.40940747
0.40940747
0.40940747
0.40940747
0.40940747
0.40940747
0.40940747
0.40940747
0.40940747
0.40940747
0.40940747
0.40940747
0.40940747
0.40940747
0.40940747
0.40940747
0.40940747
0.40940747
0.40940747
0.40940747
0.40940747
0.40940747
0.40940747
0.40940747
0.40940747
0.40940747
0.40940747
0.40940747
0.40940747
0.40940747
0.40940747
0.40940747
0.40940747
0.40940747
0.40940747
0.40940747
0.40940747
0.40940747
0.40940747
0.40940747
0.40940747
0.40940747
0.40940747
0.40940747
0.40940747
0.40940747
0.40940747
0.40940747
0.40940747
0.40940747
0.40940747
0.40940747
0.40940747
0.40940747
0.40940747
0.40940747
0.40940747
0.40940747
0.40940747
0.40940747
0.40940747
0.40940747
0.40940747
0.40940747
0.40940747
0.40940747
0.40940747
0.40940747
0.40940747
0.40940747
0.40940747
0.40940747
0.40940747
0.40940747
0.40940747
0.40940747
0.40940747
0.40940747
0.40940747
0.40940747
0.40940747
0.40940747
0.40940747
0.40940747
0.40940747
0.40940747
0.40940747
0.40940747
0.40940747
0.40940747
0.40940747
0.40940747
0.40940747
0.40940747
0.40940747
0.40940747
0.40940747
0.40940747
0.40940747
0.40940747
0.40940747
0.40940747
0.40940747
0.40940747
0.40940747
0.40940747
0.40940747
0.40940747
0.40940747
0.40940747
0.40940747
0.40940747
0.40940747
0.40940747
0.40940747
0.40940747
0.40940747
0.40940747
0.40940747
0.40940747
0.40940747
0.40940747
0.40940747
0.40940747
0.40940747
0.40940747
0.40940747
0.40940747
0.40940747
0.40940747
0.40940747
0.40940747
0.40940747
0.40940747
0.40940747
0.40940747
0.40940747
0.40940747
0.40940747
0.40940747
0.40940747
0.40940747
0.40940747
0.40940747
0.40940747
0.40940747
0.40940747
0.40940747
0.40940747
0.40940747
0.40940747
0.40940747
0.40940747
0.40940747
0.40940747
0.40940747
0.40940747
0.40940747
0.40940747
0.40940747
0.40940747
0.40940747
0.40940747
0.40940747
0.40940747
0.40940747
0.40940747
0.40940747
0.40940747
0.40940747
0.40940747
0.40940747
0.40940747
0.40940747
0.40940747
0.40940747
0.40940747
0.40940747
0.40940747
0.40940747
0.40940747
0.40940747
0.40940747
0.40940747
0.40940747
0.40940747
0.40940747
0.40940747
0.40940747
0.40940747
0.40940747
0.40940747
0.40940747
0.40940747
0.40940747
0.40940747
0.40940747
