1.1359173
0.11359173
0.15389097
0.20289867
0.22233793
0.24179348
0.24742906
0.26689905
0.29716706
0.27961215
0.32068795
0.30737936
0.30833206
0.33251303
0.2957663
0.30433574
0.3074047
0.33230814
0.3287651
0.34319744
0.27135384
0.32578313
0.28680497
0.3082174
0.312311
0.32180485
0.32747692
0.34462667
0.31088385
0.35334605
0.33200216
0.3529745
0.32684678
0.3600263
0.3406817
0.34421465
0.3632658
0.370382
0.28066647
0.3655907
0.33957666
0.3391012
0.3010772
0.36190253
0.3762229
0.3743009
0.37435538
0.3560019
0.3741106
0.3510363
0.35504752
0.37957484
0.29093426
0.35605654
0.34641972
0.34234384
0.36580738
0.34359843
0.36432654
0.36666718
0.3400387
0.3483281
0.3669899
0.38033158
0.32498962
0.3684731
0.36274654
0.33468175
0.33321804
0.3499976
0.35575405
0.3662299
0.38607213
0.316898
0.30640936
0.35980463
0.3040452
0.33510762
0.37582555
0.3760917
0.367817
0.35378635
0.36628506
0.35975865
0.377904
0.33039027
0.33484623
0.3406978
0.37931174
0.36689547
0.3770077
0.3847678
0.35782748
0.3838429
0.35589984
0.35647354
0.350375
0.38310447
0.32035565
0.35824564
0.35110062
0.38416103
0.34449524
0.3628909
0.38073424
0.37257856
0.3313157
0.37813708
0.35586956
0.36490417
0.35694534
0.3616813
0.35144207
0.36978164
0.37503117
0.362159
0.36268085
0.3519224
0.38567418
0.38477546
0.38741037
0.32662547
0.32344863
0.33443308
0.3652299
0.3355979
0.34556264
0.3655576
0.32611072
0.33922666
0.31109208
0.36526358
0.35918275
0.35258454
0.34858468
0.3791443
0.3170113
0.3725562
0.36061314
0.37620848
0.34204996
0.34555343
0.34251377
0.35274845
0.35253942
0.3557125
0.3620171
0.37863368
0.35625166
0.36523116
0.3725811
0.37356615
0.38616583
0.2949278
0.36981577
0.34605968
0.3503449
0.38021722
0.3853405
0.3280638
0.35587946
0.35972783
0.3524066
0.35588866
0.38425875
0.36626124
0.37907317
0.3633653
0.38815922
0.3902223
0.3655269
0.38888025
0.3513102
0.36305016
0.3837477
0.3698346
0.38766453
0.37295103
0.38587472
0.3710947
0.35296184
0.3398073
0.3842407
0.36370927
0.39097485
0.35897896
0.34045812
0.3641492
0.35980886
0.38007006
0.38842914
0.30321464
0.3473218
0.31888846
0.36496314
0.37992513
0.35987622
0.3893401
0.3558491
0.36453557
0.38766655
0.39042738
0.34350583
0.31314787
0.37299126
0.32950014
0.35583654
0.38773113
0.34528926
0.3220442
0.33273745
0.33552405
0.35989505
0.3849516
0.32697093
0.36749372
0.3603071
0.38478476
0.38670492
0.3649465
0.39086676
0.34673804
0.32460386
0.35204047
0.33092207
0.36004138
0.36803395
0.3244157
0.3406085
0.38528746
0.35137802
0.385552
0.36758345
0.38473666
0.3872679
0.39201695
0.35934097
0.38565046
0.36399242
0.38477495
0.38492703
0.35321963
0.36007196
0.36745152
0.36836824
0.38861886
0.3905148
0.37743872
0.39227176
0.38169962
0.39436513
0.30522007
0.34112072
0.34889874
0.37479636
0.33807305
0.33980125
0.34498936
0.35695544
0.35116613
0.34539673
0.36919117
0.32850328
0.3393839
0.37401617
0.3279728
0.38582963
0.3255933
0.3453478
0.3818567
0.35450268
0.38496286
0.3693667
0.36110148
0.3422435
0.3484845
0.3774682
0.38785106
0.37588558
0.3806978
0.3626872
0.3916047
0.37945068
0.361703
0.38613093
0.36802155
0.36129466
0.38743648
0.36638927
0.38253343
0.36443442
0.38647556
0.3838436
0.38641125
0.38659897
0.39395612
0.37513536
0.3928632
0.35998785
0.36928254
0.39407715
0.38895676
0.3885146
0.39463508
0.34091505
0.35491025
0.35424343
0.3566881
0.3611612
0.35497296
0.36593723
0.39220858
0.37988618
0.3814692
0.3592316
0.35690227
0.35860974
0.36269656
0.34371057
0.35790524
0.38845927
0.3647681
0.38680154
0.3859648
0.3612514
0.3926944
0.39322466
0.37221226
0.387533
0.3812067
0.36443165
0.36813742
0.39282608
0.38082096
0.3879021
0.38599914
0.36488372
0.36414164
0.39086175
0.3843736
0.38612095
0.389815
0.3646633
0.36501706
0.3869863
0.3634492
0.38537788
0.39213032
0.38761497
0.37783593
0.39403874
0.36977494
0.3927359
0.36865908
0.3633675
0.38443828
0.39430812
0.3697756
0.38363343
0.37019998
0.38758665
0.37758705
0.382551
0.3832646
0.36930573
0.3928544
0.36521566
0.3936231
0.3919406
0.38722923
0.36419708
0.36974493
0.39273968
0.38863367
0.37069854
0.39474308
0.2675751
0.33979458
0.34686512
0.30944553
0.31926736
0.37890214
0.37879628
0.3826546
0.3711952
0.34491718
0.36941177
0.33918488
0.36004323
0.3795729
0.37130052
0.3808083
0.3763569
0.37326342
0.38161013
0.3451561
0.359137
0.38243115
0.37228847
0.37359726
0.37024522
0.3885192
0.3425386
0.3461572
0.36023232
0.35600275
0.3891216
0.34034762
0.37222192
0.37093452
0.34968087
0.36771038
0.37636337
0.3572631
0.35063666
0.3533863
0.35923803
0.35945433
0.37416735
0.38094825
0.36196187
0.35950154
0.35670242
0.38372403
0.38955182
0.36187118
0.39223665
0.35932356
0.3775264
0.37464705
0.32953268
0.37840724
0.3619392
0.35592556
0.38214007
0.3859888
0.35854465
0.3809902
0.39151123
0.38291842
0.36685356
0.3779306
0.38655257
0.39446223
0.34413534
0.3572684
0.38281906
0.362144
0.37099022
0.38625336
0.36237448
0.37314454
0.3879475
0.34620947
0.3458008
0.3701656
0.37676316
0.38973746
0.35027772
0.37308484
0.36113638
0.35318798
0.36195245
0.35308868
0.33580247
0.37621015
0.3562077
0.36498183
0.38469175
0.3616615
0.33529782
0.36872354
0.3853801
0.33714226
0.37850267
0.3915201
0.35331726
0.34913105
0.39123496
0.3706398
0.3631631
0.36556953
0.38478464
0.37893778
0.37375152
0.3745188
0.38565558
0.3642535
0.39274964
0.3839267
0.38985467
0.3840462
0.3928463
0.38021058
0.36802515
0.3847823
0.39059052
0.3820465
0.3835135
0.35456392
0.38102528
0.34660545
