0.29528034
0.29528034
0.29528034
0.32935426
0.33250785
0.33250785
0.33250785
0.43222746
0.43222746
0.43222746
0.43222746
0.43222746
0.4375915
0.4375915
0.4375915
0.43780228
0.43780228
0.43780228
0.4501122
0.4501122
0.4602048
0.4602048
0.4602048
0.4602048
0.4602048
0.4602048
0.4602048
0.4602048
0.4602048
0.4602048
0.4602048
0.4602048
0.4602048
0.46529526
0.46529526
0.46529526
0.46529526
0.46529526
0.46609598
0.46609598
0.50537235
0.50537235
0.50537235
0.50537235
0.50537235
0.50537235
0.50537235
0.50537235
0.50537235
0.50537235
0.50537235
0.50537235
0.50537235
0.50537235
0.50537235
0.50537235
0.50537235
0.526128
0.526128
0.526128
0.526128
0.526128
0.526128
0.526128
0.526128
0.526128
0.526128
0.526128
0.526128
0.526128
0.526128
0.526128
0.526128
0.526128
0.526128
0.526128
0.526128
0.526128
0.526128
0.526128
0.526128
0.526128
0.526128
0.526128
0.526128
0.526128
0.526128
0.526128
0.526128
0.526128
0.526128
0.526128
0.526128
0.526128
0.526128
0.526128
0.526128
0.526128
0.526128
0.526128
0.526128
0.526128
0.526128
0.526128
0.526128
0.526128
0.526128
0.526128
0.526128
0.526128
0.526128
0.526128
0.526128
0.526128
0.526128
0.526128
0.526128
0.526128
0.526128
0.526128
0.526128
0.526128
0.526128
0.526128
0.526128
0.526128
0.526128
0.526128
0.526128
0.526128
0.526128
0.526128
0.526128
0.526128
0.526128
0.526128
0.526128
0.526128
0.526128
0.526128
0.526128
0.526128
0.52679116
0.52679116
0.67782295
0.67782295
0.67782295
0.67782295
0.67782295
0.67782295
0.67782295
0.67782295
0.67782295
0.67782295
0.67782295
0.67782295
0.67782295
0.67782295
0.67782295
0.67782295
0.67782295
0.67782295
0.67782295
0.67782295
0.67782295
0.67782295
0.67782295
0.6895438
0.6895438
0.6895438
0.6895438
0.6895438
0.6910554
0.6910554
0.6910554
0.6910554
0.6910554
0.6910554
0.6910554
0.6910554
0.6915448
0.6915448
0.6915448
0.6915448
0.6915448
0.6915448
0.6915448
0.6915448
0.7126829
0.7126829
0.7126829
0.7126829
0.7126829
0.7126829
0.7126829
0.734544
0.734544
0.734544
0.734544
0.734544
0.734544
0.734544
0.734544
0.734544
0.734544
0.734544
0.734544
0.734544
0.734544
0.734544
0.734544
0.734544
0.734544
0.734544
0.734544
0.734544
0.734544
0.734544
0.734544
0.734544
0.734544
0.734544
0.734544
0.734544
0.7920269
0.7920269
0.7920269
0.7920269
0.7920269
0.7920269
0.7920269
0.7920269
0.7920269
0.7920269
0.7920269
0.7920269
0.7920269
0.7920269
0.7920269
0.7920269
0.7920269
0.7920269
0.7920269
0.7920269
0.7920269
0.7920269
0.7920269
0.7920269
0.7920269
0.7920269
0.7920269
0.7920269
0.7920269
0.7920269
0.7920269
0.7920269
0.7920269
0.7920269
0.7920269
0.7920269
0.7920269
0.7920269
0.7920269
0.7920269
0.7920269
0.7920269
0.7920269
0.7920269
0.7920269
0.7920269
0.7920269
0.297774
0.34594688
0.34594688
0.3619802
0.36324006
0.36324006
0.36643335
0.36643335
0.36643335
0.38146582
0.38355455
0.38355455
0.38355455
0.38355455
0.38355455
0.38541064
0.38541064
0.38541064
0.38541064
0.41253588
0.7126829
0.7126829
0.7126829
0.7126829
0.7126829
0.7126829
0.7126829
0.7126829
0.73381025
0.73381025
0.73381025
0.73381025
0.73381025
0.73381025
0.73381025
0.73381025
0.73381025
0.73601043
0.73601043
0.73601043
0.73601043
0.73601043
0.73601043
0.73601043
0.73601043
0.73601043
0.73601043
0.73601043
0.73601043
0.73601043
0.73601043
0.73601043
0.73601043
0.73601043
0.73601043
0.73601043
0.73601043
0.73694146
0.73694146
0.73694146
0.73694146
0.73694146
0.73694146
0.73694146
0.73694146
0.73694146
0.73694146
0.73694146
0.73694146
0.73694146
0.73694146
0.73694146
0.73694146
0.73694146
0.73694146
0.73694146
0.73694146
0.73694146
0.7372127
0.7372127
0.7372127
0.7372127
0.7372127
0.7372127
0.7372127
0.7372127
0.7372127
0.7372127
0.7372127
0.7372127
0.7372127
0.7372127
0.7372127
0.7372127
0.7372127
0.7372127
0.7372127
0.7372127
0.7372127
0.7372127
0.7372127
0.7372127
0.7372127
0.7372127
0.7372127
0.7372127
0.7372127
0.7372127
0.7372127
0.7372127
0.7372127
0.7372127
0.7372127
0.7372127
0.7372127
0.7372127
0.7372127
0.7372127
0.7372127
0.7372127
0.7372127
0.7372127
0.7372127
0.7372127
0.7372127
0.7372127
0.7372127
0.7372127
0.7372127
0.7372127
0.7372127
0.7372127
0.7372127
0.7372127
0.7372127
0.7372127
0.7372127
0.7372127
0.7372127
0.7372127
0.7372127
0.7372127
0.7372127
0.7372127
0.7372127
0.7372127
0.7372127
0.7372127
0.7372127
0.7372127
0.7372127
0.7372127
0.7372127
0.7372127
0.7372127
0.7372127
0.7372127
0.7372127
0.7372127
0.7372127
0.7372127
0.7372127
0.7372127
0.7372127
0.7372127
0.7372127
0.7372127
0.7372127
0.7372127
0.7372127
0.7372127
0.7372127
0.7372127
0.7372127
0.7372127
0.7372127
0.7372127
0.7372127
0.7372127
0.7372127
0.7372127
0.7372127
0.7372127
0.7372127
0.7372127
0.7372127
0.7372127
0.7372127
0.7372127
0.7372127
0.7372127
0.7372127
0.7372127
0.7372127
0.7372127
0.7372127
0.7372127
0.7372127
0.7372127
0.7372127
0.7372127
0.7372127
0.7372127
0.7372127
0.7372127
0.7372127
0.7372127
0.7372127
0.7372127
0.7372127
0.7372127
0.7372127
0.7372127
0.7372127
0.7372127
0.7372127
0.7372127
0.7372127
0.7372127
0.7372127
0.7372127
0.7372127
0.7372127
0.7372127
0.7372127
0.7372127
0.7372127
0.7372127
0.7372127
0.7372127
0.7372127
0.7372127
0.7372127
0.7372127
0.7372127
0.7372127
0.7372127
0.7372127
0.7372127
0.7372127
0.7372127
0.7372127
0.7372127
0.7372127
0.7372127
0.7372127
0.7372127
0.7372127
0.7372127
0.7372127
0.7372127
0.7372127
0.7372127
0.7372127
0.7372127
0.7372127
0.7372127
0.7372127
0.7372127
0.7372127
0.7372127
0.7372127
0.7372127
0.7372127
0.7372127
0.7372127
0.7372127
0.7372127
0.7372127
0.7372127
0.7372127
0.7372127
0.7372127
0.7372127
0.7372127
0.7372127
0.7372127
0.7372127
0.7372127
0.7372127
0.7372127
0.7372127
0.7372127
0.7372127
0.7372127
0.7372127
0.7372127
0.7372127
0.7372127
0.7372127
0.7372127
0.7372127
0.7372127
0.7372127
0.7372127
0.7372127
0.7372127
0.7372127
0.7372127
0.7372127
0.7372127
0.7372127
0.7372127
0.7372127
0.7372127
0.7372127
0.7372127
0.7372127
0.7372127
0.7372127
0.7372127
0.7372127
0.7372127
0.7372127
0.7372127
0.7372127
0.7372127
0.7372127
0.7372127
0.7372127
0.7372127
0.7372127
0.7372127
0.7372127
0.7372127
0.7372127
0.7372127
0.7372127
0.7372127
0.7372127
0.7372127
0.7372127
0.7372127
0.7372127
0.7372127
0.7372127
0.7372127
0.7372127
0.7372127
0.7372127
0.7372127
0.7372127
0.7372127
0.7372127
0.7372127
0.7372127
0.7372127
0.7372127
0.7372127
0.7372127
0.7372127
0.7372127
0.7372127
0.7372127
0.7372127
0.7372127
0.7372127
0.7372127
0.7372127
0.7372127
0.7372127
0.7372127
0.7372127
0.7372127
0.7372127
0.7372127
0.7372127
0.7372127
0.7372127
0.7372127
0.7372127
0.7372127
0.7372127
0.7372127
0.7372127
0.7372127
0.7372127
0.7372127
0.7372127
0.7372127
0.7372127
0.7372127
0.7372127
0.7372127
0.7372127
0.7372127
0.7372127
0.7372127
0.7372127
0.7372127
0.7372127
0.7372127
0.7372127
0.7372127
0.7372127
0.7372127
0.7372127
0.7372127
0.7372127
0.7372127
0.7372127
0.7372127
0.7372127
0.7372127
0.7372127
0.7372127
0.7372127
0.7372127
0.7372127
0.7372127
0.7372127
0.7372127
0.7372127
0.7372127
0.7372127
0.7372127
0.7372127
0.7372127
0.7372127
0.7372127
0.7372127
0.7372127
0.7372127
0.7372127
0.7372127
0.7372127
0.7372127
0.7372127
0.7372127
0.7372127
0.7372127
0.7372127
0.7372127
0.7372127
0.7372127
0.7372127
0.7372127
0.7372127
0.7372127
0.7372127
0.7372127
0.7372127
0.7372127
0.7372127
0.7372127
0.7372127
0.7372127
0.7372127
0.7372127
0.7372127
0.7372127
0.7372127
0.7372127
0.7372127
0.7372127
0.7372127
0.7372127
0.7372127
0.7372127
0.7372127
0.7372127
0.7372127
0.7372127
0.7372127
0.7372127
0.7372127
0.7372127
0.7372127
0.7372127
0.7372127
0.7372127
0.7372127
0.7372127
0.7372127
0.7372127
0.7372127
0.7372127
0.7372127
0.7372127
0.7372127
0.7372127
0.7372127
0.7372127
0.7372127
0.7372127
0.7372127
0.7372127
0.7372127
0.7372127
0.7372127
0.7372127
0.7372127
0.7372127
0.7372127
0.7372127
0.7372127
0.7372127
0.7372127
0.7372127
0.7372127
0.7372127
0.7372127
0.7372127
0.7372127
0.7372127
0.7372127
0.7372127
0.7372127
0.7372127
0.7372127
0.7372127
0.7372127
0.7372127
0.7372127
0.7372127
0.7372127
0.7372127
0.7372127
0.7372127
0.7372127
0.7372127
0.7372127
0.7372127
0.7372127
0.7372127
0.7372127
0.7372127
0.7372127
0.7372127
0.7372127
0.7372127
0.7372127
0.7372127
0.7372127
0.7372127
0.7372127
0.7372127
0.7372127
0.7372127
0.7372127
0.7372127
0.7372127
0.7372127
0.7372127
0.7372127
0.7372127
0.7372127
0.7372127
0.7372127
0.7372127
0.7372127
0.7372127
0.7372127
0.7372127
0.7372127
0.7372127
0.7372127
0.7372127
0.7372127
0.7372127
0.7372127
0.7372127
0.7372127
0.7372127
0.7372127
0.7372127
0.7372127
0.7372127
0.7372127
0.7372127
0.7372127
0.7372127
0.7372127
0.7372127
0.7372127
0.7372127
0.7372127
0.7372127
0.7372127
0.7372127
0.7372127
0.7372127
0.7372127
0.7372127
0.7372127
0.7372127
0.7372127
0.7372127
0.7372127
0.7372127
0.7372127
0.7372127
0.7372127
0.7372127
0.7372127
0.7372127
0.7372127
0.7372127
0.7372127
0.7372127
0.7372127
0.7372127
0.7372127
0.7372127
0.7372127
0.7372127
0.7372127
0.7372127
0.7372127
0.7372127
0.7372127
0.7372127
0.7372127
0.7372127
0.7372127
0.7372127
0.7372127
0.7372127
0.7372127
0.7372127
0.7372127
0.7372127
0.7372127
0.7372127
0.7372127
0.7372127
0.7372127
0.7372127
0.7372127
0.7372127
0.7372127
0.7372127
0.7372127
0.7372127
0.7372127
0.7372127
0.7372127
0.7372127
0.7372127
0.7372127
0.7372127
0.7372127
0.7372127
0.7372127
0.7372127
0.7372127
0.7372127
0.7372127
0.7372127
0.7372127
0.7372127
0.7372127
0.7372127
0.7372127
0.7372127
0.7372127
0.7372127
0.7372127
0.7372127
0.7372127
0.7372127
0.7372127
0.7372127
0.7372127
0.7372127
0.7372127
0.7372127
0.7372127
0.7372127
0.7372127
0.7372127
0.7372127
0.7372127
0.7372127
0.7372127
0.7372127
0.7372127
0.7372127
0.7372127
0.7372127
0.7372127
0.7372127
0.7372127
0.7372127
0.7372127
0.7372127
0.7372127
0.7372127
0.7372127
0.7372127
0.7372127
0.7372127
0.7372127
0.7372127
0.7372127
0.7372127
0.7372127
0.7372127
0.7372127
0.7372127
0.7372127
0.7372127
0.7372127
0.7372127
0.7372127
0.7372127
0.7372127
0.7372127
0.7372127
0.7372127
0.7372127
0.7372127
0.7372127
0.7372127
0.7372127
0.7372127
0.7372127
0.7372127
0.7372127
0.7372127
0.7372127
0.7372127
0.7372127
0.7372127
0.7372127
0.7372127
0.7372127
0.7372127
0.7372127
0.7372127
