8.257256
0.08257256
0.11955517
0.15446852
0.18333013
0.2134449
0.24635608
0.24723211
0.27100503
0.2738711
0.29013
0.29802093
0.3186807
0.33363664
0.32288706
0.351741
0.35882396
0.36434346
0.37371826
0.3624761
0.3899224
0.36931953
0.4042978
0.38970554
0.40543234
0.41972387
0.41079655
0.41313228
0.433176
0.40012154
0.4223528
0.434189
0.44201672
0.4353921
0.46214238
0.42376053
0.44575498
0.44197714
0.46188122
0.46872088
0.44352332
0.44295716
0.4625231
0.45483375
0.4654214
0.47325152
0.43247613
0.4521449
0.46019447
0.46330506
0.4652168
0.48209506
0.45106998
0.45357764
0.461207
0.4705867
0.4624797
0.48013756
0.4728872
0.475396
0.48894882
0.45776343
0.47707966
0.46995884
0.4796128
0.4837018
0.48980537
0.48887497
0.48332787
0.49486527
0.47003612
0.48820344
0.48885155
0.50029886
0.48185167
0.48465562
0.4936759
0.49258685
0.510195
0.46648216
0.48686233
0.48157993
0.49785733
0.5018826
0.5044943
0.5216391
0.4521309
0.4476503
0.48490044
0.491122
0.49342468
0.51454794
0.49800548
0.5020438
0.5169688
0.5196234
0.5148978
0.5111827
0.51741624
0.5255971
0.50234336
0.5088345
0.519828
0.53112936
0.49918908
0.5140187
0.5344913
0.50009215
0.51490915
0.5219392
0.5318484
0.53051203
0.533954
0.53330606
0.5338994
0.54174334
0.48896492
0.5092135
0.50487113
0.5060841
0.5253121
0.5098158
0.52000916
0.5278755
0.5448333
0.51800543
0.5312333
0.5144231
0.53916913
0.5299141
0.53830874
0.53908926
0.5450755
0.53283554
0.54507846
0.54928505
0.5366463
0.5612747
0.48998004
0.51565254
0.5150907
0.5328427
0.5389932
0.5293841
0.5295634
0.5537082
0.52925056
0.54329926
0.54666907
0.5558164
0.5504144
0.55099714
0.5619065
0.5416355
0.548282
0.5499765
0.56165725
0.5627215
0.56795114
0.51757765
0.52686113
0.53869796
0.54052526
0.5519702
0.5538984
0.5409677
0.5643194
0.5555994
0.5577956
0.5633925
0.56955665
0.544435
0.54192394
0.56197757
0.5643057
0.56453735
0.56270534
0.5727194
0.535599
0.5405375
0.5475549
0.5469018
0.55856234
0.55228823
0.56075984
0.55905324
0.56914485
0.5606991
0.5705448
0.5741585
0.55347896
0.5427146
0.5606901
0.56430316
0.565542
0.56746596
0.5630012
0.5629582
0.55315465
0.5616219
0.5581241
0.57029104
0.56814116
0.56918496
0.576248
0.5708149
0.5647178
0.57347155
0.5723909
0.5730414
0.5703063
0.5781824
0.5767749
0.57476175
0.58012027
0.54755694
0.5384559
0.5624575
0.5534154
0.5661111
0.57752043
0.5715016
0.5680293
0.5733357
0.57786024
0.5791851
0.57831496
0.5660746
0.5763472
0.58301085
0.5133737
0.5419916
0.55969375
0.5560137
0.5471804
0.5531433
0.5654937
0.56058747
0.55639845
0.5713832
0.5585245
0.5597007
0.5748823
0.57242125
0.5721812
0.5712462
0.5811994
0.575991
0.5753299
0.5792916
0.58404326
0.568153
0.5783438
0.5781978
0.584908
0.57835346
0.580985
0.57908213
0.57568
0.5823208
0.58364654
0.58632743
0.5828908
0.5773546
0.5821183
0.57466483
0.59326017
0.53189987
0.5464713
0.5728701
0.57034296
0.5784133
0.5836761
0.57884973
0.5746718
0.58257794
0.58447415
0.58437634
0.5846434
0.5898693
0.5859482
0.5892017
0.5877464
0.5925704
0.5894239
0.5832278
0.5812053
0.584502
0.58277357
0.58615875
0.5846955
0.60124254
0.52446437
0.53947145
0.5356881
0.55263096
0.5719973
0.559113
0.56108093
0.56655264
0.583129
0.5651962
0.57187974
0.5790305
0.5869404
0.5812853
0.59109133
0.5769783
0.5689112
0.58642405
0.58768725
0.57469374
0.5836357
0.60037166
0.58855766
0.5936751
0.58241004
0.59010464
0.6007771
0.60127974
0.59055233
0.59696263
0.59789526
0.5988294
0.60287833
0.58924425
0.59980685
0.58856314
0.6007726
0.59359056
0.5922616
0.5940144
0.5975636
0.59160936
0.6052967
0.55919576
0.5973427
0.57957727
0.577494
0.5885888
0.57009745
0.58144575
0.57807946
0.5923375
0.5873975
0.5935072
0.592206
0.5995454
0.60484564
0.5975224
0.59823805
0.60470325
0.6019992
0.6040418
0.60545343
0.61119443
0.5578073
0.5611073
0.5626867
0.5786867
0.5762125
0.5861195
0.58707714
0.5881862
0.588826
0.6003072
0.5775114
0.58837897
0.58565974
0.60258234
0.58338886
0.5826719
0.588121
0.5999687
0.59905165
0.59887415
0.5849626
0.5942356
0.59817183
0.59924906
0.5999454
0.6119866
0.5785558
0.6032914
0.5938694
0.593507
0.5931003
0.60572165
0.6052572
0.6088275
0.60159993
0.61819476
0.5427212
0.5520849
0.5497164
0.57917285
0.5757702
0.5921875
0.5634953
0.59497833
0.5977907
0.6009771
0.5996052
0.601186
0.5939074
0.6029255
0.59896404
0.5978482
0.60315704
0.610689
0.6076704
0.6049947
0.6063234
0.60610163
0.60653895
0.6113001
0.6109412
0.6049827
0.6217263
0.55679566
0.5771197
0.57053065
0.566728
0.58314115
0.57916445
0.56905097
0.5944883
0.58078486
0.5889465
0.58412397
0.5864752
0.5941679
0.59322256
0.60352373
0.5735113
0.58870703
0.58705527
0.5900676
0.60515475
0.59694225
0.59699076
0.6087848
0.6108562
0.6092643
0.6094978
0.602569
0.60815024
0.6062396
0.60299385
0.61837274
0.58123446
0.6039702
0.6000792
0.6038828
0.6028785
0.6100316
0.6033966
0.6097221
0.6069083
0.61500496
0.6061388
0.60612535
0.61135757
0.61446726
0.6154208
0.6124389
0.62497693
0.529208
0.5572834
0.5863049
0.58144766
0.58942366
0.5947546
0.58661807
0.6050367
0.5895994
0.5916653
0.5949861
0.59875286
0.6076436
0.6011517
0.6026831
0.6047342
0.60380155
0.6187672
0.6037252
0.6040344
0.6001185
0.61651534
0.6033133
0.6069135
0.6107921
0.61156404
0.612673
0.6213045
0.6116112
0.60165036
0.6147057
0.61816186
0.6163854
0.6192238
0.6176158
