0.6689937
0.7272734
0.7272734
0.7272734
0.7272734
0.73907936
0.73907936
0.7397781
0.7397781
0.7397781
0.7397781
0.7397781
0.7397781
0.7397781
0.7397781
0.74142015
0.74142015
0.74142015
0.74142015
0.74142015
0.74142015
0.74142015
0.74142015
0.74142015
0.74142015
0.74142015
0.74142015
0.74142015
0.74142015
0.74142015
0.74142015
0.74142015
0.74142015
0.74142015
0.74142015
0.74142015
0.74142015
0.74142015
0.74142015
0.74142015
0.74142015
0.74142015
0.74142015
0.74142015
0.74142015
0.74142015
0.74142015
0.74412477
0.74412477
0.74412477
0.74412477
0.74412477
0.74412477
0.74412477
0.74412477
0.74412477
0.74412477
0.74412477
0.74412477
0.74412477
0.74412477
0.74412477
0.74412477
0.74412477
0.74412477
0.74412477
0.74412477
0.7450586
0.7450586
0.7450586
0.7450586
0.7450586
0.7450586
0.7585878
0.75965565
0.75965565
0.75965565
0.75965565
0.75965565
0.75965565
0.75965565
0.75965565
0.75965565
0.75965565
0.75979435
0.75979435
0.7680192
0.7680192
0.7680192
0.7680192
0.7680192
0.7680192
0.7680192
0.7680192
0.7680192
0.7680192
0.7680192
0.7680192
0.7680192
0.7680192
0.7680192
0.7680192
0.7680192
0.7680192
0.7680192
0.7680192
0.7680192
0.77236456
0.77236456
0.77236456
0.77236456
0.77236456
0.77236456
0.77236456
0.77236456
0.77236456
0.77236456
0.77236456
0.77236456
0.77236456
0.77236456
0.77236456
0.77236456
0.77236456
0.77236456
0.77236456
0.77236456
0.77236456
0.77236456
0.77236456
0.77236456
0.77236456
0.77236456
0.77236456
0.77236456
0.77236456
0.77236456
0.77236456
0.77236456
0.77236456
0.77236456
0.77236456
0.77236456
0.77236456
0.77236456
0.77236456
0.77236456
0.77236456
0.77236456
0.77236456
0.77236456
0.77236456
0.77236456
0.77236456
0.77236456
0.77236456
0.77236456
0.77236456
0.77236456
0.77236456
0.77236456
0.77236456
0.77236456
0.77236456
0.77236456
0.77236456
0.77236456
0.77236456
0.77236456
0.77236456
0.77236456
0.77236456
0.77236456
0.77236456
0.77236456
0.77236456
0.77236456
0.77236456
0.77236456
0.77236456
0.77236456
0.77236456
0.77236456
0.77236456
0.77236456
0.77236456
0.77236456
0.77236456
0.77236456
0.77236456
0.77236456
0.77236456
0.77236456
0.77236456
0.77236456
0.77236456
0.77285004
0.77285004
0.77285004
0.77285004
0.77285004
0.77285004
0.77285004
0.77285004
0.77285004
0.77285004
0.77285004
0.77285004
0.77285004
0.77285004
0.77285004
0.77285004
0.77285004
0.77285004
0.77285004
0.77285004
0.77285004
0.77285004
0.77285004
0.77285004
0.77285004
0.77285004
0.77285004
0.77285004
0.77285004
0.77285004
0.77285004
0.77285004
0.77285004
0.77285004
0.77285004
0.77285004
0.77285004
0.77285004
0.77285004
0.77285004
0.77285004
0.77285004
0.77285004
0.77285004
0.77285004
0.77285004
0.77285004
0.77285004
0.77285004
0.77285004
0.77285004
0.77285004
0.77285004
0.77285004
0.77285004
0.77285004
0.77285004
0.77285004
0.77285004
0.77285004
0.77285004
0.77285004
0.77285004
0.77285004
0.77285004
0.77285004
0.77285004
0.77285004
0.77285004
0.77285004
0.77285004
0.77285004
0.77285004
0.77285004
0.77285004
0.77285004
0.77285004
0.77285004
0.77285004
0.77285004
0.77285004
0.77285004
0.77285004
0.77285004
0.77285004
0.77285004
0.77285004
0.77285004
0.77285004
0.77285004
0.77285004
0.77285004
0.77285004
0.77285004
0.77285004
0.77285004
0.77285004
0.77285004
0.77285004
0.77285004
0.77285004
0.77285004
0.77285004
0.77285004
0.77285004
0.77285004
0.77285004
0.77285004
0.77285004
0.77285004
0.77285004
0.77285004
0.77285004
0.7920269
0.7920269
0.7920269
0.7920269
0.7920269
0.7920269
0.7920269
0.7920269
0.7920269
0.7920269
0.7920269
0.7920269
0.7920269
0.7920269
0.7920269
0.7920269
0.7920269
0.7920269
0.7920269
0.7920269
0.7920269
0.7920269
0.7920269
0.7920269
0.7920269
0.7920269
0.7920269
0.7920269
0.7920269
0.7920269
0.7920269
0.7920269
0.7920269
0.7920269
0.7920269
0.7920269
0.7920269
0.7920269
0.7920269
0.7920269
0.7920269
0.7920269
0.7920269
0.7920269
0.7920269
0.7920269
0.7920269
0.7920269
0.7920269
0.7920269
0.7920269
0.7920269
0.7920269
0.7920269
0.7920269
0.7920269
0.7920269
0.7920269
0.7920269
0.7920269
0.7920269
0.7920269
0.7920269
0.7920269
0.7920269
0.7920269
0.7920269
0.7920269
0.7920269
0.7920269
0.7920269
0.7920269
0.7920269
0.7920269
0.7920269
0.7920269
0.7920269
0.7920269
0.7920269
0.7920269
0.7920269
0.7920269
0.7920269
0.7920269
0.7920269
0.7920269
0.7920269
0.7920269
0.7920269
0.7920269
0.7920269
0.7920269
0.71567667
0.71567667
0.72992045
0.72992045
0.72992045
0.72992045
0.72992045
0.72992045
0.72992045
0.72992045
0.72992045
0.72992045
0.72992045
0.72992045
0.7501346
0.7501346
0.7501346
0.7501346
0.7501346
0.7501346
0.7501346
0.7501346
0.75021386
0.75021386
0.75021386
0.7596261
0.7596261
0.7596261
0.7596261
0.7596261
0.7596261
0.7596261
0.7596261
0.7596261
0.7596261
0.7596261
0.7596261
0.7596261
0.7596261
0.7596261
0.7596261
0.7596261
0.7596261
0.7596261
0.7596261
0.7596261
0.7596261
0.7596261
0.7596261
0.7596261
0.7596261
0.7596261
0.7596261
0.7596261
0.7596261
0.7596261
0.7596261
0.7596261
0.7596261
0.7596261
0.7596261
0.75979435
0.75979435
0.75979435
0.75979435
0.75979435
0.75979435
0.75979435
0.75979435
0.75979435
0.75979435
0.75979435
0.75979435
0.75979435
0.75979435
0.75979435
0.75979435
0.75979435
0.75979435
0.75979435
0.75979435
0.75979435
0.76099926
0.76099926
0.76099926
0.76099926
0.76099926
0.76099926
0.76099926
0.76099926
0.76099926
0.76099926
0.76099926
0.76099926
0.76099926
0.76099926
0.76099926
0.76099926
0.76099926
0.76099926
