2.4434042
0.12217021
0.19207345
0.21366176
0.27866763
0.39954153
0.444359
0.5356473
0.65252954
0.6641844
0.5458089
0.5771341
0.6357857
0.6684245
0.48736668
0.6383469
0.6399921
0.6446636
0.6718699
0.5496031
0.61844575
0.6753417
0.6262107
0.67808396
0.59124076
0.6387504
0.6779838
0.59268534
0.65663475
0.6279192
0.6157507
0.655732
0.68304557
0.5505522
0.6291865
0.6616593
0.6343859
0.69688255
0.47692958
0.6454097
0.69691455
0.6095108
0.6702689
0.6711155
0.6720023
0.6698278
0.70258784
0.58838665
0.67494243
0.7093872
0.6013843
0.6291864
0.69884366
0.66802055
0.69040596
0.72229195
0.65514046
0.731769
0.6113414
0.6621465
0.7043949
0.74013513
0.64517695
0.7435429
0.72682655
0.7257501
0.750736
0.5867123
0.7358282
0.5948952
0.68596756
0.7460495
0.7266586
0.72871405
0.75226825
0.7087534
0.70861614
0.7173561
0.71756184
0.74890363
0.72196406
0.72067785
0.6956937
0.7530235
0.57281095
0.7089859
0.71027976
0.7186185
0.74720514
0.69265854
0.7191442
0.74919534
0.71355283
0.7466047
0.7164759
0.7206904
0.70963824
0.74829787
0.7530524
0.6789315
0.71492267
0.71885216
0.72477925
0.68426764
0.75206804
0.7149927
0.7182498
0.75511485
0.604003
0.678477
0.70957816
0.7453238
0.6721128
0.6571146
0.6730837
0.7136127
0.734072
0.75381
0.7186815
0.75482416
0.72074735
0.7321103
0.7550117
0.7547656
0.7213477
0.75501734
0.724089
0.7558233
0.7558137
0.7567705
0.649329
0.69016534
0.7032263
0.74442434
0.66293436
0.64712036
0.69262236
0.71881884
0.69654363
0.7233063
0.75474656
0.6991328
0.75077087
0.7236737
0.72322494
0.7541982
0.6509189
0.6967591
0.72066075
0.7563206
0.7322294
0.758072
0.72013915
0.72060096
0.75706327
0.72590506
0.75866425
0.5750373
0.6679368
0.73159933
0.7476972
0.5956849
0.73986185
0.72544765
0.7220224
0.75635487
0.68160486
0.73359287
0.7069603
0.73503315
0.7569903
0.6779365
0.7328589
0.7586568
0.7341958
0.7484037
0.6650569
0.7314212
0.73525393
0.7569746
0.722786
0.7009998
0.75676084
0.6923629
0.7206961
0.7579112
0.6945453
0.75697577
0.7220048
0.753972
0.7592125
0.5806029
0.6277294
0.6676667
0.71298414
0.74355495
0.6599934
0.6777038
0.69343233
0.7521172
0.6361456
0.7185691
0.6995193
0.7542361
0.7243351
0.7345407
0.75807136
0.7580155
0.7594256
0.69242066
0.6890859
0.7003926
0.7572509
0.75975984
0.56434804
0.6459907
0.6601869
0.6986357
0.66276395
0.71182346
0.73977834
0.5929861
0.6878176
0.719977
0.6904323
0.6818925
0.72772413
0.7535682
0.67677623
0.75482315
0.7323595
0.7578758
0.7531609
0.75633544
0.73324955
0.75674224
0.70054424
0.75721484
0.7296923
0.72270787
0.72488314
0.7573459
0.7222673
0.7585629
0.7577817
0.7546754
0.75666034
0.72859395
0.75943244
0.7204823
0.7553001
0.72453356
0.75773865
0.72199476
0.75974894
0.6454052
0.70562863
0.678389
0.7122859
0.7442564
0.6596908
0.72394377
0.72080725
0.755606
0.68894106
0.731685
0.7190368
0.73306537
0.7219492
0.7584478
0.72395885
0.7232718
0.7552379
0.7597641
0.71655226
0.71899444
0.68365836
0.72375345
0.75390136
0.66498345
0.71996546
0.7239753
0.726408
0.7351624
0.7301755
0.7334586
0.7591728
0.7572238
0.7601019
0.6197506
0.64478624
0.7380373
0.70270574
0.70969796
0.7313404
0.6874368
0.7200731
0.7539067
0.6561693
0.6902965
0.7522309
0.7206509
0.7504492
0.73419255
0.75866807
0.70275754
0.75914204
0.73893225
0.7597891
0.70549476
0.6990009
0.75169957
0.7322409
0.71439326
0.735375
0.7211719
0.7575909
0.75812703
0.75999963
0.76000357
0.7367789
0.76036966
0.692176
0.71941286
0.6836909
0.7491198
0.7229098
0.7529674
0.7423971
0.68005
0.72761947
0.76035076
0.72104657
0.7574381
0.7228422
0.75824225
0.7013415
0.7459384
0.7217081
0.75777155
0.6916943
0.7244817
0.7566033
0.7234565
0.738096
0.7301827
0.7604556
0.7582126
0.7384845
0.72600406
0.7227067
0.75882834
0.7245177
0.7593919
0.76035076
0.72598416
0.73876756
0.7581216
0.75680184
0.7581099
0.72707546
0.7436612
0.75736284
0.760391
0.688868
0.7329305
0.75657284
0.7366295
0.7226643
0.7605814
0.514309
0.7430221
0.62959146
0.72560525
0.71287096
0.6881454
0.7221429
0.7233509
0.7594564
0.7324091
0.7099103
0.7247914
0.69442964
0.73458636
0.7196792
0.7342023
0.7604283
0.7200703
0.7527631
0.6647141
0.6658173
0.7224279
0.7346378
0.7263429
0.756705
0.7578119
0.7578071
0.756762
0.7561782
0.7250001
0.72971916
0.75963616
0.72849834
0.73861516
0.7266927
0.7602158
0.75552595
0.7589122
0.7588398
0.75905234
0.76074547
0.575863
0.67935556
0.6776332
0.7341155
0.68426645
0.7273201
0.68895805
0.72081196
0.7526934
0.7190128
0.69555604
0.751479
0.75287616
0.7031078
0.6882509
0.726995
0.75383747
0.7574288
0.73508006
0.73579466
0.69720703
0.6984216
0.75963354
0.6079532
0.62680364
0.6485921
0.69571817
0.75428045
0.7365293
0.7240886
0.7592639
0.68958646
0.73224074
0.7564638
0.7571896
0.75790036
0.7547788
0.7329843
0.72122705
0.758126
0.69880307
0.7582275
0.7366905
0.7264639
0.7304596
0.75875723
0.7339891
0.7580611
0.7250661
0.75642353
0.7237046
0.72283775
0.758027
0.723862
0.7259545
0.735032
0.7580193
0.7603489
0.58850074
0.6492951
0.741537
0.6846477
0.7027074
0.7196037
0.7291209
0.7329966
0.6935344
0.68431115
0.7208661
0.7538711
0.6980073
0.75817376
0.6891535
0.7202724
0.72735906
0.7242341
0.7599325
0.62495154
0.64594847
0.7065846
0.7516395
0.7567483
0.76062566
0.7358941
0.76015604
0.7529979
0.7253819
0.75923765
0.76081955
0.50043905
0.6258559
0.65744567
0.69636434
0.67316043
0.7027093
0.7180687
0.7090454
0.7420473
0.5467633
0.7122229
0.64891016
0.710403
0.7086736
0.7125236
0.7149015
0.71313053
0.7482411
0.64548796
0.6892587
0.7541254
0.68950915
0.75715053
0.7211622
0.756547
0.75991374
0.6375517
0.721811
0.7257549
0.73131907
0.75721514
0.7250124
0.70033884
0.7576274
0.7607479
0.69323385
0.6922395
0.747537
0.72049844
0.7032212
0.6968949
0.6965153
0.7157861
0.7270579
0.755834
0.7585268
0.72812843
0.73664606
0.76046973
0.72658736
0.75812113
0.755834
0.7205452
0.7425941
0.69791186
0.72431344
0.73855484
0.75680923
0.7236003
0.72333443
0.7585329
0.75981224
0.70322
0.7424377
0.724974
0.72409564
0.7269546
0.7249883
0.72739637
0.7609528
0.7361761
0.7609216
0.75812525
0.7390502
0.75640893
0.7378766
0.7352491
0.76099944
0.103511654
0.1926212
0.24520192
0.2790905
0.2943978
0.3209152
0.27917558
0.38124648
0.34454829
0.3952414
0.45419294
0.56977355
0.61019343
0.6699597
0.46270448
0.5952278
0.6138633
0.63765436
0.671344
0.67364043
0.7102754
0.6402321
0.70026934
0.7029904
0.7047437
0.70608443
0.7039474
0.7153906
0.68514204
0.7176994
0.7101812
0.74377465
0.6801937
0.68765706
0.71365917
0.7448138
0.74354106
0.71531117
0.74641913
0.74616134
0.7481833
0.53352255
0.6491479
0.64484483
0.64643604
0.68028164
0.6513107
0.7088923
0.6855598
0.67739415
0.7451278
0.69174844
0.68145096
0.70926416
0.71558636
0.72277963
0.745585
0.7482347
0.74286
0.7112567
0.72487247
0.7196064
0.7451314
0.7501209
0.71922106
0.74836516
0.7504686
0.5200595
0.6267971
0.66523325
0.6358322
0.6935106
0.58324414
0.7304165
0.6400434
0.6493096
0.6490933
0.7093662
0.74436027
0.67765254
0.7165704
0.74376655
0.723608
0.720404
0.7512549
0.56383336
0.6399073
0.67903733
0.70010716
0.6568847
0.7128344
0.7107118
0.7136361
0.74597996
0.74412125
0.7267988
0.7510412
0.62591374
0.6585244
0.7293223
0.7132321
0.7518442
0.717385
0.7504202
0.6508677
0.7492164
0.6545757
0.7128003
0.75441563
0.7536381
0.7498497
0.7518853
0.75288683
0.75288683
0.752736
0.75475943
0.5435614
0.6139144
0.63797873
0.69816774
0.6628472
0.7209014
0.7358157
0.64433736
0.71310675
0.7417693
0.62210304
0.6763901
0.6758071
0.7061981
0.68239474
0.72226834
0.6924531
0.7128443
0.7017199
0.75156856
0.65054584
0.750281
0.6842605
0.7546767
0.720647
0.688403
0.71614486
0.7199763
0.75214636
0.7550245
0.5681288
0.6130573
0.6942596
0.7367584
0.65398276
0.7117388
0.7443085
0.5537032
0.69980466
0.726049
0.7150651
0.7150536
0.74803793
0.73655313
0.731361
0.75037134
0.65094537
0.7471092
0.69507116
0.6953707
0.69238657
0.7183195
0.6858432
0.75618243
0.72817063
0.7578014
0.754532
0.7557782
0.7591225
0.57317764
0.6506768
0.6917701
0.7420012
0.68929887
0.6980647
0.74922204
0.6241534
0.66118664
0.732164
0.7529931
0.7536797
0.7304385
0.72217834
0.75384015
0.6891812
0.6937822
0.7223051
0.7228112
0.72730666
0.7595314
0.6908606
0.7563616
0.75611794
0.75538665
0.72869074
0.75720865
0.70261675
0.7558588
0.7561295
0.7538574
0.6968963
0.75804687
0.72777426
0.7599838
0.5715922
0.71205246
0.7147164
0.6784784
0.75457966
0.7274872
0.72292966
0.7205383
0.7314473
0.689263
0.7259559
0.7571078
0.76004785
0.5665677
0.66109806
0.7377919
0.7297712
0.72248477
0.7309618
0.75516737
0.64838713
0.66261977
0.730548
0.7579231
0.7266356
0.73492014
0.7260636
0.72429216
0.75888956
0.7589346
0.7604892
0.6863814
0.7511187
0.67427844
0.72188675
0.72278875
0.72796655
0.72874093
0.7267349
0.7595125
0.75583714
0.72731316
0.75580317
0.76065123
0.7576163
0.72174054
0.69177884
0.7352939
0.7606552
0.7523364
0.73227865
0.728228
0.7588655
0.72345674
0.7274519
0.7595654
0.7371073
0.7224568
0.7247419
0.7579815
0.73675215
0.7256199
0.6968473
0.73304534
0.72046196
0.7543853
0.7262917
0.75931185
0.75963056
0.72793627
0.7578864
0.76064956
0.72399807
0.6881023
0.7603379
0.72595835
0.72748053
0.6941428
0.7005099
0.7201632
0.7555269
0.75909173
0.7598485
0.7591643
0.727979
0.7591085
0.72892666
0.7579331
0.7605084
0.7608072
0.7608072
0.7608072
0.7608072
0.7608072
0.7608072
0.7608072
0.7608072
0.7608072
0.7608072
0.7608072
0.7608072
0.7608072
0.7608072
0.7608072
0.7608072
0.7608072
0.7608072
0.7608072
0.7608072
0.7608072
0.7608072
0.7608072
0.7608072
0.7608072
0.7608072
0.7608072
0.7608072
0.7608072
0.7608072
0.7608072
0.7608072
0.7608072
0.7608072
0.7608072
0.7608072
0.7608072
0.7608072
0.7608072
0.7608072
0.7608072
0.7608072
0.7608072
0.7608072
0.7608072
0.7608072
0.7608072
0.7608072
0.7608072
0.7608072
0.7608072
0.7608072
0.7608072
0.7608072
0.7608072
0.7608072
0.7608072
0.7608072
0.7608072
0.7608072
0.7608072
0.7608072
0.7608072
0.7608072
0.7608072
0.7608072
0.7608072
0.7608072
0.7608072
0.7608072
0.7608072
0.7608072
0.7608072
0.7608072
0.7608072
0.7608072
0.7608072
0.7608072
0.7608072
0.7608072
0.7608072
0.7608072
0.7608072
0.7608072
0.7608072
0.7608072
0.7608072
0.7608072
0.7608072
0.7608072
0.7608072
0.7608072
0.7608072
0.7608072
0.7608072
0.7608072
0.7608072
0.7608072
0.7608072
0.7608072
0.7608072
0.7608072
0.7608072
0.7608072
0.7608072
0.7608072
0.7608072
0.7608072
0.7608072
0.7608072
0.7608072
0.7608072
0.7608072
0.7608072
0.7608072
0.7608072
0.7608072
0.7608072
0.7608072
0.7608072
0.7608072
0.7608072
0.7608072
0.7608072
0.7608072
