1.1552218
0.05776109
0.08192448
0.110161304
0.11152874
0.12056079
0.1470798
0.15100443
0.21834902
0.25788385
0.2720386
0.24817324
0.28343102
0.27657953
0.30151728
0.30648154
0.32413992
0.30268264
0.32177287
0.33821666
0.32237673
0.3373194
0.34341457
0.302507
0.30063206
0.33245164
0.31762174
0.34978616
0.29254785
0.31697893
0.31973463
0.34955114
0.3512734
0.33901232
0.33272427
0.34674928
0.36206153
0.3596414
0.36090186
0.36805004
0.3381277
0.32322782
0.34430104
0.3643508
0.3751888
0.33240488
0.3234313
0.36185297
0.33580118
0.33187386
0.35982373
0.35592666
0.37459388
0.3474614
0.35556296
0.35536695
0.37691206
0.34969229
0.36835414
0.37466106
0.3550233
0.35346782
0.3553158
0.37336862
0.36866558
0.36052203
0.37392253
0.3822711
0.34389538
0.37027
0.3657151
0.36621255
0.3776569
0.38197082
0.35383564
0.36985996
0.36999908
0.3658322
0.37523517
0.37516785
0.3824747
0.3630964
0.3638878
0.38272974
0.38434076
0.32745016
0.37166396
0.35908717
0.3753589
0.38796884
0.29827148
0.3331477
0.35223982
0.34140846
0.33344296
0.38009328
0.3585012
0.3718565
0.38838276
0.36754933
0.36807442
0.3865637
0.37405103
0.37532163
0.38646877
0.39139777
0.36415786
0.3774805
0.37331653
0.37304324
0.37889534
0.38662535
0.36129388
0.37831432
0.3556888
0.36593336
0.36061195
0.3837165
0.37670413
0.38430265
0.37307334
0.38241583
0.37751192
0.38835254
0.3262332
0.35664123
0.33661813
0.36584297
0.35884354
0.35241812
0.3751089
0.37864605
0.39209658
0.3356307
0.37030524
0.35839096
0.36223775
0.36027953
0.3765659
0.38326338
0.35006252
0.37403378
0.3798096
0.3758931
0.36057392
0.37257603
0.38231176
0.33417627
0.3644523
0.39164668
0.3911498
0.39470464
0.3325405
0.33699176
0.36373037
0.33048746
0.3571156
0.35861355
0.3733763
0.36277038
0.38103244
0.3572169
0.35569105
0.3643468
0.37616697
0.36677352
0.3809321
0.3517665
0.385379
0.3529494
0.37952024
0.37835556
0.36972624
0.3664334
0.3828358
0.39579415
0.3440287
0.35526004
0.36730573
0.36777896
0.37081033
0.37252754
0.38807103
0.3752932
0.3670693
0.38931367
0.37086934
0.36984882
0.39341182
0.34932065
0.37692213
0.3685325
0.3661491
0.38872945
0.3916526
0.39965588
0.33357155
0.35413375
0.3693929
0.3607919
0.37259904
0.39008054
0.37014118
0.3753375
0.38409042
0.3785611
0.38860315
0.3881625
0.39426833
0.36186215
0.38466832
0.3793342
0.37747332
0.39552817
0.38715497
0.38686368
0.3699907
0.3991856
0.3901242
0.3679508
0.38681716
0.39807022
0.39892623
0.39616644
0.40054482
0.37731484
0.3813537
0.3852267
0.39017135
0.40370688
0.35344118
0.3656978
0.38100633
0.35853666
0.38641843
0.3672461
0.3942393
0.3733475
0.37429118
0.3769251
0.3752493
0.37662914
0.3867922
0.39681494
0.40544716
0.32290396
0.36135465
0.3841905
0.37475416
0.37739095
0.36870387
0.36028388
0.3755841
0.39288977
0.3706092
0.37969968
0.38736027
0.36830285
0.37837106
0.39691052
0.3880723
0.39263728
0.38098183
0.38945138
0.39864808
0.38224754
0.3855916
0.37653804
0.38977003
0.4014019
0.39795452
0.39628813
0.37549308
0.3868695
0.38618147
0.38883594
0.39138418
0.40500003
0.37456194
0.35343647
0.37743455
0.3764026
0.36574736
0.37516215
0.40353292
0.37290132
0.3927915
0.39289755
0.3888349
0.374558
0.38828078
0.40045786
0.3750692
0.38400024
0.39337483
0.37847862
0.3828141
0.37941572
0.39996547
0.3919411
0.38754284
0.40359455
0.3979965
0.39663348
0.40570658
0.38676456
0.3815692
0.38900694
0.38013586
0.39722556
0.40504417
0.40485835
0.40674204
0.37408653
0.40210193
0.37757477
0.3655643
0.40047294
0.39477932
0.39110744
0.39471453
0.40366536
0.380671
0.39468148
0.37742847
0.40147838
0.38936836
0.40290564
0.40418237
0.40471727
0.39214492
0.401182
0.40628642
0.3825704
0.40458685
0.3930164
0.40508303
0.39339894
0.39091894
0.3920879
0.40428916
0.3929318
0.40541834
0.4055814
0.40264463
0.40813646
0.38267463
0.38833377
0.39111626
0.40608057
0.39070296
0.39164078
0.39602113
0.40564352
0.392705
0.3948173
0.40141755
0.40653497
0.39198574
0.405663
0.4055842
0.40893292
0.3368487
0.36961818
0.37384537
0.37027162
0.37673688
0.36871368
0.39003757
0.33198637
0.33504167
0.33651084
0.37226957
0.3957622
0.36085334
0.38804406
0.4009635
0.38312605
0.37975758
0.35569376
0.3913265
0.37254614
0.35224798
0.38152575
0.38837355
0.3987084
0.3765946
0.38092354
0.3897546
0.38067752
0.38546437
0.37684667
0.37867916
0.37994236
0.3700589
0.36224538
0.38773838
0.3821872
0.38356957
0.38924348
0.3781304
0.38939464
0.3899215
0.392867
0.3887288
0.38668713
0.4046072
0.37082493
0.36766118
0.3652434
0.37327054
0.40036434
0.37208322
0.3789854
0.39527744
0.38555306
0.38391018
0.37075725
0.3544931
0.37555224
0.37944365
0.3850983
0.40368956
0.3901288
0.3835166
0.40557283
0.35577676
0.36310342
0.37800485
0.40405497
0.37185916
0.38354477
0.38224417
0.38857853
0.37985998
0.37985936
0.39305323
0.4027461
0.37776792
0.40282607
0.39053726
0.37973112
0.39411587
0.39414597
0.39583892
0.39955613
0.3781
0.3924901
0.3960079
0.40910405
0.33397844
0.36112392
0.38209814
0.33550596
0.37192076
0.37462795
0.40244037
0.37680915
0.37608245
0.3871225
0.38926145
0.3925782
0.39102906
0.39350915
0.4001426
0.4019002
0.3889497
0.39555407
0.40917692
0.39375997
0.36634094
0.38431537
0.38391805
0.39757115
0.3836827
0.3894137
0.40169454
0.40467873
0.40051857
0.3814635
0.40873402
0.39269045
0.3889333
0.40273666
0.39034933
0.39451435
0.40901893
0.38485298
0.4091107
0.40820011
0.3965388
0.4099935
0.35196257
0.3682309
0.3662359
0.38033044
0.36113334
0.3741876
0.38309294
0.39160562
0.38350245
0.3770272
