0.32056144
0.33107227
0.33107227
0.44682288
0.44682288
0.44682288
0.44682288
0.44682288
0.45138064
0.45138064
0.504658
0.504658
0.504658
0.504658
0.504658
0.504658
0.504658
0.504658
0.5520874
0.5520874
0.5520874
0.5520874
0.5520874
0.5520874
0.5520874
0.5520874
0.5520874
0.5520874
0.5537755
0.5537755
0.5537755
0.5537755
0.5537755
0.5537755
0.5537755
0.5537755
0.5537755
0.5537755
0.5537755
0.5537755
0.5537755
0.5537755
0.5537755
0.5537755
0.5537755
0.5537755
0.5537755
0.5537755
0.5537755
0.5537755
0.5537755
0.56594163
0.56594163
0.56594163
0.56594163
0.56594163
0.56594163
0.56594163
0.56594163
0.56594163
0.56594163
0.56594163
0.56594163
0.56594163
0.56594163
0.56594163
0.56594163
0.56594163
0.56594163
0.56594163
0.58723277
0.58723277
0.58723277
0.58723277
0.58723277
0.58723277
0.58723277
0.58723277
0.58723277
0.58723277
0.58723277
0.58723277
0.58723277
0.58723277
0.58723277
0.58723277
0.58723277
0.58723277
0.5921263
0.5921263
0.5985584
0.5985584
0.5985584
0.5985584
0.5985584
0.5985584
0.5985584
0.5985584
0.5985584
0.5985584
0.5985584
0.5985584
0.5985584
0.5985584
0.5985584
0.5985584
0.5985584
0.5985584
0.5985584
0.6085761
0.6085761
0.6085761
0.6085761
0.6085761
0.6085761
0.6085761
0.6085761
0.6085761
0.6085761
0.6085761
0.6085761
0.6085761
0.6085761
0.6085761
0.6085761
0.6085761
0.6085761
0.6085761
0.6085761
0.6085761
0.6085761
0.6085761
0.6085761
0.6085761
0.6085761
0.6085761
0.6085761
0.6085761
0.6085761
0.6085761
0.6085761
0.6085761
0.6085761
0.6085761
0.6085761
0.6085761
0.6136974
0.6136974
0.6136974
0.6339268
0.6339268
0.6339268
0.6339268
0.6339268
0.6339268
0.6339268
0.6339268
0.6339268
0.6339268
0.6339268
0.6339268
0.6339268
0.6339268
0.6339268
0.6339268
0.6339268
0.6339268
0.6339268
0.6339268
0.6339268
0.6339268
0.6339268
0.6339268
0.6339268
0.6339268
0.6339268
0.6339268
0.6339268
0.6339268
0.6339268
0.6339268
0.6339268
0.6339268
0.6339268
0.6339268
0.6339268
0.6339268
0.6339268
0.6339268
0.6339268
0.6339268
0.6339268
0.6339268
0.6339268
0.6339268
0.6339268
0.6339268
0.6339268
0.6339268
0.6339268
0.6339268
0.6339268
0.6339268
0.6339268
0.6339268
0.6339268
0.6339268
0.6339268
0.6339268
0.6339268
0.6339268
0.6339268
0.6339268
0.6339268
0.63543534
0.63543534
0.63543534
0.63543534
0.63543534
0.63543534
0.63543534
0.63543534
0.63543534
0.63543534
0.63543534
0.63543534
0.63543534
0.63543534
0.63543534
0.63543534
0.63543534
0.63543534
0.63543534
0.63543534
0.63543534
0.63543534
0.63543534
0.63543534
0.63543534
0.63543534
0.63543534
0.63543534
0.63543534
0.63543534
0.63543534
0.63543534
0.63543534
0.63543534
0.63543534
0.63543534
0.63543534
0.63543534
0.63543534
0.63543534
0.63543534
0.63543534
0.63543534
0.63543534
0.63543534
0.63543534
0.63543534
0.63543534
0.63543534
0.63543534
0.63543534
0.63543534
0.6432086
0.6432086
0.6432086
0.6432086
0.6432086
0.6432086
0.6432086
0.6432086
0.6432086
0.6432086
0.6432086
0.6432086
0.6432086
0.6432086
0.6432086
0.6432086
0.6432086
0.6432086
0.6432086
0.6432086
0.6432086
0.6432086
0.6432086
0.6432086
0.6432086
0.6432086
0.6432086
0.6432086
0.6432086
0.6432086
0.6432086
0.6432086
0.6432086
0.6432086
0.6432086
0.6432086
0.6432086
0.6432086
0.6432086
0.6432086
0.6432086
0.6432086
0.6432086
0.6432086
0.6432086
0.6432086
0.6432086
0.6432086
0.6432086
0.6432086
0.6432086
0.6432086
0.6432086
0.6432086
0.6432086
0.6432086
0.6432086
0.6432086
0.6432086
0.6432086
0.6432086
0.6432086
0.64418644
0.64418644
0.64418644
0.64418644
0.64418644
0.64418644
0.64418644
0.64418644
0.64418644
0.64418644
0.64418644
0.64418644
0.64418644
0.64418644
0.64418644
0.64418644
0.64418644
0.64418644
0.64418644
0.64418644
0.64418644
0.64418644
0.64418644
0.64418644
0.64418644
0.64418644
0.64418644
0.64418644
0.64418644
0.64418644
0.64418644
0.64418644
0.64418644
0.64418644
0.64418644
0.64418644
0.64418644
0.64418644
0.64418644
0.64418644
0.64418644
0.64418644
0.64418644
0.64418644
0.64418644
0.64418644
0.64418644
0.64418644
0.64418644
0.64418644
0.64418644
0.64418644
0.64418644
0.64418644
0.64418644
0.64418644
0.64418644
0.64418644
0.64418644
0.64418644
0.64418644
0.64418644
0.64418644
0.64418644
0.64418644
0.64418644
0.65413386
0.66697896
0.66697896
0.66697896
0.66697896
0.66697896
0.66697896
0.66697896
0.66697896
0.66697896
0.66697896
0.66697896
0.66697896
0.66697896
0.66697896
0.66697896
0.66697896
0.66697896
0.66697896
0.66697896
0.66697896
0.66697896
0.66697896
0.66697896
0.66697896
0.66697896
0.66697896
0.66697896
0.66697896
0.66697896
0.66697896
0.66697896
0.66697896
0.66697896
0.66697896
0.66697896
0.66697896
0.66697896
0.66697896
0.66697896
0.66697896
0.66697896
0.66697896
0.66697896
0.66697896
0.66697896
0.66697896
0.66697896
0.66697896
0.66697896
0.66697896
0.66697896
0.66697896
0.66697896
0.66697896
0.66697896
0.66697896
0.66697896
0.66697896
0.66697896
0.66697896
0.66697896
0.66697896
0.66697896
0.66697896
0.66697896
0.66697896
0.66697896
0.66697896
0.66697896
0.66697896
0.66697896
0.66697896
0.66697896
0.66697896
0.66697896
0.66697896
0.66697896
0.66697896
0.66697896
0.66697896
0.66697896
0.66697896
0.66697896
0.66697896
0.66697896
0.66697896
0.66697896
0.66697896
0.66697896
0.66697896
0.66697896
0.66697896
0.66697896
0.66697896
0.66697896
0.66697896
0.66697896
0.66697896
0.66697896
0.66697896
0.66697896
0.66697896
0.66697896
0.66697896
0.66697896
0.66697896
