6.656115
0.06656115
0.10184199
0.118075006
0.13058622
0.14940591
0.17438191
0.20299791
0.23323566
0.24679151
0.26748145
0.2881434
0.29612556
0.30069622
0.30086935
0.3156668
0.30599603
0.31868577
0.3102275
0.31714314
0.32230136
0.32507747
0.32808936
0.3236521
0.3317739
0.30835837
0.3224213
0.3266664
0.32950357
0.33428735
0.32654607
0.33276668
0.33662513
0.33179092
0.34426984
0.29041007
0.31565315
0.3168534
0.3348597
0.3207158
0.32206422
0.33699852
0.323323
0.33228463
0.3405121
0.34222165
0.33123592
0.34317183
0.342706
0.34760976
0.33645478
0.34723538
0.35079402
0.33817935
0.3319571
0.34587795
0.33635005
0.3451017
0.33917233
0.34758687
0.35046253
0.34633854
0.35316527
0.33860794
0.34065154
0.35077
0.35578555
0.34439975
0.34368232
0.35017365
0.35790563
0.35764575
0.3601668
0.3625502
0.35247567
0.36027884
0.362405
0.35945594
0.3667752
0.33651355
0.3613982
0.35811275
0.36032456
0.3687429
0.34927768
0.35338023
0.362658
0.35766095
0.35969642
0.36608288
0.36797997
0.3669116
0.36536512
0.3645243
0.3698604
0.35918373
0.3673958
0.36480644
0.36511895
0.36414498
0.37113982
0.36353707
0.36173484
0.37109807
0.3668484
0.36706007
0.37526748
0.32543138
0.3335079
0.3455218
0.3542745
0.3568239
0.3510554
0.35709476
0.36663327
0.36993766
0.36220187
0.36429128
0.37160346
0.3712801
0.37318653
0.3657575
0.37264043
0.3737664
0.3792078
0.32624662
0.35448056
0.35552868
0.3520437
0.3701609
0.36666855
0.3721467
0.372028
0.37023446
0.37544486
0.37652597
0.36874434
0.37575227
0.3745436
0.37841973
0.3758203
0.37680873
0.37664932
0.3756721
0.3800836
0.37487352
0.37231913
0.37507743
0.37873486
0.38321263
0.3383318
0.36071992
0.3706612
0.36309895
0.36595803
0.38053685
0.36469686
0.37553436
0.38187188
0.36483788
0.36926076
0.37312785
0.37530285
0.378103
0.37603253
0.38052368
0.3761224
0.375394
0.37905574
0.380571
0.3830891
0.38000232
0.37823436
0.38131428
0.38272038
0.38127595
0.3825473
0.38677886
0.3096078
0.3427412
0.35202342
0.3589927
0.35988963
0.36973515
0.37832123
0.36754254
0.38276443
0.36566567
0.3787813
0.37617317
0.37970963
0.38668716
0.37366113
0.38165975
0.3789584
0.38085365
0.3851934
0.38248977
0.37986347
0.38410223
0.37897396
0.38136363
0.38043675
0.3839505
0.3854332
0.3900597
0.34217143
0.36095592
0.35912842
0.37075642
0.375373
0.3773424
0.38541538
0.37880653
0.37835166
0.38039955
0.37850258
0.38095224
0.39079198
0.3583192
0.37365514
0.3678145
0.3846429
0.38436586
0.3877483
0.37625244
0.3873566
0.38517997
0.3875818
0.38845268
0.38706815
0.38611376
0.39185867
0.35898674
0.37901443
0.37627992
0.3827257
0.37570918
0.38590586
0.3788252
0.38922796
0.38882715
0.38991678
0.38648003
0.38533956
0.3922218
0.38253185
0.38757047
0.3893894
0.38847256
0.39142022
0.38629612
0.3881408
0.38909924
0.3932348
0.37651148
0.37312135
0.37256214
0.3787761
0.3784926
0.38057125
0.38199955
0.39134055
0.37362006
0.38300613
0.38232386
0.38621715
0.381913
0.38078183
0.38722363
0.3857608
0.3874926
0.39270127
0.39022705
0.3876344
0.3894961
0.38973278
0.3915699
0.39088872
0.39087135
0.39159927
0.3953491
0.33997518
0.353019
0.36230928
0.369824
0.3793811
0.37256184
0.37870568
0.37947887
0.38138545
0.37934968
0.38259166
0.38491422
0.37561658
0.38416114
0.38111302
0.38883746
0.3685474
0.37475014
0.37508136
0.38353825
0.3829076
0.3893796
0.38333607
0.38252082
0.39227253
0.3778043
0.38473392
0.38943532
0.38742527
0.3837189
0.3869272
0.38887706
0.3939187
0.37401882
0.37567243
0.37681583
0.38562143
0.38426945
0.38676903
0.38758838
0.38917914
0.38742015
0.3868755
0.39008048
0.39268914
0.38253373
0.39004734
0.3885226
0.39473838
0.3950798
0.37775078
0.38749522
0.39146665
0.3913074
0.39274052
0.38820514
0.39500463
0.39709756
0.35262954
0.37082547
0.38211596
0.37272218
0.37800598
0.3851818
0.38406247
0.3826592
0.38544026
0.38866815
0.38847074
0.38982186
0.38341817
0.38402805
0.3907424
0.38598233
0.39282742
0.38680878
0.38897097
0.3883205
0.38651362
0.39260006
0.38816136
0.39350632
0.38332188
0.39072952
0.3858633
0.39491448
0.389481
0.3930427
0.39660996
0.39256728
0.38599575
0.39305636
0.39406297
0.39677256
0.39185375
0.39583734
0.39636064
0.3930548
0.39441273
0.39628014
0.39783502
0.37977546
0.3876366
0.38469693
0.38828316
0.3936945
0.39156884
0.3928035
0.38822556
0.3888352
0.39386258
0.38443112
0.38623276
0.38748837
0.39676484
0.3870651
0.39075717
0.39562154
0.39824027
0.37391508
0.37836838
0.38064247
0.38706014
0.38560092
0.3874446
0.39069942
0.39109638
0.39019886
0.39003524
0.39243183
0.39325583
0.39194858
0.3969605
0.3952182
0.39695075
0.3903765
0.3947796
0.395192
0.39814454
0.39321747
0.39092585
0.3925212
0.39537802
0.39634693
0.39134365
0.39550194
0.3955032
0.3971534
0.39671433
0.39515838
0.39534774
0.39638495
0.39686057
0.39711425
0.39258954
0.39480636
0.3998581
0.37389624
0.37528723
0.37779644
0.38435102
0.3807929
0.3858004
0.39043304
0.38930535
0.3882257
0.3931022
0.39481276
0.38383424
0.3943413
0.39434543
0.39535588
0.38668644
0.39486215
0.38584477
0.3930774
0.39419585
0.39503932
0.39774162
0.38595217
0.38967183
0.39858338
0.39497608
0.39730456
0.39350083
0.39848152
0.3949308
0.39808503
0.39982674
0.3924803
0.39699858
0.3885434
0.39903942
0.39365023
0.3856572
0.39630163
0.3955191
0.4013374
0.3696356
0.37341782
0.38380867
0.37727448
0.37975368
0.3820136
0.3922758
0.37677792
0.38621387
0.39008477
0.3884566
0.3889786
0.3874442
0.3922731
0.3903627
0.3951913
0.38685033
0.39054084
0.39899582
0.37906402
0.38506386
0.3847822
