0.2829312
0.2829312
0.2830884
0.2830884
0.2830884
0.3042504
0.33195037
0.33195037
0.33403012
0.33403012
0.36428896
0.36428896
0.36428896
0.36428896
0.36428896
0.36428896
0.36428896
0.3780729
0.3780729
0.3780729
0.3780729
0.3780729
0.3780729
0.3780729
0.3780729
0.3780729
0.3780729
0.3780729
0.3780729
0.3780729
0.3780729
0.3780729
0.3780729
0.3780729
0.38576886
0.38576886
0.38576886
0.38677427
0.38934448
0.38934448
0.38934448
0.38934448
0.38934448
0.38934448
0.38934448
0.38934448
0.38934448
0.38934448
0.38934448
0.38934448
0.38934448
0.38934448
0.38934448
0.38934448
0.38934448
0.38934448
0.38934448
0.38934448
0.38934448
0.38934448
0.38934448
0.38934448
0.38934448
0.38934448
0.38934448
0.38934448
0.38934448
0.38934448
0.38934448
0.38934448
0.38934448
0.39025387
0.39025387
0.39025387
0.39025387
0.39025387
0.39025387
0.39025387
0.39025387
0.39025387
0.39025387
0.39025387
0.39025387
0.39025387
0.39025387
0.39025387
0.39025387
0.39025387
0.39025387
0.39025387
0.39025387
0.39025387
0.39025387
0.39025387
0.39025387
0.39025387
0.39025387
0.39025387
0.39025387
0.39025387
0.39025387
0.39025387
0.39025387
0.39025387
0.39025387
0.39025387
0.39025387
0.39025387
0.39025387
0.39025387
0.39025387
0.39025387
0.39025387
0.39025387
0.39025387
0.39025387
0.39025387
0.39025387
0.39025387
0.39025387
0.39025387
0.39025387
0.39025387
0.39025387
0.39025387
0.39025387
0.39025387
0.39025387
0.39025387
0.39025387
0.39025387
0.39025387
0.39025387
0.39025387
0.39025387
0.39025387
0.39464384
0.39464384
0.39464384
0.39464384
0.39464384
0.39464384
0.39464384
0.39464384
0.39464384
0.39464384
0.39464384
0.39464384
0.39464384
0.39464384
0.39464384
0.39464384
0.39464384
0.39464384
0.39464384
0.39464384
0.39464384
0.39464384
0.39464384
0.39464384
0.39464384
0.39464384
0.39464384
0.39464384
0.39464384
0.39464384
0.39464384
0.39464384
0.39464384
0.39464384
0.39464384
0.39464384
0.39464384
0.39464384
0.39464384
0.39464384
0.39464384
0.39464384
0.39464384
0.39464384
0.39464384
0.39464384
0.39464384
0.39464384
0.39464384
0.39464384
0.39464384
0.39464384
0.39464384
0.39464384
0.39464384
0.39464384
0.39464384
0.39464384
0.39464384
0.39464384
0.39464384
0.39464384
0.39464384
0.39464384
0.39464384
0.39464384
0.39464384
0.39464384
0.39464384
0.39464384
0.39464384
0.39464384
0.39464384
0.39464384
0.39464384
0.39464384
0.39464384
0.39464384
0.39464384
0.39464384
0.39464384
0.39464384
0.39464384
0.39464384
0.39464384
0.39464384
0.39464384
0.39464384
0.39464384
0.39464384
0.39464384
0.39464384
0.39464384
0.39464384
0.39464384
0.39464384
0.39464384
0.39464384
0.39464384
0.39464384
0.39464384
0.39464384
0.39464384
0.39464384
0.39464384
0.39464384
0.39464384
0.39464384
0.39464384
0.39464384
0.39464384
0.39464384
0.39464644
0.39464644
0.39464644
0.39464644
0.39464644
0.39464644
0.39464644
0.39464644
0.39464644
0.39464644
0.39464644
0.39464644
0.39464644
0.39464644
0.39464644
0.39464644
0.39464644
0.39464644
0.39464644
0.39464644
0.39464644
0.39464644
0.39464644
0.39464644
0.39464644
0.39464644
0.39464644
0.39464644
0.39464644
0.39464644
0.39464644
0.39464644
0.39464644
0.39468983
0.39468983
0.39468983
0.39468983
0.39468983
0.39468983
0.39468983
0.39468983
0.39468983
0.39468983
0.39468983
0.39468983
0.39468983
0.39522156
0.39522156
0.39522156
0.39522156
0.39522156
0.39522156
0.39522156
0.39522156
0.39522156
0.39522156
0.39522156
0.39522156
0.39522156
0.39522156
0.39522156
0.39522156
0.39522156
0.39522156
0.39522156
0.39522156
0.39522156
0.39522156
0.39522156
0.39522156
0.39522156
0.39522156
0.39522156
0.39522156
0.39522156
0.39522156
0.39522156
0.39522156
0.39522156
0.39522156
0.39522156
0.39522156
0.39522156
0.39522156
0.39522156
0.39522156
0.39522156
0.39522156
0.39522156
0.39522156
0.39522156
0.39522156
0.39522156
0.39522156
0.39522156
0.39522156
0.39522156
0.39522156
0.39522156
0.39522156
0.39522156
0.39522156
0.39522156
0.39522156
0.39522156
0.39522156
0.39522156
0.39522156
0.39522156
0.39522156
0.39522156
0.39522156
0.39522156
0.39522156
0.39522156
0.39522156
0.39522156
0.39522156
0.39522156
0.39522156
0.39522156
0.39522156
0.39522156
0.39522156
0.39522156
0.39522156
0.39522156
0.39522156
0.39522156
0.39522156
0.39522156
0.39522156
0.39522156
0.39522156
0.39522156
0.39522156
0.39522156
0.39522156
0.39522156
0.39522156
0.39522156
0.39522156
0.39522156
0.39522156
0.39522156
0.39522156
0.39522156
0.39522156
0.39522156
0.39522156
0.39522156
0.39522156
0.39522156
0.39522156
0.39522156
0.39522156
0.39522156
0.39522156
0.39522156
0.39522156
0.39522156
0.39522156
0.39522156
0.39522156
0.39522156
0.39522156
0.39522156
0.39522156
0.39522156
0.39522156
0.39522156
0.39522156
0.39522156
0.39522156
0.39522156
0.39522156
0.39522156
0.39522156
0.39522156
0.39522156
0.39522156
0.39522156
0.39522156
0.39522156
0.39522156
0.39522156
0.39522156
0.39522156
0.39522156
0.39522156
0.39522156
0.39522156
0.39522156
0.39522156
0.39522156
0.39522156
0.39522156
0.39522156
0.39522156
0.39522156
0.39522156
0.39522156
0.39522156
0.39522156
0.39522156
0.39522156
0.39522156
0.39522156
0.39522156
0.39522156
0.39522156
0.39522156
0.39522156
0.39522156
0.39522156
0.39522156
0.39522156
0.39522156
0.39522156
0.39522156
0.39522156
0.39522156
0.39522156
0.39522156
0.39522156
0.39522156
0.39522156
0.39522156
0.39522156
0.39522156
0.39522156
0.39522156
0.39522156
0.39522156
0.39522156
0.39522156
0.39522156
0.39522156
0.39522156
0.39522156
0.39522156
0.39522156
0.39522156
0.39522156
0.39522156
0.39522156
0.39522156
0.39522156
0.39522156
0.39522156
0.39522156
0.39522156
0.39522156
