1.9735838
0.09867919
0.20060821
0.28665507
0.26609844
0.31184682
0.30145046
0.30962482
0.30289084
0.3199281
0.37041909
0.3505004
0.42354685
0.45748863
0.48952436
0.55780756
0.58006823
0.662423
0.57297504
0.64189804
0.67351735
0.49872756
0.55625194
0.64451426
0.6780309
0.5521382
0.6586925
0.6330017
0.6928895
0.57540375
0.6386043
0.6742343
0.6503994
0.7122551
0.5964511
0.68215126
0.7160187
0.61790586
0.6554038
0.7030294
0.6978464
0.7239809
0.6174685
0.6310357
0.65810233
0.6919865
0.69829786
0.7275467
0.6383834
0.693081
0.697898
0.7313355
0.65199834
0.69980854
0.7294601
0.73535407
0.6354302
0.69555706
0.6660557
0.7012069
0.7355464
0.641899
0.7360302
0.6841716
0.7381612
0.64093405
0.6491613
0.6721691
0.672905
0.68112534
0.7394745
0.69475114
0.73851216
0.7405375
0.7250252
0.74147385
0.74091166
0.7405604
0.7419321
0.7059902
0.7402029
0.7352229
0.7091881
0.7053838
0.7060358
0.7057412
0.7415158
0.7091881
0.74101776
0.70829105
0.742
0.7164582
0.7415813
0.7406467
0.74196166
0.7168683
0.74196166
0.74196726
0.74101794
0.70678186
0.7389206
0.71868086
0.74200565
0.7410315
0.70884687
0.742
0.7410315
0.7411107
0.74154294
0.7420136
0.59062445
0.6661264
0.7237209
0.57092535
0.6927494
0.68966776
0.70363796
0.70021033
0.6984057
0.7334945
0.6155737
0.732609
0.7044554
0.7375942
0.5978124
0.67370427
0.669362
0.7322596
0.61134964
0.71024096
0.6906663
0.70909554
0.71760094
0.70859236
0.70654285
0.7063318
0.7405501
0.70064306
0.70510566
0.73984516
0.7170279
0.7404026
0.73766047
0.71207297
0.7058207
0.7079523
0.7109032
0.70888245
0.7060547
0.70578253
0.74146205
0.6817356
0.7093986
0.73839724
0.7405651
0.71040636
0.7404586
0.73857605
0.7417076
0.7072066
0.74055314
0.7060796
0.7066468
0.7404289
0.7414502
0.705943
0.7409252
0.7247435
0.7418609
0.54248476
0.6221991
0.67390203
0.7320994
0.615397
0.7081956
0.70180786
0.7042629
0.71423805
0.7254962
0.685982
0.70446956
0.7388567
0.57809114
0.71208835
0.7377234
0.6708399
0.7353636
0.71754694
0.7378446
0.74161595
0.7050105
0.71154606
0.7395462
0.69253266
0.71047837
0.70874864
0.7084218
0.7385746
0.7407532
0.70629877
0.70796835
0.73962563
0.7091594
0.7419209
0.67910165
0.730729
0.68194944
0.6762119
0.7120329
0.70433813
0.7073025
0.73629224
0.71492666
0.70801437
0.73943055
0.69443834
0.70532423
0.7406103
0.70883
0.7420662
0.61682236
0.685234
0.70718265
0.71335703
0.7354027
0.70542514
0.7125777
0.7385478
0.71355087
0.7064048
0.7373911
0.6599435
0.70834976
0.7091054
0.7373463
0.74043185
0.74140036
0.6940248
0.67536104
0.7392949
0.7053705
0.71664554
0.7394957
0.6864741
0.7056928
0.74161565
0.7387415
0.7421054
0.6166254
0.674519
0.70910406
0.7121986
0.74188316
0.7052602
0.71377903
0.73966944
0.705879
0.70591295
0.70738095
0.71061605
0.74122167
0.73785657
0.71279514
0.7369965
0.676906
0.67352384
0.70496047
0.73734254
0.7053577
0.71754634
0.71768415
0.71112335
0.7191651
0.7380534
0.7062844
0.72182816
0.73793364
0.7409275
0.74071366
0.7421592
0.6211135
0.6871356
0.6672392
0.6774899
0.6711705
0.69409984
0.7063478
0.6749264
0.67217726
0.6863513
0.6749447
0.732162
0.62053543
0.7087491
0.7033323
0.73822033
0.67954147
0.7048798
0.70441705
0.73619497
0.7145957
0.7069786
0.7391808
0.7095054
0.737866
0.74020493
0.74017286
0.7393102
0.739155
0.7060813
0.716799
0.72518927
0.70849144
0.70816576
0.7413294
0.71152276
0.7285732
0.7416291
0.7074989
0.70959747
0.7419628
0.6228334
0.70232314
0.7070058
0.7380277
0.7380725
0.70570564
0.7113491
0.7410913
0.71048695
0.742446
0.58433807
0.6418997
0.67264193
0.7359782
0.7060676
0.7154878
0.708135
0.7075882
0.7079514
0.73937494
0.6688531
0.6751516
0.7360366
0.67536145
0.7266423
0.7412183
0.74249923
0.71114266
0.7054811
0.741339
0.7062024
0.73987144
0.7162151
0.7096163
0.7417304
0.7085218
0.7422283
0.70906377
0.73893607
0.7145828
0.7415138
0.7100273
0.74279225
0.647051
0.672844
0.7084119
0.7359484
0.7054874
0.7067502
0.7390605
0.70892614
0.7417408
0.7185407
0.7427831
0.7163602
0.7423972
0.7428626
0.74242437
0.70599806
0.74006635
0.74142873
0.74006754
0.7428814
0.71018165
0.74006754
0.7428295
0.7170678
0.7419596
0.71018165
0.7181047
0.7428762
0.74288976
0.7422043
0.7429417
0.13244262
0.20421891
0.22995487
0.27197668
0.2890527
0.26735285
0.3194859
0.27950025
0.36225393
0.37931076
0.3923162
0.38156646
0.43075466
0.4003868
0.39554262
0.39965993
0.40677768
0.44096726
0.48052543
0.49757123
0.4216199
0.46568894
0.46712884
0.49080157
0.5015229
0.4788677
0.46614012
0.50197786
0.50767744
0.4808015
0.5116166
0.4284276
0.49770626
0.4668513
0.5122294
0.49435744
0.5177459
0.47849742
0.482407
0.5155507
0.5219478
0.4725845
0.518348
0.529593
0.5076629
0.52855414
0.5465134
0.48101598
0.5050975
0.5221974
0.5276218
0.5545222
0.5317792
0.55713975
0.54788464
0.5807446
0.4413508
0.44835615
0.55077356
0.5043956
0.5095198
0.5622476
0.5517246
0.5746776
0.5559929
0.5836514
0.5679451
0.5449161
0.59802794
0.43896595
0.54919404
0.5826234
0.588172
0.59126836
0.5683736
0.5761787
0.57710236
0.6059121
0.4392528
0.5618128
0.53302735
0.5849753
0.6053109
0.5457784
0.5528871
0.572444
0.5801161
0.56685483
0.59322035
0.5959833
0.6035358
0.589424
0.6195898
0.4972705
0.5136736
0.53177196
0.5319408
0.51414514
0.5425931
0.51976025
0.5857998
0.54823446
0.55456966
0.56075656
0.57706964
0.59116256
0.5657729
