0.11426854
0.1889922
0.18845384
0.2043809
0.23216641
0.27470338
0.3891191
0.5145083
0.6113068
0.6571292
0.44237223
0.55501884
0.5862886
0.6222621
0.64355904
0.6808452
0.5976042
0.65771466
0.66284484
0.6937647
0.48276082
0.634167
0.70237255
0.65573156
0.71472085
0.5343238
0.65283316
0.6855992
0.617844
0.6971687
0.7228774
0.7260941
0.5423756
0.60222936
0.70101345
0.7251853
0.58376515
0.6737113
0.72990525
0.6693254
0.68242854
0.6658502
0.7029277
0.67746496
0.66540116
0.73393023
0.53985316
0.6213746
0.6935112
0.61046785
0.6741772
0.6668929
0.6965673
0.73251784
0.5831802
0.67401516
0.70337075
0.7099589
0.7365631
0.6004225
0.6082935
0.74043494
0.703481
0.69177204
0.71910286
0.6782018
0.7064066
0.74601305
0.74724656
0.7228452
0.72089994
0.71935666
0.7465962
0.7478147
0.5426978
0.6723901
0.6947464
0.72822
0.6144248
0.64811003
0.6430691
0.7358015
0.6899675
0.67222637
0.7404744
0.6911998
0.72412264
0.68472797
0.71475524
0.7153241
0.7217353
0.7462063
0.68819773
0.71058345
0.72270846
0.7461909
0.68976074
0.7501618
0.58108866
0.70109844
0.67695844
0.68004507
0.67156017
0.73710513
0.6617372
0.7096857
0.68265116
0.71546465
0.6578268
0.72060364
0.75192344
0.65591025
0.7109908
0.6644836
0.7160464
0.7474925
0.6988352
0.6880872
0.7561806
0.66985124
0.659589
0.6898999
0.6904449
0.688368
0.69693464
0.68472993
0.7120288
0.71918106
0.7534555
0.65936786
0.69946754
0.75105727
0.73547184
0.7596783
0.45198503
0.48831397
0.60029733
0.6603107
0.66351587
0.7036725
0.7014964
0.7345599
0.6121857
0.6118503
0.6247456
0.6541585
0.7345407
0.6339909
0.6504163
0.6851436
0.7237454
0.7509687
0.61886895
0.71267927
0.70048326
0.7260809
0.72267944
0.6974274
0.75746995
0.70367026
0.7187923
0.69660264
0.724969
0.7624713
0.6137261
0.6852149
0.65949905
0.69791263
0.73327166
0.66005576
0.7391117
0.7036709
0.7621326
0.7630068
0.76211345
0.7629887
0.726947
0.7668642
0.73236364
0.7648495
0.7350775
0.7677236
0.6531482
0.717028
0.75799084
0.7295527
0.69822544
0.69143337
0.7298361
0.72822624
0.7319898
0.7661929
0.7323928
0.76526797
0.76225954
0.7649955
0.76787007
0.56261957
0.628372
0.69516385
0.7507779
0.6304638
0.7164866
0.66019094
0.73034894
0.76278436
0.71139324
0.7287099
0.760872
0.71361476
0.734726
0.74415267
0.73062193
0.76847464
0.6835173
0.7008703
0.7377643
0.65618265
0.7585522
0.724299
0.695477
0.7274097
0.6951702
0.7279055
0.7662841
0.7663055
0.7690213
0.45234054
0.6622922
0.7345874
0.52021575
0.67898697
0.7174995
0.72029746
0.7254814
0.70057297
0.76487154
0.7317505
0.76346844
0.73400605
0.7659185
0.7358945
0.7658795
0.7686849
0.6098271
0.65257037
0.72159046
0.7052133
0.729986
0.73802054
0.7690195
0.75344867
0.6871227
0.729555
0.72704995
0.74290794
0.7337344
0.76906914
0.6143277
0.7351561
0.75619054
0.70391107
0.76162356
0.72741616
0.7347644
0.7067739
0.7637802
0.7638281
0.698996
0.7640072
0.7635087
0.73340356
0.76644975
0.76918614
0.7666352
0.7691918
0.76762474
0.7313428
0.73664063
0.7338855
0.7519114
0.73664063
0.7665847
0.7670935
0.74515826
0.76930153
0.76930153
0.7296364
0.7641505
0.766585
0.7665986
0.7310837
0.73368716
0.7693705
0.76932096
0.76942044
0.5025319
0.6459761
0.7279271
0.5426706
0.6201265
0.7464591
0.584415
0.6701268
0.7251357
0.72956145
0.7090064
0.76792616
0.7108962
0.7477499
0.7110867
0.733308
0.76156557
0.67519975
0.70943654
0.7141462
0.7415664
0.7544308
0.7571336
0.77532464
0.61182606
0.6827281
0.7222328
0.7290387
0.7289165
0.7554922
0.64178777
0.72574985
0.63203704
0.71219695
0.7380694
0.7365929
0.75016695
0.7494122
0.71264124
0.74575484
0.77844334
0.6449073
0.7099547
0.7409627
0.7376237
0.7567264
0.678447
0.7806159
0.71504503
0.786516
0.76451105
0.7880596
0.7565739
0.7662256
0.7895333
0.75331205
0.7880596
0.789531
0.79079556
0.7699451
0.7562075
0.79079556
0.7852045
0.7548749
0.7891526
0.79202676
0.79202676
0.79202676
0.79202676
0.79202676
0.79202676
0.79202676
0.79202676
0.79202676
0.79202676
0.79202676
0.79202676
0.79202676
0.79202676
0.79202676
0.79202676
0.79202676
0.79202676
0.79202676
0.79202676
0.79202676
0.79202676
0.79202676
0.79202676
0.79202676
0.79202676
0.79202676
0.79202676
0.79202676
0.79202676
0.79202676
0.79202676
0.79202676
0.79202676
0.79202676
0.79202676
0.79202676
0.79202676
0.79202676
0.79202676
0.79202676
0.79202676
0.79202676
0.79202676
0.79202676
0.79202676
0.79202676
0.79202676
0.79202676
0.79202676
0.79202676
0.79202676
0.79202676
0.79202676
0.79202676
0.79202676
0.79202676
0.79202676
0.79202676
0.79202676
0.79202676
0.79202676
0.79202676
0.79202676
0.79202676
0.79202676
0.79202676
0.79202676
0.79202676
0.79202676
0.79202676
0.79202676
0.79202676
0.79202676
0.79202676
0.79202676
0.79202676
0.79202676
0.79202676
0.79202676
0.79202676
0.79202676
0.79202676
0.79202676
0.79202676
0.79202676
0.79202676
0.79202676
0.79202676
0.79202676
0.79202676
0.79202676
0.79202676
0.79202676
0.79202676
0.79202676
0.79202676
0.79202676
0.79202676
0.79202676
0.79202676
0.79202676
0.79202676
0.79202676
0.79202676
0.79202676
0.79202676
0.79202676
0.79202676
0.79202676
0.79202676
0.79202676
0.79202676
0.79202676
0.79202676
0.79202676
0.79202676
0.79202676
0.79202676
0.79202676
0.79202676
0.79202676
0.79202676
0.79202676
0.79202676
0.79202676
0.79202676
0.79202676
0.79202676
0.79202676
0.79202676
0.79202676
0.79202676
0.79202676
0.79202676
0.79202676
0.79202676
0.79202676
0.79202676
0.79202676
0.79202676
0.79202676
0.79202676
0.79202676
0.79202676
0.79202676
0.79202676
0.79202676
0.79202676
0.79202676
0.79202676
0.79202676
0.79202676
0.79202676
0.79202676
0.79202676
0.79202676
0.79202676
0.79202676
0.79202676
0.79202676
0.79202676
0.79202676
0.79202676
0.79202676
0.79202676
0.79202676
0.79202676
0.79202676
0.79202676
0.79202676
0.79202676
0.79202676
0.79202676
0.79202676
0.79202676
0.79202676
0.79202676
0.79202676
0.79202676
0.79202676
0.79202676
0.79202676
0.79202676
0.79202676
0.79202676
0.79202676
0.79202676
0.79202676
0.79202676
0.79202676
0.79202676
0.79202676
0.79202676
0.79202676
0.79202676
0.79202676
0.79202676
0.79202676
0.79202676
0.79202676
0.79202676
0.79202676
0.79202676
0.79202676
0.79202676
0.79202676
0.79202676
0.79202676
0.79202676
0.79202676
0.79202676
0.79202676
0.79202676
0.79202676
0.79202676
0.79202676
0.79202676
0.79202676
0.79202676
0.79202676
0.79202676
0.79202676
0.79202676
0.79202676
0.79202676
0.79202676
0.79202676
0.79202676
0.79202676
0.79202676
0.79202676
0.79202676
0.79202676
0.79202676
0.79202676
0.79202676
0.79202676
0.79202676
0.79202676
0.79202676
0.79202676
0.79202676
0.79202676
0.79202676
0.79202676
0.79202676
0.79202676
0.79202676
0.79202676
0.79202676
0.79202676
0.79202676
0.79202676
0.79202676
0.79202676
0.79202676
0.79202676
0.79202676
0.79202676
0.79202676
0.79202676
0.79202676
0.79202676
0.79202676
0.79202676
0.79202676
0.79202676
0.79202676
0.79202676
0.79202676
0.79202676
0.79202676
0.79202676
0.79202676
0.79202676
0.79202676
0.79202676
0.79202676
0.79202676
0.79202676
0.79202676
0.79202676
0.79202676
0.79202676
0.79202676
0.79202676
0.79202676
0.79202676
0.79202676
0.79202676
0.79202676
0.79202676
0.79202676
0.79202676
0.79202676
0.79202676
0.79202676
0.79202676
0.79202676
0.79202676
0.79202676
0.79202676
0.79202676
0.79202676
0.79202676
0.79202676
0.79202676
0.79202676
0.79202676
0.79202676
0.79202676
0.79202676
0.79202676
0.79202676
0.79202676
0.79202676
0.79202676
0.79202676
0.79202676
0.79202676
0.79202676
0.79202676
0.79202676
0.79202676
0.79202676
0.79202676
0.79202676
0.79202676
0.79202676
0.79202676
0.79202676
0.79202676
0.79202676
0.79202676
0.79202676
0.79202676
0.79202676
0.79202676
0.79202676
0.79202676
0.79202676
0.79202676
0.79202676
0.79202676
0.79202676
0.79202676
0.79202676
0.79202676
0.79202676
0.79202676
0.79202676
0.79202676
0.79202676
0.79202676
0.79202676
0.79202676
0.79202676
0.79202676
0.79202676
0.79202676
0.79202676
0.79202676
0.79202676
0.79202676
0.79202676
0.79202676
0.79202676
0.79202676
0.79202676
0.79202676
0.79202676
0.79202676
0.79202676
0.79202676
0.79202676
0.79202676
0.79202676
0.79202676
0.79202676
0.79202676
0.79202676
0.79202676
0.79202676
0.79202676
0.79202676
0.79202676
0.79202676
0.79202676
0.79202676
0.79202676
0.79202676
0.79202676
0.79202676
0.79202676
0.79202676
0.79202676
0.79202676
0.79202676
0.79202676
0.79202676
0.79202676
0.79202676
0.79202676
0.79202676
0.79202676
0.79202676
0.79202676
0.79202676
0.79202676
0.79202676
0.79202676
0.79202676
0.79202676
0.79202676
0.79202676
0.79202676
0.79202676
0.79202676
0.79202676
0.79202676
0.79202676
0.79202676
0.79202676
0.79202676
0.79202676
0.79202676
0.79202676
0.79202676
0.79202676
0.79202676
0.79202676
0.79202676
0.79202676
0.79202676
0.79202676
0.79202676
0.79202676
0.79202676
0.79202676
0.79202676
0.79202676
0.79202676
0.79202676
0.79202676
0.79202676
0.79202676
0.79202676
0.79202676
0.79202676
0.79202676
0.79202676
0.79202676
0.79202676
0.79202676
0.79202676
0.79202676
0.79202676
0.79202676
0.79202676
0.79202676
0.79202676
0.79202676
0.79202676
0.79202676
0.79202676
0.79202676
0.79202676
0.79202676
0.79202676
0.79202676
0.79202676
0.79202676
0.79202676
0.79202676
0.79202676
0.79202676
0.79202676
0.79202676
0.79202676
0.79202676
0.79202676
0.79202676
0.79202676
0.79202676
0.79202676
0.79202676
0.79202676
0.79202676
0.79202676
0.79202676
0.79202676
0.79202676
0.79202676
0.79202676
0.79202676
0.79202676
0.79202676
0.79202676
0.79202676
0.79202676
0.79202676
0.79202676
0.79202676
0.79202676
0.79202676
0.79202676
0.79202676
0.79202676
0.79202676
0.79202676
0.79202676
0.79202676
0.79202676
0.79202676
0.79202676
0.79202676
0.79202676
0.79202676
0.79202676
0.79202676
0.79202676
0.79202676
0.79202676
0.79202676
0.79202676
0.79202676
0.79202676
0.79202676
0.79202676
0.79202676
0.79202676
0.79202676
0.79202676
0.79202676
0.79202676
0.79202676
0.79202676
0.79202676
0.79202676
0.79202676
0.79202676
0.79202676
0.79202676
0.79202676
0.79202676
0.79202676
0.79202676
0.79202676
0.79202676
0.79202676
0.79202676
0.79202676
0.79202676
0.79202676
0.79202676
0.79202676
0.79202676
0.79202676
0.79202676
0.79202676
0.79202676
0.79202676
0.79202676
0.79202676
0.79202676
0.79202676
0.79202676
0.79202676
0.79202676
0.79202676
0.79202676
0.79202676
0.79202676
0.79202676
0.79202676
0.79202676
0.79202676
0.79202676
0.79202676
0.79202676
0.79202676
0.79202676
0.79202676
0.79202676
0.79202676
0.79202676
0.79202676
0.79202676
0.79202676
0.79202676
0.79202676
0.79202676
0.79202676
0.79202676
0.79202676
0.79202676
0.79202676
0.79202676
0.79202676
0.79202676
0.79202676
0.79202676
0.79202676
0.79202676
0.79202676
0.79202676
0.79202676
0.79202676
0.79202676
0.79202676
0.79202676
0.79202676
0.79202676
0.79202676
0.79202676
0.79202676
0.79202676
0.79202676
0.79202676
0.79202676
0.79202676
0.79202676
0.79202676
0.79202676
0.79202676
0.79202676
0.79202676
0.79202676
0.79202676
0.79202676
0.79202676
0.79202676
0.79202676
0.79202676
0.79202676
0.79202676
0.79202676
0.79202676
0.79202676
