13.21474
0.1321474
0.21432194
0.27959153
0.30641112
0.3411616
0.44847152
0.50460494
0.59506017
0.63197994
0.6442198
0.65109026
0.65792865
0.60107136
0.6456723
0.6483084
0.6630579
0.5914484
0.6542598
0.67526495
0.5541614
0.6276724
0.6578503
0.66907877
0.67036027
0.6821487
0.59982115
0.6647331
0.6835036
0.65078574
0.6847997
0.68239665
0.6973183
0.6329464
0.6438004
0.68852717
0.66383433
0.7078009
0.69670403
0.71037674
0.71089965
0.6905999
0.7114098
0.71788615
0.52397245
0.6430792
0.685038
0.6959534
0.69821876
0.70916504
0.72624475
0.67030066
0.68547136
0.6824648
0.70463943
0.71376777
0.7192571
0.70306104
0.7236975
0.7247953
0.73066705
0.55468404
0.67506135
0.6678121
0.70520514
0.6882088
0.70137185
0.7069839
0.7135713
0.7014007
0.72005004
0.7126729
0.70968246
0.7305221
0.6648287
0.7013656
0.7144141
0.7288938
0.7171434
0.7290178
0.7322026
0.72429764
0.7321497
0.7367947
0.6262217
0.68819505
0.68994033
0.7115939
0.7226938
0.7008005
0.72013915
0.72970426
0.7089445
0.723891
0.72405154
0.71676004
0.73333794
0.7196584
0.7255214
0.7345379
0.7151787
0.7318634
0.7190498
0.7360824
0.71974343
0.72867894
0.7288674
0.7374151
0.6986198
0.7107403
0.72187096
0.7320963
0.7421884
0.6048507
0.6771658
0.7153509
0.69898343
0.71725583
0.7257796
0.7213547
0.73675025
0.7196653
0.7339125
0.71948355
0.7424956
0.7365826
0.74291694
0.74995035
0.60994256
0.67758155
0.70457786
0.72513425
0.70991766
0.72884697
0.6962243
0.72695357
0.7370846
0.705656
0.7454641
0.72521424
0.74234086
0.7462952
0.75286376
0.6120832
0.67282265
0.70220137
0.71719134
0.72679865
0.7006793
0.7200527
0.7336262
0.73450434
0.7274435
0.7443867
0.7408908
0.74075943
0.7418913
0.7471152
0.75437385
0.708235
0.70691955
0.7309622
0.7412057
0.7331477
0.73805636
0.73592496
0.7489128
0.7482576
0.748924
0.7551612
0.6177702
0.6597025
0.6829574
0.6874476
0.7087471
0.7030293
0.7293051
0.6920458
0.72406983
0.7155689
0.7256818
0.74318933
0.7349357
0.7427578
0.7374883
0.7437926
0.74824166
0.7275502
0.74416333
0.73628557
0.7422475
0.7358284
0.7522188
0.7236756
0.7484161
0.7426418
0.7517689
0.7502537
0.7448051
0.7502752
0.75682783
0.6830587
0.7209901
0.74120224
0.7026337
0.72211885
0.74447095
0.7501859
0.73939055
0.72047865
0.74372363
0.7501978
0.7444126
0.7579117
0.6750452
0.7130127
0.71644473
0.7359036
0.73416275
0.73679566
0.7441488
0.74532247
0.7438559
0.753424
0.744349
0.7447431
0.75249314
0.7402938
0.7574403
0.7470046
0.7535618
0.75276506
0.7521939
0.75898767
0.5979283
0.66706693
0.7206053
0.68634015
0.7233075
0.7243004
0.73038614
0.7250491
0.7307372
0.7368405
0.73804194
0.7358204
0.7549763
0.6697755
0.70666367
0.72740084
0.712867
0.7116163
0.7202707
0.7420795
0.7241001
0.7314741
0.7488011
0.7530534
0.7465158
0.7456098
0.7565706
0.7462446
0.7582627
0.74016845
0.7406069
0.7515351
0.7521416
0.7523972
0.75159514
0.7525488
0.7528997
0.7525957
0.7595984
0.55194247
0.6422048
0.68255067
0.73594546
0.666426
0.7102812
0.7189331
0.7230137
0.7356328
0.73692846
0.73824227
0.7322705
0.7489167
0.73686254
0.7381621
0.7461645
0.75770515
0.706876
0.7475418
0.7319878
0.72350085
0.7397024
0.7452918
0.7459567
0.74374145
0.74438417
0.7476855
0.7520138
0.73762655
0.7590043
0.72680545
0.7381279
0.7577471
0.7531171
0.73890245
0.7548799
0.7598266
0.5956755
0.6692731
0.6912996
0.71622896
0.712658
0.72954524
0.6896648
0.7219867
0.71888816
0.7536419
0.68186486
0.7155233
0.7429502
0.7106989
0.72625875
0.74504316
0.7332434
0.7362829
0.7307627
0.7470308
0.75160575
0.75172174
0.7539139
0.752867
0.75309557
0.75948465
0.69902205
0.7252834
0.7343799
0.7310236
0.729728
0.74662566
0.7340898
0.73350286
0.73930115
0.7401107
0.75785935
0.71987116
0.7453506
0.7535577
0.75001425
0.7471284
0.74764925
0.74808717
0.7551887
0.75955445
0.7264585
0.72612786
0.7426971
0.7515526
0.74510366
0.7547727
0.75179565
0.75905997
0.75058174
0.74131495
0.7582046
0.74737036
0.7595779
0.75500834
0.7601354
0.6054739
0.6943373
0.7224593
0.7281759
0.7227062
0.74148345
0.7367297
0.7381328
0.7511591
0.7136176
0.75530523
0.7252358
0.7460464
0.7547716
0.74646276
0.75508326
0.759898
0.7051604
0.72148454
0.7288731
0.7200832
0.73687875
0.72576493
0.7329892
0.7527521
0.7448032
0.74663645
0.75224024
0.7443348
0.75533533
0.75390077
0.7603346
0.7249048
0.7381235
0.7182328
0.741403
0.7400044
0.7463755
0.74659675
0.7524097
0.7524476
0.7597126
0.73408866
0.72783196
0.72553563
0.75223297
0.7454022
0.7557164
0.7606075
0.48811352
0.59729844
0.6703188
0.6939111
0.7105086
0.70106375
0.7022988
0.71783656
0.657333
0.70477015
0.7295815
0.6487342
0.69300216
0.7038601
0.72453547
0.7063887
0.73035985
0.70531136
0.727731
0.7058494
0.73204535
0.7320202
0.74624366
0.6513169
0.7113745
0.70284784
0.7336104
0.7309677
0.7146218
0.7420024
0.7388717
0.741017
0.74574655
0.7451709
0.7576916
0.60622096
0.69433016
0.7046299
0.72664255
0.70972204
0.7183995
0.72595096
0.74796104
0.72220665
0.72189444
0.7439994
0.7334826
0.74583936
0.74551284
0.72965515
0.7515608
0.74915403
0.7355832
0.727111
0.74459374
0.7457899
0.74691886
0.7536663
0.7433092
0.7492972
0.7547384
0.7546513
0.749901
0.7615808
0.54107916
0.6382608
0.6823607
0.6960359
0.70987785
0.7350936
0.6399938
0.70364225
0.7050133
0.74570704
0.7034299
0.73763674
0.7130039
0.7370927
0.749841
0.7548994
0.7614315
0.7614141
