0.216216
0.3316512
0.3316512
0.35256794
0.39127785
0.39127785
0.39127785
0.397862
0.397862
0.397862
0.397862
0.397862
0.397862
0.397862
0.397862
0.430311
0.430311
0.430311
0.430311
0.430311
0.430311
0.430311
0.430311
0.430311
0.430311
0.430311
0.430311
0.430311
0.430311
0.430311
0.430311
0.430311
0.430311
0.430311
0.430311
0.430311
0.430311
0.430311
0.430311
0.430311
0.7147558
0.7147558
0.71709335
0.71709335
0.71709335
0.71709335
0.71709335
0.71709335
0.71709335
0.71709335
0.73143816
0.7501346
0.7501346
0.7501346
0.7501346
0.7501346
0.7501346
0.7540411
0.7540411
0.7540411
0.7540411
0.7540411
0.7540411
0.7540411
0.7540411
0.7540411
0.75475156
0.75475156
0.75475156
0.75475156
0.75475156
0.75475156
0.75475156
0.75475156
0.75475156
0.75475156
0.75475156
0.75475156
0.75475156
0.75475156
0.75475156
0.75475156
0.75475156
0.75475156
0.75475156
0.75475156
0.75475156
0.75475156
0.75475156
0.75475156
0.75475156
0.7550228
0.7550228
0.7550228
0.7550228
0.7550228
0.7550228
0.75745684
0.75979435
0.75979435
0.75979435
0.75979435
0.75979435
0.75979435
0.75979435
0.75979435
0.75979435
0.75979435
0.75979435
0.75979435
0.75979435
0.75979435
0.75979435
0.75979435
0.75979435
0.75979435
0.75979435
0.75979435
0.75979435
0.75979435
0.75979435
0.75979435
0.75979435
0.75979435
0.75979435
0.75979435
0.75979435
0.75979435
0.75979435
0.75979435
0.75979435
0.7598737
0.7598737
0.7598737
0.7598737
0.7598737
0.7598737
0.7598737
0.7598737
0.7598737
0.7598737
0.7598737
0.7598737
0.7598737
0.7598737
0.76080734
0.76080734
0.76080734
0.76080734
0.76080734
0.76080734
0.76080734
0.76080734
0.76080734
0.76080734
0.76080734
0.76080734
0.76080734
0.76080734
0.76080734
0.76080734
0.76080734
0.76080734
0.76080734
0.76080734
0.76080734
0.76080734
0.76080734
0.76080734
0.76080734
0.76080734
0.76080734
0.76080734
0.76080734
0.76080734
0.76080734
0.76080734
0.76080734
0.76080734
0.76080734
0.76080734
0.76080734
0.76080734
0.76080734
0.76080734
0.76080734
0.76080734
0.76080734
0.76080734
0.76080734
0.76080734
0.76080734
0.76080734
0.76080734
0.76080734
0.76080734
0.76080734
0.76080734
0.76080734
0.76080734
0.76080734
0.76080734
0.76080734
0.76080734
0.76080734
0.76080734
0.76080734
0.76080734
0.76080734
0.76080734
0.76080734
0.76080734
0.76080734
0.7610786
0.7610786
0.7610786
0.7610786
0.7610786
0.7610786
0.7610786
0.7610786
0.7610786
0.7610786
0.7610786
0.7610786
0.7610786
0.7610786
0.7610786
0.7610786
0.7610786
0.7610786
0.7610786
0.7610786
0.7610786
0.7610786
0.7610786
0.7610786
0.7610786
0.7610786
0.7610786
0.7610786
0.7610786
0.7610786
0.7610786
0.7610786
0.7610786
0.7610786
0.7610786
0.7610786
0.7610786
0.7610786
0.7610786
0.7610786
0.7610786
0.7610786
0.7610786
0.7610786
0.7610786
0.7610786
0.7610786
0.7610786
0.7610786
0.7610786
0.7610786
0.7610786
0.7610786
0.7610786
0.7610786
0.7610786
0.7610786
0.7610786
0.7610786
0.7610786
0.7610786
0.7610786
0.7610786
0.7610786
0.7610786
0.7610786
0.7610786
0.7610786
0.7610786
0.7610786
0.7610786
0.7610786
0.7610786
0.7610786
0.7610786
0.7610786
0.7610786
0.7610786
0.7610786
0.7610786
0.7610786
0.7610786
0.7610786
0.7610786
0.7610786
0.7610786
0.7610786
0.7610786
0.7610786
0.7610786
0.7610786
0.7610786
0.7610786
0.7610786
0.7610786
0.7610786
0.7610786
0.7610786
0.7610786
0.7610786
0.7610786
0.7610786
0.7610786
0.7610786
0.7610786
0.7610786
0.7610786
0.7610786
0.7610786
0.7610786
0.7610786
0.7610786
0.7610786
0.7610786
0.7610786
0.7610786
0.7610786
0.7610786
0.7610786
0.7610786
0.7610786
0.7610786
0.7610786
0.7610786
0.7610786
0.7610786
0.7610786
0.7610786
0.7610786
0.7610786
0.7610786
0.7610786
0.7610786
0.7610786
0.7610786
0.7610786
0.7610786
0.7610786
0.7610786
0.7610786
0.7610786
0.7610786
0.7610786
0.7610786
0.7610786
0.7610786
0.7610786
0.7610786
0.7610786
0.7610786
0.7610786
0.7610786
0.7610786
0.7610786
0.7610786
0.7610786
0.7610786
0.7610786
0.7610786
0.7610786
0.7610786
0.7610786
0.7610786
0.7610786
0.44483158
0.44483158
0.44483158
0.44483158
0.44483158
0.44483158
0.44483158
0.44483158
0.44483158
0.44483158
0.44483158
0.44483158
0.44483158
0.44483158
0.44483158
0.44483158
0.44483158
0.44483158
0.44483158
0.44483158
0.44483158
0.44483158
0.44483158
0.44483158
0.4527544
0.4527544
0.4527544
0.49834955
0.49834955
0.49834955
0.49834955
0.49834955
0.49834955
0.49834955
0.49834955
0.49834955
0.49834955
0.49834955
0.508861
0.508861
0.508861
0.508861
0.508861
0.53010845
0.53010845
0.53010845
0.53010845
0.53010845
0.53010845
0.53010845
0.53010845
0.53010845
0.53010845
0.53010845
0.53010845
0.53010845
0.53010845
0.53010845
0.53010845
0.53010845
0.53010845
0.53010845
0.53010845
0.53010845
0.53010845
0.53010845
0.5379751
0.5379751
0.5379751
0.5379751
0.5379751
0.5379751
0.5379751
0.5379751
0.5379751
0.561636
0.561636
0.561636
0.561636
0.561636
0.561636
0.5659081
0.5659081
0.5659081
0.5659081
0.5659081
0.5659081
0.5659081
0.5685926
0.5685926
0.5685926
0.5685926
0.5685926
0.5685926
0.5685926
0.5685926
0.5685926
0.5685926
0.5685926
0.5685926
0.5685926
0.5685926
0.5685926
0.5685926
0.5979317
0.5979317
0.5979317
0.5979317
0.5979317
0.61848146
0.61848146
0.61848146
0.61848146
0.61848146
0.61848146
0.61848146
0.6200989
0.6200989
0.6200989
0.6200989
0.6200989
0.6200989
0.6552
0.6552
