0.07659869
0.12014578
0.15892093
0.1973524
0.23207672
0.19868256
0.24937356
0.26000625
0.30608267
0.31197697
0.3048237
0.33568272
0.33011442
0.35464197
0.29599282
0.34432524
0.3541525
0.3430399
0.36034673
0.37988985
0.36118844
0.38324514
0.37992507
0.34134653
0.37845775
0.3640616
0.36031523
0.3994477
0.36205062
0.394275
0.37215632
0.38942555
0.3907858
0.40162364
0.36499754
0.36730763
0.40518856
0.36691377
0.36049274
0.40903148
0.38080812
0.43280715
0.31934795
0.45818457
0.513347
0.4974609
0.557401
0.5830961
0.4752454
0.5368928
0.6184605
0.576861
0.6097856
0.67627203
0.53379864
0.654679
0.71503186
0.6287834
0.68222886
0.72584105
0.48968077
0.62657154
0.66845584
0.68043673
0.6572782
0.6915363
0.69802016
0.73081934
0.5760478
0.64779246
0.6642782
0.73178524
0.53488153
0.60197043
0.66429985
0.6656765
0.73794883
0.63420916
0.6604028
0.68638
0.674453
0.7414796
0.65683484
0.66650057
0.6815115
0.71490234
0.7147063
0.74573314
0.6869509
0.7485957
0.75018346
0.70508325
0.68293023
0.7098694
0.6794919
0.7430953
0.6891863
0.7209375
0.7209903
0.72122824
0.7537614
0.5784288
0.66991514
0.68197083
0.72576606
0.718948
0.7545782
0.7263848
0.72097385
0.71980107
0.7535259
0.75130516
0.73742574
0.7185413
0.72267014
0.72922635
0.75230384
0.7204445
0.72220075
0.7523078
0.7379934
0.722794
0.73470825
0.72076595
0.7307047
0.75440514
0.71758455
0.7207087
0.7309356
0.7524917
0.75519156
0.4615944
0.63843644
0.6300394
0.71602523
0.5963361
0.6885109
0.6679726
0.69874305
0.7391108
0.6409933
0.74290323
0.68781567
0.7191345
0.75385225
0.6165439
0.71928424
0.7543533
0.75534487
0.68553174
0.7443143
0.7262641
0.75897217
0.6852196
0.74811757
0.7578789
0.72491163
0.75638807
0.73413116
0.70550793
0.7220757
0.7223533
0.7583588
0.73195684
0.72195506
0.7565647
0.7567713
0.7311222
0.75522745
0.7596415
0.6811101
0.70646816
0.6816027
0.7167763
0.7220785
0.6872586
0.75822544
0.73199797
0.7568358
0.7193563
0.69004667
0.7572134
0.70383173
0.7564134
0.7569515
0.759779
0.7223533
0.7588061
0.75826335
0.7340345
0.7599154
0.41445103
0.6083986
0.70047563
0.74126023
0.6539711
0.74666715
0.71346813
0.6983716
0.7353882
0.73606765
0.72290015
0.75106984
0.7279351
0.65740764
0.7167107
0.7503864
0.72018397
0.7240129
0.6940809
0.7567432
0.7077872
0.6974365
0.7202412
0.73444146
0.70139176
0.72360575
0.72069234
0.7554324
0.7215618
0.72612023
0.7214516
0.72470516
0.719518
0.72465587
0.7553566
0.75980306
0.6786903
0.71919626
0.72208774
0.72705805
0.7582971
0.7249117
0.7583741
0.7581519
0.7583302
0.75857633
0.75762546
0.72566485
0.7603886
0.69286823
0.75146323
0.6882485
0.7544616
0.69695586
0.7572125
0.75360584
0.71380186
0.72373587
0.76058495
0.70908463
0.6951455
0.69768083
0.75756776
0.7237829
0.6917569
0.72279316
0.76065886
0.72337544
0.7363736
0.70143473
0.76084566
0.49439684
0.63936496
0.6444392
0.72829324
0.67553556
0.68297327
0.74972963
0.724334
0.73345566
0.75705695
0.7160624
0.7518364
0.68650615
0.72505546
0.7230167
0.7365671
0.72759354
0.76034784
0.6571015
0.73221326
0.6841822
0.72142935
0.68643475
0.75696766
0.7584785
0.76027316
0.70109105
0.75620854
0.7022389
0.6871694
0.72512203
0.73011744
0.7270836
0.7584551
0.6921493
0.75638074
0.7261516
0.7317908
0.7589973
0.7511716
0.7589806
0.72295475
0.7591875
0.72762567
0.7608562
0.6846749
0.7555869
0.6978054
0.688766
0.71795917
0.72197294
0.75802463
0.719184
0.760563
0.6485084
0.73467344
0.6997498
0.73093283
0.7608654
0.6990271
0.7249387
0.7605085
0.7579402
0.72560716
0.75900126
0.70261896
0.7240749
0.7379789
0.72710466
0.7458514
0.6988803
0.75764716
0.7571024
0.7609836
0.7609302
0.7593522
0.76061875
0.7609302
0.7390978
0.7610334
0.71888876
0.71773577
0.7529672
0.6544131
0.733584
0.7103088
0.7251533
0.7546815
0.72286665
0.75562656
0.7211603
0.7244804
0.7354345
0.7306577
0.736879
0.72800505
0.72336864
0.7588925
0.76093256
0.73293793
0.76107085
0.70185125
0.7062757
0.729635
0.7568506
0.7565392
0.75894773
0.75878346
0.7390829
0.75865895
0.73641765
0.73441654
0.72678405
0.76054513
0.7610787
0.12769447
0.17554775
0.26244116
0.24269135
0.2462126
0.27389595
0.2495619
0.25992173
0.27637494
0.27868325
0.30893308
0.17057118
0.24987468
0.31706017
0.33641255
0.3834754
0.28837138
0.33389413
0.3698047
0.39710355
0.32544222
0.33773917
0.38990396
0.3818676
0.39785397
0.36157775
0.39513353
0.40123597
0.38767263
0.38429862
0.40572125
0.40818366
0.37364236
0.42011213
0.34708592
0.38259408
0.40835708
0.43404132
0.37696743
0.40475696
0.436445
0.4231208
0.417492
0.4446462
0.46077117
0.43636742
0.44003016
0.4626243
0.4468321
0.46422848
0.438222
0.47015968
0.45806894
0.4725961
0.4786809
0.47647056
0.48385406
0.47906727
0.4785098
0.48036805
0.49520302
0.43096143
0.42771626
0.42614084
0.47041288
0.44592452
0.47122043
0.48829117
0.48542672
0.48566014
0.4908225
0.4867918
0.5095588
0.37784755
0.4119653
0.4851431
0.43904072
0.46718955
0.47907868
0.45441183
0.49049512
0.5203911
0.36202914
0.45183244
0.4571771
0.46308368
0.48456964
0.49411017
0.4971954
0.49309668
0.4912135
0.5274967
0.36188117
0.4099862
0.462614
0.4152724
0.4597279
0.44046026
0.47213173
0.4812592
0.47573066
0.5301621
0.40835434
0.44877735
0.49268728
0.48345232
0.5336883
0.39872918
0.47243413
0.46881875
0.5144528
0.48576355
0.5241575
0.5213483
0.5426201
0.49220866
0.54968023
0.5373491
0.55319804
0.5610084
0.52766633
0.56598896
0.5655129
0.5761405
