0.34091964
0.34091964
0.3416803
0.3416803
0.36891818
0.36891818
0.36891818
0.36891818
0.36891818
0.36891818
0.36891818
0.36953676
0.36953676
0.36953676
0.40337262
0.40337262
0.40337262
0.40337262
0.40337262
0.40337262
0.40337262
0.40337262
0.43256402
0.43256402
0.43256402
0.43256402
0.43256402
0.43256402
0.43256402
0.43256402
0.43256402
0.43256402
0.43256402
0.43256402
0.43256402
0.43256402
0.43256402
0.43256402
0.43256402
0.43256402
0.43256402
0.43256402
0.43256402
0.43256402
0.43256402
0.43256402
0.43256402
0.43256402
0.43256402
0.43256402
0.43256402
0.43256402
0.43256402
0.43256402
0.43256402
0.43256402
0.43256402
0.43256402
0.43256402
0.43256402
0.43256402
0.43256402
0.43256402
0.43256402
0.43256402
0.43256402
0.43256402
0.43256402
0.43256402
0.43256402
0.43256402
0.43256402
0.43256402
0.43256402
0.43256402
0.43256402
0.43256402
0.43256402
0.43256402
0.43256402
0.43256402
0.43507636
0.43507636
0.43507636
0.43507636
0.43507636
0.43507636
0.43507636
0.43507636
0.43507636
0.43507636
0.43507636
0.43507636
0.43507636
0.43507636
0.43507636
0.43507636
0.43507636
0.43507636
0.43507636
0.43507636
0.45092624
0.45092624
0.45092624
0.45092624
0.45092624
0.45092624
0.45092624
0.45092624
0.45092624
0.45092624
0.45092624
0.45092624
0.45092624
0.45092624
0.45092624
0.45092624
0.45092624
0.45092624
0.45092624
0.45092624
0.45092624
0.45092624
0.45092624
0.45092624
0.45092624
0.45112625
0.4529395
0.4529395
0.4529395
0.4529395
0.4529395
0.4529395
0.4529395
0.4529395
0.4529395
0.4529395
0.4529395
0.4529395
0.45347062
0.45347062
0.45347062
0.45347062
0.45347062
0.45347062
0.45347062
0.45347062
0.45347062
0.45347062
0.45347062
0.45347062
0.45347062
0.45347062
0.45347062
0.45347062
0.45347062
0.45347062
0.45347062
0.45347062
0.45347062
0.45347062
0.45347062
0.45347062
0.45347062
0.45347062
0.45347062
0.45347062
0.45347062
0.45347062
0.45347062
0.45347062
0.45347062
0.45347062
0.4550444
0.4550444
0.48719826
0.48719826
0.48719826
0.48719826
0.48719826
0.48719826
0.48719826
0.48719826
0.48719826
0.48719826
0.48719826
0.48719826
0.48719826
0.48719826
0.48719826
0.48719826
0.48719826
0.48719826
0.48719826
0.48719826
0.48719826
0.48719826
0.7054597
0.7054597
0.7054597
0.7054597
0.7147558
0.7147558
0.7147558
0.7147558
0.7244156
0.7244156
0.7244156
0.7244156
0.74173665
0.74173665
0.74173665
0.74173665
0.7418487
0.7418487
0.7418487
0.7418487
0.7418487
0.7418487
0.7418487
0.747797
0.747797
0.747797
0.747797
0.747797
0.747797
0.747797
0.747797
0.747797
0.747797
0.747797
0.747797
0.747797
0.747797
0.7480438
0.7480438
0.7480438
0.75850844
0.75850844
0.75850844
0.75850844
0.75850844
0.75850844
0.75850844
0.75850844
0.75850844
0.75850844
0.75850844
0.75850844
0.75850844
0.75850844
0.75850844
0.75850844
0.75850844
0.75850844
0.75850844
0.75850844
0.75850844
0.75850844
0.75850844
0.75850844
0.75850844
0.75954676
0.75954676
0.75954676
0.75954676
0.75954676
0.75954676
0.75954676
0.75954676
0.75954676
0.75954676
0.75954676
0.75954676
0.75954676
0.75954676
0.75954676
0.75954676
0.75954676
0.75954676
0.75954676
0.75954676
0.75954676
0.75954676
0.75954676
0.75954676
0.75954676
0.75954676
0.75954676
0.75954676
0.75954676
0.75954676
0.75954676
0.75954676
0.75954676
0.75954676
0.75954676
0.7596588
0.7596588
0.7596588
0.7596588
0.7596588
0.7596588
0.7596588
0.7596588
0.7596588
0.7596588
0.7596588
0.7596588
0.7596588
0.7596588
0.7596588
0.7596588
0.7596588
0.7596588
0.7596588
0.7596588
0.7596588
0.7596588
0.7596588
0.7596588
0.7596588
0.7596588
0.7596588
0.7596588
0.7596588
0.7596588
0.7596588
0.7596588
0.7596588
0.7596588
0.7596588
0.7596588
0.7596588
0.7596588
0.7596588
0.7596588
0.7596588
0.7596588
0.7596588
0.7596588
0.7596588
0.7596588
0.7596588
0.7596588
0.7596588
0.7596588
0.7596588
0.7596588
0.7596588
0.7596588
0.7596588
0.7596588
0.7596588
0.7596588
0.7596588
0.7596588
0.7596588
0.7596588
0.7596588
0.7596588
0.7596588
0.7596588
0.7596588
0.7596588
0.7596588
0.7596588
0.7596588
0.7596588
0.7596588
0.7596588
0.7596588
0.7596588
0.7596588
0.7596588
0.7596588
0.7596588
0.7596588
0.7596588
0.7596588
0.7596588
0.7596588
0.7596588
0.7596588
0.7596588
0.7596588
0.7596588
0.7596588
0.7596588
0.7596588
0.7596588
0.7596588
0.7596588
0.7596588
0.7596588
0.7596588
0.7596588
0.7596588
0.7596588
0.7596588
0.7596588
0.7596588
0.7596588
0.7596588
0.7596588
0.7596588
0.7596588
0.7596588
0.7596588
0.7596588
0.7596588
0.7596588
0.7596588
0.7596588
0.7596588
0.7596588
0.7596588
0.7596588
0.7596588
0.7596588
0.7596588
0.7596588
0.7596588
0.7596588
0.7596588
0.7596588
0.7596588
0.7596588
0.7596588
0.7596588
0.7596588
0.7596588
0.7596588
0.7596588
0.7596588
0.7596588
0.7596588
0.7596588
0.7596588
0.7596588
0.7596588
0.7596588
0.7596588
0.7596588
0.7596588
0.7596588
0.7596588
0.7596588
0.7596588
0.7596588
0.7596588
0.7596588
0.7596588
0.7596588
0.7596588
0.7596588
0.7596588
0.7596588
0.7596588
0.7596588
0.7596588
0.7596588
0.7596588
0.7596588
0.7596588
0.7596588
0.7596588
0.7596588
0.7596588
0.7596588
0.7596588
0.7596588
0.7596588
0.7596588
0.7596588
0.7596588
0.7596588
0.7596588
0.7596588
0.7596588
0.7596588
0.7596588
0.7596588
0.7596588
0.7596588
0.7596588
0.7596588
0.7596588
0.7596588
0.7596588
0.7596588
0.7596588
0.7596588
0.7596588
0.7596588
0.7596588
0.7596588
0.7596588
0.7596588
0.7596588
0.7596588
