3.0856528
0.15428264
0.18722783
0.2116853
0.2946849
0.31058413
0.35321164
0.4557348
0.6058
0.66299284
0.48390263
0.60836446
0.6238736
0.62522197
0.62511724
0.68212605
0.62573564
0.68275696
0.6540731
0.68671626
0.65578175
0.6903912
0.69156903
0.49523044
0.6352713
0.654181
0.68333834
0.5686702
0.63729805
0.6856449
0.63934195
0.6330755
0.65807873
0.6310686
0.6891093
0.66383725
0.6613629
0.6580788
0.65948015
0.65887797
0.6684726
0.67077535
0.69105333
0.6600798
0.6625767
0.69118774
0.69097674
0.6917265
0.69285333
0.60013133
0.6323374
0.64279836
0.6868806
0.5973862
0.6905972
0.6920899
0.69567734
0.4527577
0.59395814
0.6610674
0.6604369
0.67486155
0.67228806
0.69986403
0.66313267
0.65014654
0.7028221
0.70839256
0.52338505
0.5711163
0.63258517
0.7012202
0.70735824
0.6527757
0.7099288
0.58503234
0.6711453
0.67676866
0.68499124
0.67856187
0.68147737
0.7096208
0.6532408
0.707811
0.69650775
0.68654865
0.69021314
0.7157842
0.6212901
0.62470704
0.675651
0.68575704
0.6212026
0.68339574
0.7126568
0.5973593
0.65215814
0.65119535
0.68141335
0.69412875
0.7000038
0.7198479
0.68888295
0.666057
0.6846424
0.6647542
0.7191881
0.72088337
0.6889835
0.72008747
0.6883839
0.72009003
0.6882211
0.7202838
0.72174346
0.60787994
0.69535244
0.7183606
0.58861446
0.68505645
0.6595138
0.69714415
0.71749634
0.6860934
0.6962906
0.72066134
0.6872673
0.6837853
0.7200426
0.69657016
0.7218822
0.47724986
0.6053389
0.698825
0.59194404
0.6811757
0.71597695
0.6297836
0.6837009
0.71326685
0.6567384
0.7121828
0.69955826
0.6878501
0.7192122
0.72032154
0.6964628
0.7199923
0.6980761
0.65541536
0.691017
0.7224267
0.47326127
0.645323
0.7010352
0.5368351
0.58066183
0.6575824
0.71282136
0.578796
0.6954305
0.66496426
0.69162244
0.6923963
0.6927568
0.6988583
0.7236714
0.60659635
0.6651629
0.68654335
0.72199714
0.67417026
0.72459775
0.6609877
0.7016965
0.69731426
0.7313894
0.67138886
0.73571086
0.6807937
0.6802125
0.7423822
0.6280097
0.7131047
0.7308265
0.72172403
0.75443304
0.7233927
0.7565591
0.57324874
0.7168666
0.7442461
0.6614311
0.6803928
0.72697985
0.72929925
0.75444525
0.73710287
0.75239736
0.75629956
0.7190914
0.7200677
0.7295154
0.7540896
0.69661844
0.724148
0.75454265
0.72248006
0.72465676
0.7242037
0.7530114
0.7242556
0.753769
0.720781
0.7246276
0.7574168
0.5617889
0.61616147
0.7070405
0.689428
0.7431418
0.6793187
0.6802838
0.7120715
0.6588595
0.75153714
0.7021954
0.7298768
0.72368884
0.7562511
0.7227636
0.732874
0.71879107
0.69013244
0.7545109
0.7575871
0.6791285
0.72570837
0.75782865
0.7584713
0.6705912
0.68067384
0.6940252
0.73240006
0.7570097
0.7561745
0.75439703
0.75611025
0.7544581
0.734738
0.7540697
0.72966135
0.7561158
0.7229276
0.72622436
0.7573419
0.72612
0.75670147
0.7589909
0.64892644
0.7047192
0.7257741
0.6866546
0.730405
0.75421095
0.755393
0.6884635
0.69443625
0.72646344
0.72368914
0.75922346
0.75331444
0.7232108
0.72530615
0.7581128
0.72556525
0.7269833
0.7596966
0.61284745
0.7123325
0.6623393
0.7011081
0.68509704
0.7053039
0.7078075
0.74427485
0.6218751
0.6545995
0.7172194
0.74872655
0.6773853
0.69103897
0.71926725
0.69143116
0.75435245
0.73188555
0.7216001
0.7576242
0.7377758
0.7255182
0.7227716
0.7368467
0.7223624
0.7582667
0.7254289
0.75740814
0.7580942
0.75719845
0.7229537
0.734419
0.72380435
0.7271491
0.759724
0.70918834
0.7547974
0.7248035
0.72385454
0.72670513
0.76008254
0.60251534
0.7027849
0.689605
0.744865
0.64004034
0.71197873
0.7187201
0.7562308
0.7009857
0.7201539
0.68705094
0.724283
0.7597604
0.7534965
0.72138447
0.7574479
0.7063843
0.7356099
0.75992227
0.6817783
0.74662447
0.7260212
0.6971903
0.718416
0.75405014
0.6900327
0.72085613
0.75875354
0.7194355
0.7332599
0.755431
0.7605225
0.71527064
0.62798136
0.66375464
0.7208415
0.73312694
0.73182434
0.72147936
0.75730366
0.75773406
0.75901645
0.73349166
0.7226321
0.7370206
0.7583254
0.7228228
0.7240229
0.7606685
0.7607755
0.6190597
0.7414774
0.7168075
0.72442853
0.7193937
0.75303966
0.6597967
0.66162103
0.7557824
0.7574783
0.72605723
0.725993
0.72583276
0.75899065
0.725433
0.7604829
0.7231173
0.6950944
0.7229919
0.7576293
0.75824434
0.73630774
0.7604867
0.75693524
0.7255734
0.72343326
0.7577464
0.69727755
0.72662735
0.7259375
0.73313916
0.7584242
0.7239271
0.76075256
0.7317358
0.73481447
0.76028717
0.7608169
0.5384417
0.63245046
0.6976515
0.6646732
0.6993752
0.6607932
0.693119
0.7279385
0.61435676
0.6850467
0.67377794
0.69385946
0.7151104
0.6548058
0.72259647
0.7508353
0.5840472
0.6674413
0.71449125
0.7500657
0.6652507
0.66323113
0.6857486
0.72300756
0.73293555
0.7534528
0.6672148
0.7235075
0.6927609
0.70794094
0.758566
0.75403917
0.70188224
0.72260827
0.6917089
0.734229
0.75853634
0.72495854
0.7578504
0.76025265
0.5855833
0.6884665
0.7474872
0.6381158
0.7220288
0.7338628
0.6888576
0.7272004
0.72664475
0.75767505
0.7605096
0.6571311
0.67964214
0.7171613
0.69861054
0.7251113
0.72665036
0.75683266
0.69201463
0.7586403
0.7297678
0.7605775
0.6868854
0.74979496
0.7583107
0.7383345
0.7585889
0.73022044
0.7297012
0.7590463
0.76079977
0.5787143
0.7072682
0.6456828
0.6901363
0.7089047
0.71671206
0.71792954
0.75006497
0.6323839
0.68850845
0.751845
0.72267073
0.68391293
0.7333933
0.7188019
0.7168281
0.75842893
0.7267703
0.73527044
0.7320012
0.72268903
0.76072943
0.71961725
0.709946
0.7206659
0.7238163
0.757674
0.7264524
0.75752926
0.72411567
0.75916827
0.75900495
0.7585604
0.7253071
0.76082677
0.73911554
0.75294864
0.69890445
0.7108276
0.7302336
0.72253305
0.72809935
0.7270814
0.7609392
0.75623906
0.76087487
0.72119224
0.72632396
0.7290829
0.75864786
0.73028046
0.7609351
0.73155755
0.75929016
0.7581117
0.7258014
0.7303006
0.7277098
0.7610034
0.4933961
0.6211716
0.7389816
0.5946116
0.7425165
0.61848557
0.6679363
0.73751724
0.6705036
0.69938743
0.74556863
0.73163265
0.75125754
0.7038997
0.7237807
0.7064069
0.7581281
0.7255091
0.73177314
0.7572571
0.7550397
0.7579781
0.7593645
0.65178055
0.6693985
0.6872437
0.7473459
0.6461779
0.68711007
0.6938212
0.75069827
0.7224201
0.6999392
0.7577513
0.7503646
0.6633863
0.7512447
0.7318464
0.6920276
0.7552198
0.7222451
0.7601019
0.6477631
0.6779455
0.71247977
0.7418027
0.6889075
0.7523807
0.7308811
0.73641676
0.72598183
0.7355227
0.76007944
0.7073523
0.7335126
0.7596611
0.7590804
0.72566706
0.7573849
0.7250292
0.76079273
0.6827959
0.71802086
0.6941104
0.7586903
0.72484076
0.7580836
0.7571781
0.7569529
0.76046133
0.76100063
0.49094886
0.7216918
0.7234281
0.7156731
0.695032
0.68880635
0.7132546
0.69737303
0.7129541
0.74972427
0.6917785
0.6993803
0.74173504
0.7569691
0.65592945
0.7219718
0.7226977
0.7582724
0.7511475
0.7380314
0.7572644
0.72913855
0.7601086
0.7546908
0.7321735
0.7561246
0.66245264
0.7316368
0.69385284
0.73411685
0.72255325
0.72413474
0.704418
0.72542894
0.7216265
0.75909483
0.7281471
0.7608935
0.7517258
0.6852698
0.7261075
0.75833386
0.7260257
0.7593165
0.758906
0.75562674
0.72509754
0.75631285
0.734472
0.75761425
0.7609071
0.7349926
0.76087797
0.690194
0.7566293
0.72789705
0.760657
0.6671643
0.7544545
0.69787514
0.6945995
0.76050603
0.7252761
0.72392243
0.730023
0.7235557
0.7282797
0.7610066
0.682467
0.68517905
0.72802556
0.7028686
0.6957768
0.72879463
0.7295309
0.6893812
0.72262216
0.7201238
0.7297466
0.75611115
0.7568209
0.6956876
0.75808704
0.73871183
0.73178476
0.7589623
0.7274784
0.7274648
0.7234611
0.7287953
0.7551285
0.7268578
0.7249499
0.73489773
0.7556753
0.76082647
0.7037199
0.72975475
0.72310734
0.724508
0.75969017
0.7593029
0.7259146
0.6928764
0.7590226
0.7587641
0.73069656
0.76094586
0.758784
0.72473896
0.7609458
0.68889946
0.7573222
0.7554217
0.6952163
0.7304017
0.69999653
0.71986437
0.75924546
0.7365848
0.75807685
0.7588287
0.75913787
0.76058215
0.72558063
0.688689
0.7367721
0.76103765
0.7300485
0.7610787
0.14360805
0.26465017
0.3067595
0.34383374
0.45768166
0.6023455
0.6443673
0.63309073
0.66828763
0.47395414
0.57326984
0.6659967
0.69502974
0.5571629
0.6390554
0.6675445
0.6148362
0.625111
0.7125969
0.6336032
0.6516633
0.6546323
0.6646757
0.7189786
0.5434801
0.66377425
0.7065979
0.7050439
0.70554256
0.7411831
0.573754
0.6207058
0.681308
0.7143229
0.712121
0.71759623
0.74770266
0.7175067
0.7506433
0.63197196
0.7384237
0.60834396
0.7135421
0.74729407
0.72416985
0.68581784
0.75207245
0.57361895
0.6360814
0.71624416
0.7180654
0.71380293
0.7152263
0.68260324
0.7464751
0.69698006
0.7143256
0.7482129
0.71818924
0.7207909
0.7192785
0.7528883
0.70411956
0.7156617
0.71942395
0.7165493
0.7510445
0.6857945
0.7104908
0.7548535
0.6936405
0.7589301
0.60219955
0.679664
0.71088994
0.72550094
0.7471919
0.7343616
0.75696564
0.7203025
0.757911
0.7227106
0.758033
0.7234362
0.72486013
0.7367252
0.7270939
0.75807965
0.724469
0.7356621
0.7323226
0.7576418
0.7234238
0.72410333
0.729831
0.7570264
0.7270939
0.7240295
0.75985783
0.5366408
0.7265185
0.75385034
0.6216481
0.7543604
0.75845665
0.69061387
0.7334162
0.7274521
0.722396
0.76021206
0.7466652
0.68315756
0.7302043
0.7219393
0.7360784
0.6931957
0.7565861
0.7248074
0.73618996
0.7604883
0.6144468
0.6498462
0.7412032
0.6700753
0.7540268
0.72550696
0.7582574
0.70006853
0.70505774
0.72534883
0.75929993
0.7566355
0.7576092
0.72767144
0.759292
0.76053005
0.6626405
0.6975072
0.730826
0.7216718
0.75649077
0.7233592
0.7259747
0.7259736
0.72322726
0.75933003
0.7588392
0.72946495
0.7581017
0.76044333
0.68908685
0.7565179
0.75831974
0.7238149
0.73515815
0.7606118
0.45917612
0.62308586
0.70707786
0.71038187
0.7439075
0.61779726
0.7532403
0.7462524
0.6702943
0.7291211
0.7192688
0.72610193
0.75691617
0.7509802
0.72070825
0.75670016
0.7256819
0.7584236
0.7590972
0.7240665
0.7564794
0.76030827
0.62529826
0.7154647
0.7248659
0.7591771
0.72522604
0.75518596
0.7242667
0.726612
0.75878435
0.7603378
0.63213545
0.7511445
0.61277896
0.68316734
0.72064495
0.7556417
0.7484139
0.73696005
0.73202586
0.72721547
0.7280099
0.7231781
0.7610373
0.57811034
0.69310796
0.6501405
0.6875688
0.6813725
0.73805416
0.6037316
0.6740457
0.7170948
0.6921846
0.72525465
0.7568425
0.6944489
0.7526694
0.6791791
0.7232255
0.72353184
0.76203287
0.7066031
0.75668925
0.7037906
0.70318377
0.6957046
0.73026454
0.76844317
0.6079584
0.7203659
0.7560892
0.7006234
0.73739016
0.6674707
0.694749
0.72082776
0.71681327
0.728384
0.7542878
0.7504
0.7420143
0.76615965
0.742863
0.74541026
0.7670519
0.73349583
0.76965266
0.7539646
0.70002854
0.7287953
0.694817
0.7364319
0.7436014
0.7433923
0.7348404
0.7313374
0.7681102
0.69597995
0.7316935
0.7625573
0.7682811
0.74677896
0.73415625
0.7682867
0.76592374
0.76826185
0.7347536
0.7331164
0.738225
0.7357608
0.7343453
0.7403598
0.73565954
0.76730883
0.7356755
0.7711092
0.5754652
0.7054007
0.67822576
0.71330845
0.6952663
0.7240834
0.69116175
0.7651716
0.69511414
0.73218364
0.7656927
0.77080905
0.6706089
0.7317456
0.6572519
0.75953424
0.6976391
0.70455825
0.7364423
0.7688243
0.70104074
0.7695242
0.73390955
0.7341339
0.7675077
0.7391547
0.7361506
0.7716466
0.6958143
0.7661549
0.7670732
0.7659596
0.73774064
0.7673451
0.73601145
0.73864585
0.7660323
0.7161709
0.69764775
0.74267006
0.73308957
0.74599445
0.7140845
0.74166644
0.7293876
0.7644996
0.73596185
0.7710604
0.73790514
0.7671495
0.7716812
0.7333715
0.76646864
0.73497343
0.7692277
0.7477739
0.77206516
0.5416059
0.60260344
0.71119195
0.7381902
0.66748554
0.73095095
0.69700855
0.7361826
0.73411554
0.76977384
0.7663552
0.7372461
0.7669075
0.7014016
0.76895374
0.74498665
0.7694365
0.76752466
0.7696757
0.77196074
0.756697
0.72883856
0.7406963
0.66781557
0.73989034
0.7707233
0.7352213
0.737503
0.73321384
0.76900214
0.7354655
0.76845574
0.75012386
0.744506
0.7138537
0.7678359
0.77332646
0.25204825
0.47933322
0.5430132
0.612257
0.67094785
0.69983673
0.7372878
0.4955458
0.65006274
0.74824744
0.67850167
0.73107135
0.6830459
0.7106761
0.7737365
0.7036232
0.7376227
0.7428462
0.6994226
0.68899614
0.7823806
0.69241035
0.7652526
0.75412256
0.78876704
0.7526106
0.7891526
0.7551614
0.7529009
0.75556695
0.76315653
0.76395994
0.7909284
0.7653235
0.7554088
0.78807193
0.757053
0.7561381
0.75427383
0.754735
0.7891526
0.79202676
0.79202676
0.79202676
0.79202676
0.79202676
0.79202676
0.79202676
0.79202676
0.79202676
0.79202676
0.79202676
0.79202676
0.79202676
0.79202676
0.79202676
0.79202676
0.79202676
0.79202676
0.79202676
0.79202676
0.79202676
0.79202676
0.79202676
0.79202676
0.79202676
0.79202676
0.79202676
0.79202676
0.79202676
0.79202676
0.79202676
0.79202676
0.79202676
0.79202676
0.79202676
0.79202676
0.79202676
0.79202676
0.79202676
0.79202676
0.79202676
0.79202676
0.79202676
0.79202676
0.79202676
0.79202676
0.79202676
0.79202676
0.79202676
0.79202676
0.79202676
0.79202676
0.79202676
0.79202676
0.79202676
0.79202676
0.79202676
0.79202676
0.79202676
0.79202676
0.79202676
0.79202676
0.79202676
0.79202676
0.79202676
0.79202676
0.79202676
0.79202676
0.79202676
0.79202676
0.79202676
0.79202676
0.79202676
0.79202676
0.79202676
0.79202676
0.79202676
0.79202676
0.79202676
0.79202676
0.79202676
0.79202676
0.79202676
0.79202676
0.79202676
0.79202676
0.79202676
0.79202676
0.79202676
0.79202676
0.79202676
0.79202676
0.79202676
0.79202676
0.79202676
0.79202676
0.79202676
0.79202676
0.79202676
0.79202676
0.79202676
0.79202676
0.79202676
0.79202676
0.79202676
0.79202676
0.79202676
0.79202676
0.79202676
0.79202676
0.79202676
0.79202676
0.79202676
0.79202676
0.79202676
0.79202676
0.79202676
0.79202676
0.79202676
0.79202676
0.79202676
0.79202676
0.79202676
0.79202676
0.79202676
0.79202676
0.79202676
0.79202676
0.79202676
0.79202676
0.79202676
0.79202676
0.79202676
0.79202676
0.79202676
0.79202676
0.79202676
0.79202676
0.79202676
0.79202676
0.79202676
0.79202676
0.79202676
0.79202676
0.79202676
0.79202676
0.79202676
0.79202676
0.79202676
0.79202676
0.79202676
0.79202676
0.79202676
0.79202676
0.79202676
0.79202676
0.79202676
0.79202676
0.79202676
0.79202676
0.79202676
0.79202676
0.79202676
0.79202676
0.79202676
0.79202676
0.79202676
0.79202676
0.79202676
0.79202676
0.79202676
0.79202676
0.79202676
0.79202676
0.79202676
0.79202676
0.79202676
0.79202676
0.79202676
0.79202676
0.79202676
0.79202676
0.79202676
0.79202676
0.79202676
0.79202676
0.79202676
0.79202676
0.79202676
0.79202676
0.79202676
0.79202676
0.79202676
0.79202676
0.79202676
0.79202676
0.79202676
0.79202676
0.79202676
0.79202676
0.79202676
0.79202676
0.79202676
0.79202676
0.79202676
0.79202676
0.79202676
0.79202676
0.79202676
0.79202676
0.79202676
0.79202676
0.79202676
0.79202676
0.79202676
0.79202676
0.79202676
0.79202676
0.79202676
0.79202676
0.79202676
0.79202676
0.79202676
0.79202676
0.79202676
0.79202676
0.79202676
0.79202676
0.79202676
0.79202676
0.79202676
0.79202676
0.79202676
0.79202676
0.79202676
0.79202676
0.79202676
0.79202676
0.79202676
0.79202676
0.79202676
0.79202676
0.79202676
0.79202676
0.79202676
0.79202676
0.79202676
0.79202676
0.79202676
0.79202676
0.79202676
0.79202676
0.79202676
0.79202676
0.79202676
0.79202676
0.79202676
0.79202676
0.79202676
0.79202676
0.79202676
0.79202676
0.79202676
0.79202676
0.79202676
0.79202676
0.79202676
0.79202676
0.79202676
0.79202676
0.79202676
0.79202676
0.79202676
0.79202676
0.79202676
0.79202676
0.79202676
0.79202676
0.79202676
0.79202676
0.79202676
0.79202676
0.79202676
0.79202676
0.79202676
0.79202676
0.79202676
0.79202676
0.79202676
0.79202676
0.79202676
0.79202676
0.79202676
0.79202676
0.79202676
0.79202676
0.79202676
0.79202676
0.79202676
0.79202676
0.79202676
0.79202676
0.79202676
0.79202676
0.79202676
0.79202676
0.79202676
0.79202676
0.79202676
0.79202676
0.79202676
0.79202676
0.79202676
0.79202676
0.79202676
0.79202676
0.79202676
0.79202676
0.79202676
0.79202676
0.79202676
0.79202676
0.79202676
0.79202676
0.79202676
0.79202676
0.79202676
0.79202676
0.79202676
0.79202676
0.79202676
0.79202676
0.79202676
0.79202676
0.79202676
0.79202676
0.79202676
0.79202676
0.79202676
0.79202676
0.79202676
0.79202676
0.79202676
0.79202676
0.79202676
0.79202676
0.79202676
0.79202676
0.79202676
0.79202676
0.79202676
0.79202676
0.79202676
0.79202676
0.79202676
0.79202676
0.79202676
0.79202676
0.79202676
0.79202676
0.79202676
0.79202676
0.79202676
0.79202676
0.79202676
0.79202676
0.79202676
0.79202676
0.79202676
0.79202676
0.79202676
0.79202676
0.79202676
0.79202676
0.79202676
0.79202676
0.79202676
0.79202676
0.79202676
0.79202676
0.79202676
0.79202676
0.79202676
0.79202676
0.79202676
0.79202676
0.79202676
0.79202676
0.79202676
0.79202676
0.79202676
0.79202676
0.79202676
0.79202676
0.79202676
0.79202676
0.79202676
0.79202676
0.79202676
0.79202676
0.79202676
0.79202676
0.79202676
0.79202676
0.79202676
0.79202676
0.79202676
0.79202676
0.79202676
0.79202676
0.79202676
0.79202676
0.79202676
0.79202676
0.79202676
0.79202676
0.79202676
0.79202676
0.79202676
0.79202676
0.79202676
0.79202676
0.79202676
0.79202676
0.79202676
0.79202676
0.79202676
0.79202676
0.79202676
0.79202676
0.79202676
0.79202676
0.79202676
0.79202676
0.79202676
0.79202676
0.79202676
0.79202676
0.79202676
0.79202676
0.79202676
0.79202676
0.79202676
0.79202676
0.79202676
0.79202676
0.79202676
0.79202676
0.79202676
0.79202676
0.79202676
0.79202676
0.79202676
0.79202676
0.79202676
0.79202676
0.79202676
0.79202676
0.79202676
0.79202676
0.79202676
0.79202676
0.79202676
0.79202676
0.79202676
0.79202676
0.79202676
0.79202676
0.79202676
0.79202676
0.79202676
0.79202676
0.79202676
0.79202676
0.79202676
0.79202676
0.79202676
0.79202676
0.79202676
0.79202676
0.79202676
0.79202676
0.79202676
0.79202676
0.79202676
0.79202676
0.79202676
0.79202676
0.79202676
0.79202676
0.79202676
0.79202676
0.79202676
0.79202676
0.79202676
0.79202676
0.79202676
0.79202676
0.79202676
0.79202676
0.79202676
0.79202676
0.79202676
0.79202676
0.79202676
0.79202676
0.79202676
0.79202676
0.79202676
0.79202676
0.79202676
0.79202676
0.79202676
0.79202676
0.79202676
0.79202676
0.79202676
0.79202676
0.79202676
0.79202676
0.79202676
0.79202676
0.79202676
0.79202676
0.79202676
0.79202676
0.79202676
0.79202676
0.79202676
0.79202676
0.79202676
0.79202676
0.79202676
0.79202676
0.79202676
0.79202676
0.79202676
0.79202676
0.79202676
0.79202676
0.79202676
0.79202676
0.79202676
0.79202676
0.79202676
0.79202676
0.79202676
0.79202676
0.79202676
0.79202676
0.79202676
0.79202676
0.79202676
0.79202676
0.79202676
0.79202676
0.79202676
0.79202676
0.79202676
0.79202676
0.79202676
0.79202676
0.79202676
0.79202676
0.79202676
0.79202676
0.79202676
0.79202676
0.79202676
0.79202676
0.79202676
0.79202676
0.79202676
0.79202676
0.79202676
0.79202676
0.79202676
0.79202676
0.79202676
0.79202676
0.79202676
0.79202676
0.79202676
0.79202676
0.79202676
0.79202676
0.79202676
0.79202676
0.79202676
0.79202676
0.79202676
0.79202676
0.79202676
0.79202676
0.79202676
0.79202676
0.79202676
0.79202676
0.79202676
0.79202676
0.79202676
0.79202676
0.79202676
0.79202676
0.79202676
0.79202676
0.79202676
0.79202676
0.79202676
0.79202676
0.79202676
0.79202676
0.79202676
0.79202676
0.79202676
0.79202676
0.79202676
0.79202676
0.79202676
0.79202676
0.79202676
0.79202676
0.79202676
0.79202676
0.79202676
0.79202676
0.79202676
0.79202676
0.79202676
0.79202676
0.79202676
0.79202676
0.79202676
0.79202676
0.79202676
0.79202676
0.79202676
0.79202676
0.79202676
0.79202676
0.79202676
0.79202676
0.79202676
0.79202676
0.79202676
0.79202676
0.79202676
0.79202676
0.79202676
0.79202676
0.79202676
0.79202676
0.79202676
0.79202676
0.79202676
0.79202676
0.79202676
0.79202676
0.79202676
0.79202676
0.79202676
0.79202676
0.79202676
0.79202676
0.79202676
0.79202676
0.79202676
0.79202676
0.79202676
0.79202676
0.79202676
0.79202676
0.79202676
0.79202676
0.79202676
0.79202676
0.79202676
0.79202676
0.79202676
0.79202676
0.79202676
0.79202676
0.79202676
0.79202676
0.79202676
0.79202676
0.79202676
0.79202676
0.79202676
0.79202676
0.79202676
0.79202676
0.79202676
0.79202676
0.79202676
0.79202676
0.79202676
0.79202676
0.79202676
0.79202676
0.79202676
0.79202676
0.79202676
0.79202676
0.79202676
0.79202676
0.79202676
0.79202676
0.79202676
0.79202676
0.79202676
0.79202676
0.79202676
0.79202676
0.79202676
0.79202676
0.79202676
0.79202676
0.79202676
0.79202676
0.79202676
0.79202676
0.79202676
0.79202676
0.79202676
0.79202676
0.79202676
0.79202676
0.79202676
0.79202676
0.79202676
0.79202676
0.79202676
0.79202676
0.79202676
0.79202676
0.79202676
0.79202676
0.79202676
0.79202676
0.79202676
0.79202676
0.79202676
0.79202676
0.79202676
0.79202676
0.79202676
0.79202676
0.79202676
0.79202676
0.79202676
0.79202676
0.79202676
0.79202676
0.79202676
0.79202676
0.79202676
0.79202676
0.79202676
0.79202676
0.79202676
0.79202676
0.79202676
0.79202676
0.79202676
0.79202676
0.79202676
0.79202676
0.79202676
0.79202676
0.79202676
0.79202676
0.79202676
0.79202676
0.79202676
0.79202676
0.79202676
0.79202676
0.79202676
0.79202676
0.79202676
0.79202676
0.79202676
0.79202676
0.79202676
0.79202676
0.79202676
0.79202676
0.79202676
0.79202676
0.79202676
0.79202676
0.79202676
0.79202676
0.79202676
0.79202676
0.79202676
0.79202676
0.79202676
0.79202676
0.79202676
0.79202676
0.79202676
0.79202676
0.79202676
0.79202676
0.79202676
0.79202676
0.79202676
0.79202676
0.79202676
0.79202676
0.79202676
0.79202676
0.79202676
0.79202676
0.79202676
0.79202676
0.79202676
0.79202676
0.79202676
0.79202676
0.79202676
0.79202676
0.79202676
0.79202676
0.79202676
0.79202676
0.79202676
0.79202676
0.79202676
0.79202676
0.79202676
0.79202676
0.79202676
0.79202676
0.79202676
0.79202676
0.79202676
0.79202676
0.79202676
0.79202676
0.79202676
0.79202676
0.79202676
0.79202676
0.79202676
0.79202676
0.79202676
0.79202676
0.79202676
0.79202676
0.79202676
0.79202676
0.79202676
