0.1555989
0.259901
0.27764437
0.29053515
0.29594848
0.29759526
0.30973166
0.3292574
0.2746418
0.31193638
0.31051114
0.3399294
0.30971864
0.35091814
0.28798336
0.32300374
0.30561504
0.32411095
0.3561441
0.28488904
0.31968293
0.3661179
0.36613473
0.35854787
0.3619644
0.38246617
0.31523722
0.34405103
0.35924572
0.35521403
0.34316707
0.4023757
0.3591684
0.36020344
0.40862814
0.3834203
0.41653007
0.37869018
0.3826538
0.4152103
0.40600052
0.38609153
0.41860256
0.3977154
0.40909863
0.41400498
0.41727138
0.41526467
0.4248281
0.30786455
0.32911354
0.41527587
0.3899352
0.32299381
0.37843922
0.42321372
0.39285532
0.4090624
0.39111793
0.41056305
0.38379467
0.41543946
0.3905745
0.4057145
0.41960543
0.40304637
0.4138619
0.38634247
0.39596805
0.42160052
0.38609454
0.42272973
0.38616925
0.39871413
0.42364922
0.42135534
0.41845408
0.4033281
0.4032394
0.42781538
0.34493944
0.3952096
0.2855725
0.3487417
0.35765755
0.37053394
0.35233253
0.34159502
0.38364482
0.37985983
0.41948986
0.4073859
0.4178347
0.3492982
0.37716597
0.42057195
0.37890714
0.38749737
0.39914513
0.42465004
0.4092957
0.43238887
0.41906554
0.38252068
0.40297428
0.40106255
0.40569454
0.4332777
0.34026116
0.36236423
0.35197103
0.33211046
0.42868495
0.40012035
0.38808095
0.4087471
0.42529577
0.3933629
0.42391834
0.43302387
0.43097037
0.42504352
0.3874318
0.42869037
0.40175754
0.4371527
0.40591112
0.4020843
0.44118485
0.37673873
0.40873137
0.40058684
0.425102
0.41767964
0.44793758
0.39252982
0.39087337
0.3999755
0.4429246
0.40716094
0.41908598
0.44030756
0.43701857
0.4057575
0.3728203
0.43683305
0.4135332
0.41328478
0.42855197
0.42648035
0.44779634
0.363703
0.37887293
0.3988629
0.43614608
0.43832284
0.4463995
0.4132576
0.40631914
0.4258793
0.42048082
0.42966175
0.43485492
0.42347822
0.43478712
0.44006214
0.433369
0.44204015
0.41556302
0.4167583
0.4493169
0.3717614
0.3699186
0.39222482
0.39875364
0.41182366
0.45294452
0.27221054
0.3261101
0.40978828
0.41997457
0.34423882
0.4508105
0.4084828
0.44036517
0.4495216
0.39511687
0.41648006
0.42078972
0.45253175
0.452396
0.4522008
0.42766142
0.40026602
0.46116525
0.39249894
0.43527126
0.45324364
0.50490075
0.4266768
0.66957134
0.5948693
0.6872956
0.652917
0.7070475
0.70438814
0.59781814
0.71022415
0.71500653
0.55058116
0.67457473
0.7269729
0.563436
0.7303604
0.57535636
0.5544164
0.5431024
0.6001815
0.6765672
0.7345222
0.73764884
0.66052943
0.67267436
0.66840094
0.72885007
0.6264709
0.67456925
0.6805163
0.7366775
0.7407773
0.68798554
0.7404257
0.6768699
0.742299
0.41008323
0.59528226
0.7240312
0.58119357
0.693548
0.7431901
0.671017
0.67124337
0.7065719
0.7368034
0.73965037
0.6773583
0.7473542
0.7443253
0.67894614
0.6812675
0.745916
0.7489015
0.5111613
0.58982843
0.64316356
0.65423757
0.59269536
0.6503211
0.65996593
0.71415174
0.6733931
0.7354536
0.54081434
0.622995
0.74268067
0.628793
0.691737
0.7464496
0.6078557
0.6353755
0.7509327
0.6410697
0.70484006
0.7479586
0.7530553
0.75514007
0.7164735
0.7568018
0.75671303
0.75660926
0.7104469
0.7176994
0.68331563
0.7493344
0.75284755
0.688434
0.75660926
0.68762493
0.75882787
0.4218584
0.5209311
0.66781294
0.7240214
0.5027928
0.6419401
0.74603206
0.6190464
0.6918007
0.70880795
0.75268936
0.7487854
0.7531606
0.75526756
0.7571279
0.75433385
0.68392724
0.75867516
0.62103945
0.7058164
0.7380444
0.70698136
0.7476907
0.6738847
0.7445114
0.7510894
0.7578832
0.7586414
0.6907338
0.75945413
0.70660794
0.75733936
0.6983295
0.75202864
0.69573146
0.694038
0.7587206
0.75955796
0.49762917
0.55705416
0.680414
0.6638298
0.73235023
0.6768403
0.6819915
0.7426218
0.6797
0.7458089
0.6374486
0.6998669
0.7559677
0.7467405
0.61823934
0.61307544
0.6737759
0.61103797
0.68108976
0.7503549
0.6941052
0.75494045
0.7175011
0.74920666
0.7596364
0.65247875
0.7175458
0.7596588
0.7596588
0.7596588
0.7596588
0.7596588
0.7596588
0.7596588
0.7596588
0.7596588
0.7596588
0.7596588
0.7596588
0.7596588
0.7596588
0.7596588
0.7596588
0.7596588
0.7596588
0.7596588
0.7596588
0.7596588
0.7596588
0.7596588
0.7596588
0.7596588
0.7596588
0.7596588
0.7596588
0.7596588
0.7596588
0.7596588
0.7596588
0.7596588
0.7596588
0.7596588
0.7596588
0.7596588
0.7596588
0.7596588
0.7596588
0.7596588
0.7596588
0.7596588
0.7596588
0.7596588
0.7596588
0.7596588
0.7596588
0.7596588
0.7596588
0.7596588
0.7596588
0.7596588
0.7596588
0.7596588
0.7596588
0.7596588
0.7596588
0.7596588
0.7596588
0.7596588
0.7596588
0.7596588
0.7596588
0.7596588
0.7596588
0.7596588
0.7596588
0.7596588
0.7596588
0.7596588
0.7596588
0.7596588
0.7596588
0.7596588
0.7596588
0.7596588
0.7596588
0.7596588
0.7596588
0.7596588
0.7596588
0.7596588
0.7596588
0.7596588
0.7596588
0.7596588
0.7596588
0.7596588
0.7596588
0.7596588
0.7596588
0.7596588
0.7596588
0.7596588
0.7596588
0.7596588
0.7596588
0.7596588
0.7596588
0.7596588
0.7596588
0.7596588
0.7596588
0.7596588
0.7596588
0.7596588
0.7596588
0.7596588
0.7596588
0.7596588
0.7596588
0.7596588
0.7596588
0.7596588
0.7596588
0.7596588
0.7596588
0.7596588
0.7596588
0.7596588
0.7596588
0.7596588
0.7596588
0.7596588
0.7596588
0.7596588
0.7596588
0.7596588
0.7596588
0.7596588
0.7596588
0.7596588
0.7596588
0.7596588
0.7596588
0.7596588
0.7596588
0.7596588
0.7596588
0.7596588
0.7596588
0.7596588
0.7596588
0.7596588
0.7596588
0.7596588
