0.67073685
0.67073685
0.67453384
0.67453384
0.67585635
0.72137
0.72137
0.7289951
0.7289951
0.7289951
0.7289951
0.7289951
0.7289951
0.7289951
0.7289951
0.7289951
0.7289951
0.72924185
0.72924185
0.72924185
0.72924185
0.734544
0.734544
0.734544
0.734544
0.73670566
0.73670566
0.73670566
0.73670566
0.73670566
0.73670566
0.73670566
0.73670566
0.73670566
0.73670566
0.73670566
0.73670566
0.73670566
0.73670566
0.73670566
0.73670566
0.73670566
0.73881316
0.73881316
0.7548309
0.7548309
0.7548309
0.7548309
0.7548309
0.7548309
0.7548309
0.7548309
0.7548309
0.7548309
0.7548309
0.7548309
0.7548309
0.7548309
0.7548309
0.7548309
0.7548309
0.7548309
0.7548309
0.7548309
0.7548309
0.7548309
0.7548309
0.7548309
0.7548309
0.7548309
0.7548309
0.7548309
0.7548309
0.7548309
0.7548309
0.7548309
0.7548309
0.7548309
0.7548309
0.7548309
0.7548309
0.7548309
0.7548309
0.7548309
0.7548309
0.7548309
0.7548309
0.7548309
0.7548309
0.7548309
0.7548309
0.7548309
0.7548309
0.7548309
0.7595214
0.7595214
0.7595214
0.7595214
0.7595214
0.7595214
0.7595214
0.7595214
0.7595214
0.7595214
0.7595214
0.7595214
0.7595214
0.7595214
0.7595214
0.7595214
0.7595214
0.7595214
0.7595214
0.7595214
0.7595214
0.7595214
0.7595214
0.7595214
0.7595214
0.7595214
0.7595214
0.7595214
0.7595214
0.7595214
0.7595214
0.7595214
0.7595214
0.7595388
0.7595388
0.7595388
0.7595388
0.7595388
0.7595388
0.7595388
0.7595388
0.7595388
0.7595388
0.7595388
0.7595388
0.7595388
0.7595388
0.7595388
0.76055974
0.76055974
0.76055974
0.76055974
0.76055974
0.76055974
0.76055974
0.76055974
0.76055974
0.76055974
0.76055974
0.76055974
0.76055974
0.76055974
0.76055974
0.76055974
0.76055974
0.76055974
0.76055974
0.76055974
0.76055974
0.76055974
0.76055974
0.76055974
0.76055974
0.76055974
0.76055974
0.76055974
0.76055974
0.76055974
0.76055974
0.76055974
0.76055974
0.76055974
0.76055974
0.76055974
0.76055974
0.76055974
0.76055974
0.76055974
0.76055974
0.76055974
0.76055974
0.76055974
0.76055974
0.76055974
0.76055974
0.76055974
0.76055974
0.76055974
0.76055974
0.76055974
0.76055974
0.76055974
0.76055974
0.76055974
0.76055974
0.76055974
0.76055974
0.76055974
0.76055974
0.76055974
0.76055974
0.76055974
0.76055974
0.76055974
0.76055974
0.76055974
0.76055974
0.76055974
0.76055974
0.76055974
0.76055974
0.76055974
0.76055974
0.76055974
0.76055974
0.76055974
0.76055974
0.76055974
0.76055974
0.76055974
0.76055974
0.76055974
0.76055974
0.76055974
0.76055974
0.76055974
0.76055974
0.76055974
0.76055974
0.76055974
0.760728
0.760728
0.760728
0.760728
0.760728
0.760728
0.760728
0.760728
0.760728
0.760728
0.760728
0.760728
0.760728
0.760728
0.760728
0.760728
0.760728
0.760728
0.760728
0.760728
0.760728
0.760728
0.760728
0.760728
0.760728
0.760728
0.760728
0.760728
0.760728
0.760728
0.760728
0.760728
0.760728
0.760728
0.760728
0.760728
0.760728
0.760728
0.760728
0.760728
0.760728
0.760728
0.760728
0.760728
0.760728
0.760728
0.76080734
0.76080734
0.76080734
0.76080734
0.76080734
0.76080734
0.76080734
0.76080734
0.76080734
0.76080734
0.76080734
0.76080734
0.76080734
0.76080734
0.76080734
0.76080734
0.76080734
0.76080734
0.76080734
0.76080734
0.76080734
0.76080734
0.76080734
0.76080734
0.76080734
0.76080734
0.76080734
0.76080734
0.76080734
0.76080734
0.76080734
0.76080734
0.76080734
0.76080734
0.76080734
0.76080734
0.76080734
0.76080734
0.76080734
0.76080734
0.76080734
0.76080734
0.76080734
0.76080734
0.76080734
0.76080734
0.76080734
0.76080734
0.76080734
0.76080734
0.76080734
0.76080734
0.76080734
0.76080734
0.76080734
0.76080734
0.76080734
0.76080734
0.76080734
0.76080734
0.76080734
0.76080734
0.76080734
0.76080734
0.76080734
0.76080734
0.76080734
0.76080734
0.76080734
0.76080734
0.76080734
0.76080734
0.76080734
0.76080734
0.76080734
0.76080734
0.76080734
0.76080734
0.76080734
0.76080734
0.76080734
0.76080734
0.76080734
0.76080734
0.76080734
0.76080734
0.76080734
0.76080734
0.76080734
0.76080734
0.76080734
0.76080734
0.76080734
0.76080734
0.76080734
0.76080734
0.76080734
0.76080734
0.76080734
0.76080734
0.76080734
0.760831
0.760831
0.760831
0.760831
0.760831
0.760831
0.760831
0.7674029
0.7674029
0.7674029
0.7674029
0.7674029
0.7674029
0.7674029
0.7674029
0.7674029
0.7674029
0.7674029
0.7674029
0.7674029
0.7674029
0.7674029
0.7674029
0.7674029
0.7674029
0.7674029
0.7674029
0.7674029
0.7674029
0.7674029
0.7674029
0.7674029
0.7674029
0.7674029
0.7674029
0.7674029
0.7674029
0.7674029
0.76753765
0.76753765
0.76753765
0.76753765
0.76753765
0.76753765
0.76753765
0.76753765
0.76753765
0.7920269
0.7920269
0.7920269
0.7920269
0.7920269
0.7920269
0.7920269
0.7920269
0.7920269
0.7920269
0.7920269
0.7920269
0.7920269
0.7920269
0.7920269
0.7920269
0.7920269
0.7920269
0.7920269
0.7920269
0.7920269
0.7920269
0.7920269
0.7920269
0.7920269
0.7920269
0.7920269
0.7920269
0.7920269
0.7920269
0.7920269
0.7920269
0.7920269
0.7920269
0.7920269
0.7920269
0.7920269
0.7920269
0.7920269
0.7920269
0.7920269
0.7920269
0.7920269
0.7920269
0.7920269
0.7920269
0.7920269
0.7920269
0.7920269
0.7920269
0.7920269
0.7920269
0.7920269
0.7920269
0.7920269
0.7920269
0.7920269
0.7920269
0.7920269
0.7920269
0.7920269
0.7920269
0.7920269
0.7920269
0.7920269
0.7920269
0.7920269
0.7920269
0.7920269
0.7920269
0.7920269
0.7920269
0.7920269
